41
-0.288420 0.911157 2.796193 -0.317005 0.742272 2.815789 -0.515168 0.635966 2.831609 -0.191264 0.784678 2.875776 -0.527843 0.410251 2.805584 -0.130312 0.529935 2.887798 -0.531594 0.200774 2.887798 -0.080244 0.270992 2.775399 -0.528404 0.118952 2.778913 -0.049939 0.126169 2.854828 -0.288419 0.492602 2.829486 -0.282217 0.443935 2.834479 -0.346997 0.343709 2.805915 -0.197980 0.370070 2.865304 -0.394954 -0.054667 2.912753 -0.242428 -0.020655 2.852165 -0.360988 -0.245287 3.033581 -0.233692 -0.311715 2.899445 -0.348905 -0.289686 2.960734 -0.221609 -0.356114 2.826598 
-0.284378 0.914464 2.782386 -0.311591 0.741055 2.799527 -0.486678 0.624613 2.790215 -0.187584 0.770814 2.855606 -0.523215 0.396607 2.778940 -0.124694 0.515466 2.853937 -0.527990 0.200064 2.853937 -0.072920 0.256858 2.754407 -0.524075 0.120958 2.756749 -0.042759 0.126076 2.828763 -0.281829 0.486786 2.811958 -0.275626 0.436279 2.816798 -0.335261 0.338776 2.781689 -0.196030 0.367070 2.855984 -0.383609 -0.056411 2.880794 -0.251028 -0.070327 2.851812 -0.363659 -0.255846 3.015987 -0.242251 -0.370992 2.902233 -0.345837 -0.299777 2.944019 -0.224428 -0.414924 2.830265 
-0.292463 0.908193 2.748352 -0.302633 0.741666 2.788190 -0.494451 0.620504 2.783722 -0.178773 0.765435 2.836033 -0.520617 0.396264 2.763204 -0.120341 0.509768 2.839026 -0.522954 0.201007 2.839026 -0.067205 0.251767 2.713769 -0.514568 0.121872 2.699303 -0.039229 0.124424 2.811903 -0.277799 0.484326 2.793501 -0.272839 0.432837 2.796209 -0.337424 0.335598 2.766541 -0.191193 0.358860 2.818094 -0.383336 -0.072455 2.833615 -0.247665 -0.074735 2.847699 -0.365626 -0.266358 2.952165 -0.233701 -0.310222 2.882351 -0.352285 -0.310323 2.878764 -0.220359 -0.354188 2.808950 
-0.294843 0.907166 2.741398 -0.300163 0.736630 2.768114 -0.494930 0.619883 2.772548 -0.175608 0.764155 2.826167 -0.517836 0.403592 2.744816 -0.109528 0.510173 2.823899 -0.519316 0.206829 2.823899 -0.061652 0.251421 2.685090 -0.511554 0.124510 2.673701 -0.033536 0.125821 2.784705 -0.276002 0.482663 2.773724 -0.271115 0.431874 2.776947 -0.334746 0.333320 2.739726 -0.190722 0.358389 2.810610 -0.382008 -0.016908 2.780061 -0.234561 -0.056043 2.809785 -0.367642 -0.240834 2.866456 -0.230255 -0.310611 2.879341 -0.354082 -0.284710 2.793319 -0.216694 -0.354487 2.806205 
-0.293189 0.902841 2.723801 -0.293736 0.735524 2.753651 -0.496864 0.614555 2.766079 -0.171340 0.757740 2.798192 -0.510028 0.408843 2.723325 -0.104334 0.504387 2.796994 -0.515590 0.208096 2.796994 -0.054242 0.246345 2.669260 -0.498190 0.124632 2.622900 -0.030421 0.124824 2.767682 -0.271492 0.479641 2.759444 -0.266951 0.428457 2.762345 -0.333333 0.331973 2.733848 -0.185090 0.353573 2.786967 -0.374679 -0.050041 2.761213 -0.239859 -0.081788 2.803631 -0.387234 -0.255956 2.861585 -0.228842 -0.384074 2.874514 -0.378833 -0.300024 2.787978 -0.220441 -0.428143 2.800906 
-0.291609 0.900329 2.707353 -0.288054 0.731565 2.733025 -0.485783 0.603801 2.739156 -0.170426 0.757968 2.783588 -0.506158 0.407231 2.706522 -0.103220 0.504501 2.775512 -0.504169 0.215022 2.775512 -0.052862 0.246867 2.628269 -0.497467 0.128421 2.599724 -0.019582 0.126656 2.751248 -0.263813 0.474896 2.740432 -0.258858 0.423570 2.743747 -0.321337 0.329659 2.718063 -0.180978 0.351120 2.769906 -0.362553 -0.050344 2.725607 -0.235293 -0.083182 2.796142 -0.384199 -0.269933 2.797119 -0.228867 -0.384012 2.874118 -0.372534 -0.313854 2.724058 -0.217203 -0.427933 2.801057 
-0.291135 0.892403 2.673163 -0.282736 0.729172 2.719857 -0.455736 0.610864 2.707010 -0.164568 0.746746 2.761229 -0.503142 0.407080 2.699863 -0.097700 0.494013 2.760506 -0.502992 0.220504 2.760506 -0.045798 0.236935 2.617883 -0.493878 0.136160 2.576836 -0.024182 0.169397 2.740247 -0.260667 0.465909 2.725400 -0.256090 0.412969 2.727840 -0.316102 0.323826 2.699515 -0.182744 0.344111 2.757539 -0.354930 -0.046214 2.702713 -0.221367 -0.093949 2.792112 -0.373405 -0.271590 2.759404 -0.230710 -0.384194 2.874588 -0.358562 -0.315327 2.686569 -0.215867 -0.427931 2.801754 
-0.287969 0.892695 2.665680 -0.280456 0.727312 2.696604 -0.455255 0.610381 2.703911 -0.143288 0.696654 2.744381 -0.498052 0.404954 2.684490 -0.080742 0.442758 2.748735 -0.497415 0.223607 2.748735 -0.034334 0.199256 2.603878 -0.488341 0.139903 2.555419 -0.011628 0.128084 2.697002 -0.259971 0.458021 2.703138 -0.255732 0.404091 2.705885 -0.318956 0.318194 2.680197 -0.180159 0.334382 2.730833 -0.349711 -0.080704 2.665424 -0.214411 -0.101722 2.785172 -0.360414 -0.300221 2.757283 -0.238288 -0.391211 2.869474 -0.349376 -0.344264 2.683912 -0.227251 -0.435253 2.796103 
-0.286317 0.894048 2.650731 -0.278644 0.725786 2.686985 -0.466061 0.607718 2.695308 -0.154641 0.724213 2.727640 -0.495554 0.404418 2.671682 -0.083606 0.472754 2.730158 -0.490666 0.226236 2.730158 -0.027233 0.216770 2.581858 -0.479504 0.143120 2.538188 -0.003511 0.130370 2.678010 -0.258855 0.463113 2.688558 -0.254746 0.411133 2.688865 -0.319315 0.321488 2.664771 -0.177999 0.343248 2.708567 -0.322029 -0.017144 2.647085 -0.195222 -0.055822 2.747623 -0.352413 -0.263890 2.670968 -0.239086 -0.330355 2.840975 -0.344084 -0.307502 2.597387 -0.230757 -0.373967 2.767394 
-0.284674 0.889216 2.618654 -0.275208 0.721717 2.662014 -0.471291 0.602860 2.687700 -0.155676 0.728323 2.704820 -0.493144 0.402056 2.655715 -0.084062 0.476755 2.699877 -0.487637 0.222060 2.699877 -0.025442 0.221309 2.573240 -0.474660 0.143578 2.531486 -0.003314 0.131937 2.660086 -0.257819 0.456122 2.668550 -0.254196 0.403309 2.670041 -0.321439 0.314094 2.649441 -0.175854 0.332959 2.688024 -0.321522 -0.023212 2.631577 -0.197503 -0.084682 2.746573 -0.343146 -0.266445 2.636816 -0.237198 -0.349381 2.843044 -0.338132 -0.310381 2.563436 -0.232184 -0.393318 2.769665 
-0.281213 0.889497 2.602103 -0.271627 0.725319 2.641706 -0.471104 0.601996 2.680308 -0.153435 0.727519 2.698857 -0.490436 0.402301 2.647609 -0.079610 0.476463 2.686457 -0.483932 0.222290 2.686457 -0.024086 0.221055 2.565758 -0.469743 0.137625 2.520005 -0.001388 0.136263 2.617664 -0.254545 0.457024 2.650269 -0.251007 0.403524 2.652527 -0.319039 0.314484 2.633426 -0.172590 0.333077 2.671536 -0.315083 -0.081139 2.586534 -0.198844 -0.105695 2.743888 -0.336936 -0.338093 2.614368 -0.240834 -0.345640 2.830794 -0.331353 -0.382186 2.541075 -0.235252 -0.389734 2.757500 
-0.278292 0.886315 2.585683 -0.269586 0.721473 2.629893 -0.469852 0.602239 2.667889 -0.148737 0.718133 2.675864 -0.488141 0.399859 2.638218 -0.074552 0.467936 2.672513 -0.481366 0.217470 2.672513 -0.022260 0.218372 2.555488 -0.469009 0.135977 2.518706 0.000684 0.130967 2.609325 -0.254121 0.451917 2.635564 -0.251028 0.398066 2.636881 -0.320211 0.310101 2.618525 -0.172804 0.327838 2.653482 -0.311778 -0.077256 2.576896 -0.186047 -0.058651 2.708063 -0.305121 -0.400644 2.576164 -0.230299 -0.322407 2.820640 -0.302413 -0.444532 2.502828 -0.227591 -0.366295 2.747304 
-0.277297 0.885257 2.569824 -0.268881 0.715193 2.607863 -0.466642 0.590890 2.637318 -0.108197 0.667076 2.647887 -0.482586 0.394903 2.622373 -0.053713 0.412187 2.650898 -0.480071 0.211068 2.650898 -0.019168 0.216553 2.550929 -0.468765 0.130220 2.518027 -0.000468 0.128459 2.580093 -0.256022 0.443058 2.615083 -0.253394 0.388656 2.616732 -0.326940 0.302213 2.604074 -0.170914 0.308507 2.623967 -0.310069 -0.095132 2.553828 -0.186516 -0.086236 2.714011 -0.293427 -0.419259 2.524976 -0.227253 -0.345046 2.827161 -0.290108 -0.463258 2.451674 -0.223934 -0.389045 2.753858 
-0.276857 0.877413 2.540144 -0.269383 0.710808 2.584547 -0.464117 0.588896 2.625595 -0.115159 0.671499 2.628886 -0.478674 0.392665 2.609143 -0.053415 0.417382 2.623799 -0.479752 0.202099 2.623799 -0.017639 0.211996 2.546850 -0.471832 0.113907 2.516898 0.000145 0.127885 2.553399 -0.256593 0.437735 2.597434 -0.254006 0.383143 2.600394 -0.327153 0.299088 2.594693 -0.172694 0.305992 2.608813 -0.304409 -0.104799 2.538063 -0.187605 -0.092960 2.709066 -0.288517 -0.393533 2.485964 -0.223536 -0.331640 2.815251 -0.286415 -0.438011 2.412818 -0.221434 -0.376118 2.742105 
-0.278608 0.874327 2.526547 -0.268754 0.706997 2.563719 -0.432197 0.657257 2.553047 -0.107806 0.652991 2.608297 -0.472416 0.405569 2.590843 -0.049027 0.398454 2.602741 -0.480518 0.201245 2.602741 -0.014317 0.209158 2.546636 -0.474042 0.111003 2.517210 0.001931 0.125565 2.533740 -0.257841 0.439321 2.574010 -0.255350 0.385878 2.576680 -0.325086 0.308653 2.562411 -0.178485 0.311680 2.588358 -0.294563 -0.065970 2.529850 -0.185286 -0.092929 2.691975 -0.266303 -0.380540 2.453984 -0.221451 -0.334454 2.814348 -0.252024 -0.424334 2.381926 -0.207171 -0.378248 2.742290 
-0.273889 0.865985 2.504091 -0.266345 0.702081 2.547507 -0.421122 0.658956 2.532442 -0.113184 0.629720 2.573138 -0.470085 0.411150 2.578491 -0.044966 0.379744 2.586853 -0.483561 0.192513 2.586853 -0.011910 0.192132 2.542514 -0.479880 0.097801 2.519544 -0.000850 0.119689 2.505798 -0.260044 0.419559 2.553228 -0.258852 0.361895 2.554343 -0.326302 0.301351 2.556055 -0.189020 0.284934 2.552784 -0.253913 -0.082713 2.541728 -0.190007 -0.113499 2.659873 -0.250106 -0.390923 2.416002 -0.217832 -0.331056 2.801895 -0.238561 -0.434501 2.343446 -0.206287 -0.374633 2.729340 
-0.275719 0.858774 2.474970 -0.267297 0.699145 2.521263 -0.420212 0.657787 2.523123 -0.112889 0.639496 2.559635 -0.467842 0.407750 2.560723 -0.045250 0.388304 2.563070 -0.484598 0.185514 2.563070 -0.015058 0.194395 2.538408 -0.483299 0.088863 2.524297 -0.000857 0.113857 2.495712 -0.262794 0.414448 2.537314 -0.261629 0.357208 2.540977 -0.330085 0.291638 2.539875 -0.191270 0.283984 2.543629 -0.255032 -0.086649 2.523367 -0.190002 -0.118017 2.646539 -0.241763 -0.395630 2.399513 -0.211171 -0.311681 2.781916 -0.231596 -0.439999 2.327211 -0.201005 -0.356050 2.709614 
-0.280292 0.857028 2.458548 -0.263397 0.691976 2.492759 -0.422235 0.666259 2.484812 -0.109058 0.636752 2.539153 -0.464610 0.417268 2.529499 -0.046878 0.383617 2.533500 -0.490798 0.175128 2.533500 -0.013804 0.191908 2.532986 -0.486158 0.077963 2.525003 0.000131 0.107933 2.465462 -0.263646 0.413897 2.511096 -0.263314 0.358050 2.515463 -0.333299 0.290949 2.508623 -0.193219 0.283221 2.526517 -0.275115 -0.107848 2.474615 -0.191235 -0.121342 2.618162 -0.241887 -0.424439 2.382668 -0.208616 -0.315245 2.780085 -0.227796 -0.468925 2.311113 -0.194524 -0.359731 2.708530 
-0.279452 0.850171 2.436412 -0.263527 0.688078 2.474189 -0.425123 0.663730 2.466902 -0.107275 0.622458 2.514493 -0.465826 0.414262 2.510047 -0.044736 0.370724 2.521354 -0.493171 0.155447 2.521354 -0.016703 0.181462 2.518089 -0.489197 0.083656 2.523458 0.000191 0.101368 2.449057 -0.264273 0.411250 2.487391 -0.264168 0.355859 2.491074 -0.335410 0.288211 2.494581 -0.192348 0.278979 2.486275 -0.269956 -0.153513 2.438473 -0.182826 -0.142676 2.628672 -0.238006 -0.459897 2.373619 -0.203907 -0.316057 2.772700 -0.225546 -0.504073 2.301574 -0.191447 -0.360233 2.700655 
-0.282087 0.850117 2.410294 -0.270902 0.683926 2.446947 -0.420685 0.658123 2.441269 -0.107930 0.622601 2.495451 -0.466047 0.412764 2.495189 -0.045354 0.370379 2.494903 -0.496235 0.155461 2.494903 -0.015553 0.181077 2.513519 -0.494965 0.063187 2.521226 0.000781 0.100440 2.438869 -0.268023 0.405228 2.461508 -0.267226 0.349461 2.465581 -0.337408 0.283091 2.459848 -0.194717 0.274932 2.473482 -0.282494 -0.105434 2.427789 -0.239893 -0.152228 2.482792 -0.238792 -0.427054 2.372571 -0.190157 -0.308625 2.741113 -0.224605 -0.471177 2.300943 -0.175970 -0.352748 2.669485 
-0.276942 0.848241 2.391535 -0.269450 0.682376 2.427315 -0.420620 0.654046 2.425128 -0.103721 0.614413 2.468711 -0.468370 0.407632 2.473238 -0.046128 0.361051 2.466135 -0.501478 0.152597 2.466135 -0.013168 0.171709 2.503849 -0.504427 0.064312 2.510808 -0.001992 0.104094 2.399282 -0.266590 0.406166 2.434949 -0.265840 0.351021 2.437625 -0.335935 0.284552 2.440656 -0.194343 0.273494 2.432401 -0.279813 -0.042028 2.414537 -0.240374 -0.152079 2.476804 -0.241875 -0.366249 2.371125 -0.198442 -0.319933 2.732748 -0.230054 -0.409975 2.298815 -0.178978 -0.263297 2.691837 
-0.275614 0.853579 2.362686 -0.269766 0.681124 2.393139 -0.423363 0.649458 2.395179 -0.107348 0.616527 2.442769 -0.469482 0.402187 2.440527 -0.044476 0.365568 2.449940 -0.504494 0.149070 2.449940 -0.012863 0.177052 2.479199 -0.509049 0.055670 2.500869 0.000128 0.102361 2.393698 -0.263090 0.403193 2.403897 -0.261611 0.347641 2.407443 -0.330003 0.280279 2.401973 -0.190141 0.271969 2.413378 -0.270719 -0.045753 2.388021 -0.234875 -0.136774 2.448762 -0.235015 -0.371866 2.360030 -0.193174 -0.297988 2.686708 -0.222336 -0.415721 2.288007 -0.179350 -0.241300 2.643710 
-0.275594 0.854266 2.338845 -0.267587 0.681802 2.366215 -0.430778 0.649981 2.375816 -0.111799 0.620787 2.413771 -0.471587 0.403077 2.425119 -0.042350 0.371079 2.414275 -0.509323 0.150269 2.414275 -0.011250 0.178789 2.453971 -0.516960 0.075109 2.453774 0.006324 0.101525 2.375495 -0.261098 0.413853 2.373790 -0.259648 0.360593 2.376438 -0.327460 0.291031 2.373935 -0.188554 0.284732 2.380718 -0.242815 -0.028777 2.350330 -0.233281 -0.135364 2.433978 -0.227293 -0.356801 2.348021 -0.186001 -0.290465 2.650175 -0.216890 -0.400481 2.275595 -0.172186 -0.233814 2.607206 
-0.286259 0.852207 2.309770 -0.270404 0.681065 2.347460 -0.426714 0.645402 2.355953 -0.111577 0.609141 2.392094 -0.473585 0.395251 2.387265 -0.042662 0.359290 2.390634 -0.507035 0.159020 2.390634 -0.009988 0.170041 2.425721 -0.516655 0.074359 2.433361 0.012231 0.105784 2.350502 -0.263940 0.405691 2.348762 -0.262362 0.350457 2.349230 -0.329576 0.283187 2.347594 -0.191698 0.274273 2.346886 -0.280579 -0.099788 2.347438 -0.231805 -0.148326 2.421915 -0.233598 -0.425469 2.340573 -0.180332 -0.293740 2.633321 -0.223204 -0.468706 2.267924 -0.166523 -0.237114 2.590369 
-0.285719 0.849617 2.261812 -0.270656 0.679682 2.299356 -0.429775 0.636293 2.291302 -0.105851 0.602135 2.349332 -0.472655 0.385321 2.320942 -0.037757 0.351521 2.332290 -0.506935 0.160553 2.332290 0.006395 0.164684 2.339501 -0.509881 0.070748 2.332718 0.026559 0.105312 2.294847 -0.263925 0.402128 2.298278 -0.261725 0.346743 2.296324 -0.329513 0.274749 2.281940 -0.189979 0.269656 2.303107 -0.338445 -0.066930 2.326388 -0.214282 -0.143461 2.370702 -0.253086 -0.385437 2.325153 -0.177689 -0.304233 2.529084 -0.237667 -0.428159 2.253342 -0.162270 -0.346955 2.457274 
-0.289054 0.840595 2.237903 -0.270717 0.677012 2.277312 -0.430856 0.629990 2.278056 -0.117899 0.658103 2.305225 -0.474011 0.378759 2.305094 -0.052319 0.408548 2.311435 -0.509319 0.147419 2.311435 0.010566 0.182814 2.289248 -0.510533 0.064965 2.287043 0.032042 0.109428 2.271529 -0.259812 0.407696 2.275923 -0.257018 0.354338 2.272071 -0.320823 0.284368 2.259095 -0.186848 0.280459 2.276555 -0.319031 -0.084987 2.304612 -0.160572 -0.156970 2.356771 -0.244702 -0.404835 2.321274 -0.176399 -0.317782 2.518330 -0.237070 -0.447702 2.248373 -0.132354 -0.371735 2.537269 
-0.291662 0.833324 2.215871 -0.275028 0.671759 2.251498 -0.433585 0.620167 2.246473 -0.134568 0.606678 2.278358 -0.474284 0.366532 2.260669 -0.043492 0.365522 2.285386 -0.503260 0.139892 2.285386 0.025163 0.188198 2.243392 -0.506059 0.044385 2.235073 0.043869 0.105046 2.227937 -0.261167 0.394501 2.251225 -0.257547 0.339353 2.246483 -0.320209 0.268746 2.233466 -0.187401 0.273334 2.256591 -0.261786 -0.161908 2.299616 -0.154660 -0.166168 2.326997 -0.238414 -0.462729 2.321903 -0.172724 -0.318464 2.495281 -0.228679 -0.505533 2.249212 -0.118605 -0.339677 2.452489 
-0.292319 0.821157 2.186410 -0.275760 0.665330 2.234384 -0.433953 0.611664 2.223634 -0.131454 0.603247 2.274201 -0.474414 0.357974 2.235991 -0.043655 0.360352 2.273717 -0.499361 0.129226 2.273717 0.031102 0.186445 2.202846 -0.500314 0.046840 2.182542 0.046709 0.109646 2.213576 -0.263072 0.387887 2.235015 -0.259096 0.332873 2.229560 -0.322544 0.261017 2.214330 -0.188852 0.264596 2.236612 -0.266981 -0.157451 2.287255 -0.144902 -0.146342 2.272594 -0.247404 -0.444877 2.316774 -0.151508 -0.310335 2.431287 -0.233105 -0.487509 2.244712 -0.115243 -0.358633 2.391727 
-0.286745 0.812729 2.168149 -0.274762 0.657994 2.208348 -0.436586 0.610875 2.206159 -0.123609 0.607674 2.267483 -0.475320 0.355279 2.198968 -0.039264 0.364825 2.248582 -0.497885 0.127573 2.248582 0.033075 0.190018 2.152708 -0.492951 0.041049 2.131856 0.051875 0.121843 2.179672 -0.262992 0.390603 2.215804 -0.258936 0.337163 2.210976 -0.323526 0.262041 2.197184 -0.187345 0.267401 2.220922 -0.276163 -0.156044 2.273212 -0.146974 -0.144241 2.240582 -0.247522 -0.444554 2.316880 -0.097130 -0.351275 2.337174 -0.231252 -0.487400 2.245340 -0.066575 -0.380580 2.278669 
-0.284517 0.802099 2.139603 -0.277035 0.653351 2.189568 -0.435652 0.608555 2.181096 -0.124189 0.594287 2.232392 -0.472036 0.351872 2.168613 -0.038861 0.365144 2.236738 -0.488711 0.129042 2.236738 0.034764 0.192417 2.119829 -0.485301 0.044001 2.080978 0.051411 0.123034 2.167382 -0.264713 0.384524 2.196137 -0.260745 0.331089 2.191601 -0.324550 0.256750 2.176402 -0.189638 0.262306 2.203310 -0.268004 -0.178703 2.257505 -0.147830 -0.148700 2.206324 -0.228063 -0.498868 2.308769 -0.163826 -0.410834 2.385711 -0.214011 -0.541820 2.236753 -0.149774 -0.453785 2.313694 
-0.282038 0.793929 2.120923 -0.280577 0.649629 2.168370 -0.431634 0.602399 2.157450 -0.119064 0.596807 2.229443 -0.470280 0.345422 2.139013 -0.038297 0.363569 2.222195 -0.479432 0.132348 2.222195 0.033185 0.189709 2.070884 -0.474900 0.050892 2.036023 0.051210 0.120976 2.157192 -0.264258 0.382176 2.178294 -0.259135 0.328898 2.174476 -0.322228 0.252906 2.156239 -0.186500 0.259318 2.189092 -0.276384 -0.176697 2.251437 -0.150334 -0.170428 2.186710 -0.222242 -0.417453 2.315442 -0.115179 -0.388879 2.268029 -0.203450 -0.460331 2.244416 -0.096387 -0.431757 2.197002 
-0.265676 0.768968 2.045049 -0.276247 0.640384 2.104521 -0.443733 0.668116 2.061636 -0.118624 0.581646 2.154638 -0.465478 0.410214 2.065695 -0.041756 0.333911 2.152167 -0.454350 0.160277 2.152167 0.022809 0.153577 1.983438 -0.437522 0.075731 1.925374 0.039847 0.096529 2.111219 -0.266986 0.381861 2.116290 -0.263169 0.330040 2.114636 -0.328595 0.253072 2.098952 -0.191894 0.252794 2.132850 -0.337859 -0.119481 2.212174 -0.143437 -0.190685 2.072099 -0.236526 -0.428883 2.259598 -0.130334 -0.515281 2.122795 -0.213621 -0.471874 2.189781 -0.107429 -0.558272 2.052978 
-0.264021 0.764799 2.028783 -0.274026 0.635735 2.081592 -0.425500 0.657781 2.036822 -0.119352 0.577764 2.138922 -0.463066 0.402494 2.046961 -0.041797 0.331388 2.146893 -0.449108 0.158866 2.146893 0.015608 0.149274 1.952597 -0.427109 0.080864 1.897949 0.033799 0.084287 2.102185 -0.266306 0.372978 2.097903 -0.262763 0.320386 2.097846 -0.325504 0.246276 2.076744 -0.194097 0.245411 2.121627 -0.311089 -0.162808 2.203371 -0.142534 -0.196631 2.050115 -0.220006 -0.473298 2.264090 -0.125436 -0.542429 2.052437 -0.194351 -0.516578 2.195290 -0.102610 -0.631372 2.018149 
-0.243561 0.760194 2.010679 -0.274866 0.630445 2.057512 -0.443137 0.656883 2.019143 -0.118683 0.572984 2.117784 -0.463285 0.398700 2.019298 -0.043594 0.326937 2.132979 -0.441671 0.161134 2.132979 0.012606 0.143864 1.912330 -0.417579 0.085684 1.875550 0.029484 0.078585 2.098269 -0.263577 0.370884 2.077486 -0.259787 0.318804 2.078767 -0.323914 0.239516 2.059895 -0.187466 0.241961 2.100530 -0.300969 -0.182859 2.201660 -0.144504 -0.201232 2.025912 -0.227697 -0.493458 2.249431 -0.132759 -0.513482 1.989834 -0.204254 -0.537288 2.179782 -0.109316 -0.557312 1.920185 
-0.241922 0.755101 1.991084 -0.275296 0.627605 2.041038 -0.440106 0.662664 1.984817 -0.119921 0.566201 2.094598 -0.459826 0.406236 1.999478 -0.046836 0.319500 2.108449 -0.436867 0.163139 2.108449 0.006153 0.135050 1.899756 -0.406037 0.082744 1.850671 0.023841 0.071585 2.089797 -0.263250 0.367262 2.055937 -0.259212 0.315184 2.056861 -0.322141 0.233587 2.033598 -0.187688 0.238303 2.082283 -0.310496 -0.179404 2.178634 -0.149531 -0.205600 2.007291 -0.282907 -0.395206 2.272932 -0.143518 -0.543592 1.928057 -0.227391 -0.428179 2.239427 -0.126041 -0.614478 1.862056 
-0.249853 0.741569 1.934175 -0.265206 0.617549 1.994683 -0.422212 0.602546 1.961833 -0.119304 0.552877 2.041859 -0.452998 0.345483 1.956279 -0.041110 0.310012 2.066893 -0.424993 0.140408 2.066893 0.000366 0.122831 1.860697 -0.397626 0.062974 1.822905 0.018610 0.044261 2.060417 -0.250919 0.332393 2.009848 -0.246668 0.274923 2.011637 -0.309331 0.198424 1.991069 -0.177684 0.204215 2.029881 -0.311104 -0.178010 2.149937 -0.156930 -0.221495 1.964404 -0.276265 -0.385262 2.256569 -0.155585 -0.492723 1.862816 -0.228457 -0.436945 2.237560 -0.148117 -0.565125 1.796208 
-0.247891 0.733178 1.908016 -0.262892 0.611072 1.971418 -0.423664 0.582820 1.945787 -0.114998 0.548015 2.026024 -0.453239 0.326424 1.949021 -0.038626 0.304488 2.052726 -0.425994 0.139752 2.052726 -0.000587 0.116323 1.858361 -0.398602 0.054906 1.817340 0.020339 0.035316 2.047103 -0.247165 0.321160 1.985032 -0.243008 0.263070 1.987038 -0.307112 0.180482 1.949568 -0.171591 0.191170 2.019365 -0.298572 -0.219668 2.146543 -0.160288 -0.231652 1.945539 -0.264588 -0.419278 2.264555 -0.173286 -0.547249 1.818454 -0.233397 -0.481987 2.244234 -0.151905 -0.614047 1.749058 
-0.244198 0.732109 1.886706 -0.258653 0.608538 1.948681 -0.458701 0.498199 1.950046 -0.114434 0.539521 1.990153 -0.449410 0.306468 1.921210 -0.036535 0.297036 2.019960 -0.424721 0.103486 2.019960 0.004487 0.109508 1.835513 -0.401190 0.027412 1.810417 0.022887 0.035205 2.022567 -0.245985 0.318863 1.960881 -0.243056 0.260873 1.962675 -0.311011 0.175439 1.934635 -0.166981 0.183097 1.990786 -0.311316 -0.226688 2.128785 -0.163279 -0.237467 1.920087 -0.271990 -0.422555 2.250432 -0.176942 -0.558357 1.811123 -0.229496 -0.475923 2.224581 -0.157754 -0.624703 1.740611 
-0.229686 0.730704 1.867455 -0.251116 0.602202 1.921596 -0.451087 0.506175 1.933330 -0.111241 0.533820 1.969704 -0.450267 0.314141 1.905622 -0.031398 0.292836 2.003690 -0.425165 0.097157 2.003690 0.013609 0.102351 1.834709 -0.405784 0.011888 1.810653 0.028275 0.026796 1.984824 -0.239960 0.321727 1.931036 -0.237364 0.265742 1.932332 -0.308639 0.179044 1.914153 -0.158708 0.194338 1.948003 -0.312748 -0.221017 2.113402 -0.166633 -0.240290 1.898950 -0.275880 -0.416782 2.235631 -0.180785 -0.564934 1.806082 -0.236072 -0.474981 2.216889 -0.170672 -0.640941 1.743921 
-0.233361 0.717367 1.831161 -0.250437 0.594295 1.893974 -0.408828 0.621996 1.844864 -0.101722 0.525137 1.944025 -0.434477 0.365492 1.854971 -0.024197 0.281137 1.966075 -0.434144 0.106298 1.966075 0.018419 0.090567 1.826772 -0.415468 -0.008402 1.814399 0.035561 0.017044 1.960033 -0.244672 0.335593 1.897817 -0.242643 0.285331 1.896344 -0.308477 0.213395 1.871658 -0.171732 0.206116 1.918023 -0.313026 -0.180742 2.036354 -0.167524 -0.238933 1.880825 -0.283840 -0.397878 2.186271 -0.184641 -0.566163 1.800889 -0.248001 -0.461095 2.192558 -0.180248 -0.646456 1.743686 
-0.230475 0.712306 1.766994 -0.231610 0.592250 1.835262 -0.406954 0.607839 1.814546 -0.079277 0.509595 1.882553 -0.434435 0.351673 1.824336 -0.010613 0.262028 1.897753 -0.441508 0.092261 1.897753 0.034510 0.075775 1.818879 -0.440919 -0.011127 1.812146 0.049275 0.010389 1.880779 -0.238478 0.316341 1.835102 -0.238785 0.261335 1.832909 -0.315600 0.188999 1.810055 -0.165400 0.175553 1.849321 -0.292532 -0.176489 1.927702 -0.163731 -0.225584 1.817117 -0.279921 -0.379145 2.082820 -0.186636 -0.557487 1.781824 -0.244108 -0.442315 2.089102 -0.168585 -0.600667 1.709973 
