76
0.205728 0.414004 3.459025 0.213709 0.243496 3.473910 0.065257 0.122786 3.455210 0.369643 0.124392 3.444471 -0.005033 -0.143064 3.408822 0.443050 -0.143039 3.381193 -0.017089 -0.358195 3.381193 0.447403 -0.376779 3.314880 -0.006220 -0.434243 3.271330 0.445230 -0.434915 3.237932 0.209533 -0.134373 3.432868 0.206283 -0.192507 3.367335 0.136407 -0.258863 3.348709 0.273683 -0.257410 3.347859 0.117202 -0.591216 3.354185 0.295637 -0.583053 3.319727 0.147708 -0.848005 3.384095 0.293513 -0.838489 3.345043 0.120687 -0.907876 3.369923 0.307197 -0.877426 3.292022 
0.205057 0.413093 3.453224 0.212852 0.242960 3.471367 0.063999 0.122796 3.452490 0.369195 0.124327 3.443335 -0.006940 -0.143656 3.406466 0.442209 -0.142534 3.380438 -0.018471 -0.359008 3.380438 0.446836 -0.376524 3.313523 -0.007651 -0.434785 3.270922 0.444489 -0.435052 3.238620 0.209019 -0.134393 3.431837 0.205970 -0.192570 3.366522 0.135914 -0.259005 3.347693 0.273548 -0.257532 3.347402 0.116709 -0.591240 3.353640 0.294157 -0.582916 3.314875 0.147326 -0.848124 3.383815 0.291783 -0.836131 3.331599 0.120962 -0.906817 3.365959 0.304332 -0.876073 3.281726 
0.204344 0.412151 3.447248 0.211431 0.242195 3.468007 0.062244 0.122831 3.448829 0.368474 0.124209 3.441942 -0.009633 -0.144371 3.403037 0.441213 -0.142008 3.379679 -0.020385 -0.360065 3.379679 0.446200 -0.376294 3.311576 -0.009477 -0.435511 3.270324 0.443523 -0.435330 3.239574 0.208056 -0.134500 3.430403 0.205336 -0.192728 3.365405 0.135086 -0.259259 3.346323 0.273182 -0.257748 3.346804 0.115853 -0.591261 3.352857 0.292337 -0.582671 3.308538 0.146831 -0.848267 3.383493 0.289436 -0.833135 3.315183 0.121216 -0.905741 3.361842 0.300418 -0.871329 3.257845 
0.203605 0.411115 3.440892 0.209619 0.241356 3.463818 0.059920 0.122820 3.443852 0.367549 0.124091 3.440251 -0.013125 -0.144945 3.398132 0.439590 -0.141242 3.378704 -0.022538 -0.361245 3.378704 0.444917 -0.376033 3.309342 -0.011674 -0.436364 3.269568 0.442447 -0.435669 3.240823 0.206663 -0.134619 3.428488 0.204396 -0.192923 3.363913 0.133844 -0.259604 3.344373 0.272614 -0.258023 3.346049 0.114830 -0.591275 3.351916 0.290191 -0.582225 3.300717 0.146225 -0.848420 3.383065 0.286816 -0.829679 3.296762 0.120807 -0.905489 3.359951 0.296012 -0.869306 3.244000 
0.202370 0.409952 3.432683 0.206334 0.240249 3.455684 0.056526 0.122698 3.435178 0.366029 0.124026 3.437150 -0.018018 -0.145636 3.390378 0.437768 -0.141567 3.377392 -0.026273 -0.362499 3.377392 0.443358 -0.376294 3.305287 -0.015488 -0.437385 3.266985 0.441229 -0.436146 3.242392 0.204164 -0.134523 3.424348 0.202676 -0.192987 3.360597 0.131765 -0.259951 3.340040 0.271550 -0.258296 3.344394 0.113401 -0.591326 3.350362 0.287281 -0.581445 3.289813 0.145127 -0.848504 3.382144 0.282744 -0.825101 3.271873 0.120702 -0.904160 3.354767 0.290954 -0.863243 3.212558 
0.200659 0.408738 3.422802 0.202827 0.239180 3.447037 0.052927 0.122775 3.425108 0.364287 0.123954 3.433629 -0.023581 -0.146323 3.381121 0.435598 -0.142091 3.375694 -0.031357 -0.364444 3.375694 0.441641 -0.376609 3.298331 -0.021063 -0.438856 3.260889 0.439902 -0.435938 3.243979 0.201200 -0.134380 3.419421 0.200604 -0.193006 3.356528 0.129380 -0.260248 3.334912 0.270081 -0.258568 3.342058 0.111650 -0.591973 3.348098 0.282810 -0.582404 3.276469 0.143792 -0.848541 3.380572 0.277530 -0.829221 3.243368 0.120698 -0.902558 3.348239 0.285250 -0.866689 3.178132 
0.198593 0.407427 3.411213 0.198893 0.238092 3.437038 0.048930 0.122856 3.413344 0.362047 0.124087 3.428838 -0.029550 -0.146719 3.370229 0.432930 -0.142793 3.373183 -0.037159 -0.366491 3.373183 0.439803 -0.376875 3.288961 -0.027118 -0.440438 3.253350 0.438547 -0.435873 3.245488 0.197692 -0.134241 3.413007 0.198047 -0.193029 3.351005 0.126507 -0.260594 3.328148 0.268183 -0.258886 3.338595 0.109569 -0.593088 3.345117 0.278267 -0.583450 3.262908 0.142306 -0.848556 3.378685 0.272207 -0.833554 3.214828 0.120648 -0.900865 3.341257 0.279613 -0.870270 3.144289 
0.195738 0.406215 3.397230 0.193619 0.236998 3.422909 0.043702 0.122635 3.397593 0.358186 0.123927 3.418912 -0.036987 -0.146838 3.352762 0.430130 -0.143658 3.369829 -0.044837 -0.367401 3.369829 0.438543 -0.377043 3.273119 -0.034806 -0.441419 3.239253 0.437336 -0.435435 3.246387 0.193031 -0.134142 3.402131 0.194312 -0.193083 3.340972 0.122556 -0.261081 3.316996 0.265194 -0.259226 3.330938 0.106853 -0.594052 3.338919 0.273352 -0.584173 3.247304 0.140297 -0.848428 3.375102 0.265657 -0.835484 3.184557 0.120216 -0.898708 3.331633 0.272463 -0.871216 3.108996 
0.192628 0.405602 3.381847 0.188405 0.236100 3.407296 0.038691 0.122624 3.380005 0.354266 0.123963 3.408418 -0.044389 -0.146923 3.334317 0.427251 -0.144549 3.365681 -0.052328 -0.368436 3.365681 0.437183 -0.377211 3.255806 -0.042593 -0.442218 3.222471 0.436075 -0.434826 3.247062 0.188006 -0.133889 3.389528 0.190327 -0.193001 3.329188 0.118404 -0.261398 3.303911 0.261809 -0.259413 3.321485 0.104012 -0.595160 3.331680 0.268239 -0.585266 3.228761 0.138147 -0.848214 3.370622 0.259736 -0.840470 3.151794 0.120008 -0.896409 3.321092 0.266544 -0.875254 3.072080 
0.188982 0.405371 3.361442 0.182978 0.235975 3.386070 0.033769 0.123030 3.355621 0.349830 0.124444 3.390930 -0.052454 -0.146629 3.311799 0.423321 -0.145802 3.354113 -0.060564 -0.368254 3.354113 0.433622 -0.377468 3.231669 -0.051214 -0.441494 3.196611 0.434032 -0.434534 3.245593 0.182437 -0.133274 3.369736 0.185771 -0.192566 3.309890 0.113716 -0.261349 3.283324 0.257744 -0.259131 3.304319 0.100415 -0.595429 3.318103 0.263172 -0.585391 3.203224 0.135113 -0.847739 3.361701 0.254128 -0.842221 3.120933 0.119406 -0.893504 3.305179 0.260952 -0.876020 3.037646 
0.185337 0.405333 3.340803 0.177828 0.235999 3.365261 0.029089 0.123519 3.331708 0.345259 0.125005 3.371057 -0.059902 -0.146144 3.288841 0.419717 -0.146075 3.340837 -0.068281 -0.367735 3.340837 0.430148 -0.376960 3.208095 -0.060155 -0.439937 3.168340 0.430822 -0.435046 3.239314 0.177122 -0.132524 3.348808 0.181201 -0.191836 3.288953 0.108988 -0.260932 3.261174 0.253605 -0.258503 3.284570 0.096657 -0.595656 3.301371 0.258422 -0.585482 3.178240 0.131265 -0.846161 3.347783 0.248944 -0.843928 3.092450 0.118127 -0.889154 3.283829 0.255636 -0.876800 3.006133 
0.181543 0.405915 3.318261 0.172957 0.236511 3.343965 0.024585 0.124226 3.307567 0.341013 0.125689 3.349075 -0.066642 -0.145349 3.265566 0.416728 -0.146088 3.324984 -0.075154 -0.366661 3.324984 0.427701 -0.375757 3.183349 -0.068273 -0.438625 3.140447 0.428168 -0.435777 3.230134 0.171861 -0.131431 3.324723 0.176462 -0.190603 3.264315 0.104070 -0.259999 3.235454 0.249169 -0.257434 3.260056 0.092429 -0.596723 3.279056 0.254326 -0.585687 3.151494 0.126889 -0.844445 3.328861 0.244354 -0.845544 3.065778 0.116402 -0.884636 3.257726 0.250623 -0.879206 2.980563 
0.177864 0.406789 3.296112 0.168190 0.237425 3.320942 0.020429 0.125602 3.283016 0.337009 0.126520 3.322959 -0.072689 -0.144072 3.240714 0.414157 -0.146143 3.302446 -0.081528 -0.365423 3.302446 0.423964 -0.375234 3.159262 -0.075560 -0.437192 3.113350 0.425140 -0.437932 3.214101 0.167307 -0.130018 3.299194 0.172227 -0.189058 3.238245 0.099761 -0.258709 3.208789 0.245261 -0.256047 3.233816 0.087657 -0.596602 3.252187 0.250775 -0.585786 3.125574 0.121934 -0.843425 3.304802 0.240207 -0.846876 3.041723 0.113833 -0.880971 3.227100 0.246177 -0.881314 2.957906 
0.174408 0.407738 3.273997 0.163828 0.238902 3.294954 0.016952 0.126988 3.255465 0.333456 0.127535 3.295342 -0.077965 -0.142830 3.215592 0.411895 -0.145891 3.275907 -0.087324 -0.364667 3.275907 0.421104 -0.374466 3.134771 -0.082090 -0.436014 3.087519 0.422817 -0.440171 3.195586 0.163297 -0.128376 3.271219 0.168702 -0.187382 3.209859 0.096242 -0.257278 3.180784 0.242068 -0.254414 3.204716 0.082732 -0.595180 3.218198 0.247721 -0.585429 3.100164 0.115363 -0.840886 3.270758 0.236385 -0.846870 3.020261 0.110155 -0.875795 3.187283 0.242821 -0.882144 2.937825 
0.170895 0.409289 3.250924 0.160130 0.240869 3.268882 0.013912 0.128456 3.228792 0.329666 0.129297 3.266323 -0.082350 -0.141946 3.190475 0.410358 -0.144672 3.247259 -0.092231 -0.364557 3.247259 0.418463 -0.374060 3.110334 -0.087564 -0.435200 3.063219 0.420315 -0.443070 3.166461 0.160057 -0.126621 3.243215 0.165709 -0.185662 3.181414 0.093327 -0.255744 3.152894 0.239289 -0.252549 3.175564 0.078112 -0.593462 3.182739 0.245078 -0.584538 3.074946 0.108940 -0.835286 3.225541 0.232994 -0.846596 3.000723 0.106322 -0.867672 3.137274 0.239771 -0.882916 2.919904 
0.167623 0.411088 3.227581 0.157045 0.242978 3.243566 0.011281 0.130120 3.203227 0.325775 0.130639 3.235395 -0.085990 -0.140894 3.166578 0.409128 -0.143158 3.213427 -0.096534 -0.364568 3.213427 0.416425 -0.372158 3.087429 -0.091913 -0.434862 3.039855 0.418864 -0.443511 3.130643 0.157331 -0.125013 3.214518 0.162866 -0.184042 3.151927 0.090597 -0.254073 3.124309 0.236401 -0.250712 3.144447 0.072727 -0.590809 3.140352 0.242403 -0.584491 3.050790 0.101672 -0.829872 3.177838 0.229889 -0.846326 2.982724 0.100976 -0.860050 3.085993 0.236782 -0.884217 2.903620 
0.164698 0.413120 3.204504 0.154292 0.245320 3.219153 0.008953 0.131954 3.178509 0.322193 0.132220 3.205214 -0.088920 -0.139808 3.143981 0.408572 -0.141391 3.176602 -0.100222 -0.364040 3.176602 0.414682 -0.369951 3.065822 -0.095645 -0.434503 3.018641 0.418427 -0.442583 3.087359 0.154971 -0.123146 3.186291 0.160338 -0.182097 3.122927 0.088255 -0.251948 3.095729 0.233792 -0.248551 3.114155 0.067650 -0.588064 3.098376 0.239951 -0.583477 3.027329 0.094014 -0.823496 3.124787 0.227031 -0.845764 2.966140 0.095002 -0.851777 3.030523 0.234117 -0.885022 2.889028 
0.161705 0.415493 3.180724 0.151803 0.247726 3.195438 0.007032 0.133686 3.153805 0.319070 0.133947 3.175347 -0.091105 -0.138752 3.122580 0.408152 -0.139181 3.138949 -0.102975 -0.363690 3.138949 0.414411 -0.364537 3.045614 -0.098842 -0.434138 2.999539 0.419693 -0.438481 3.034093 0.152796 -0.121247 3.159235 0.157958 -0.180126 3.095202 0.086120 -0.249856 3.069035 0.231216 -0.246272 3.084498 0.063240 -0.584344 3.052059 0.237746 -0.582178 3.005291 0.086979 -0.816089 3.067678 0.224334 -0.844853 2.950556 0.089425 -0.842820 2.972044 0.231196 -0.884170 2.873466 
0.158910 0.418144 3.158065 0.149656 0.250410 3.171659 0.005483 0.135481 3.129884 0.316511 0.135819 3.146084 -0.092549 -0.137439 3.101046 0.407695 -0.136514 3.099606 -0.105126 -0.363449 3.099606 0.414982 -0.355588 3.027152 -0.101553 -0.433780 2.982302 0.421380 -0.431147 2.973900 0.150825 -0.119210 3.133003 0.155682 -0.178077 3.068458 0.084050 -0.247655 3.043602 0.228735 -0.244034 3.055899 0.059434 -0.580762 3.007377 0.235583 -0.581642 2.984135 0.079925 -0.809342 3.013628 0.221971 -0.843830 2.936265 0.083506 -0.834844 2.917240 0.228575 -0.883087 2.859088 
0.156468 0.420996 3.136272 0.148077 0.253492 3.147656 0.004469 0.137772 3.106418 0.314240 0.137904 3.116509 -0.093375 -0.135890 3.080373 0.406914 -0.132540 3.059824 -0.106415 -0.362328 3.059824 0.415463 -0.345184 3.009145 -0.103777 -0.433460 2.966757 0.423029 -0.421141 2.912696 0.149294 -0.116951 3.107206 0.153702 -0.175866 3.042306 0.082254 -0.245219 3.018809 0.226498 -0.241624 3.028190 0.056406 -0.576661 2.963967 0.233933 -0.580335 2.964116 0.074211 -0.802285 2.959965 0.219901 -0.842840 2.923218 0.078482 -0.826856 2.863455 0.226474 -0.883174 2.847447 
0.154314 0.424039 3.114932 0.146690 0.256777 3.123997 0.003796 0.140229 3.083974 0.312127 0.140025 3.088094 -0.093476 -0.133812 3.059931 0.406197 -0.128012 3.020987 -0.106921 -0.360760 3.020987 0.415222 -0.333594 2.991937 -0.105041 -0.432388 2.951668 0.423321 -0.408215 2.850033 0.147922 -0.114520 3.082002 0.151813 -0.173486 3.016804 0.080606 -0.242609 2.995135 0.224222 -0.238944 3.000587 0.054008 -0.572190 2.921715 0.232568 -0.578832 2.945299 0.069213 -0.795089 2.907222 0.218093 -0.841747 2.911084 0.075927 -0.821969 2.824662 0.224372 -0.882017 2.835290 
0.152196 0.427232 3.093292 0.145594 0.259962 3.101337 0.003139 0.142479 3.062577 0.310509 0.141585 3.059675 -0.093201 -0.131737 3.040632 0.404820 -0.122565 2.982259 -0.106920 -0.359109 2.982259 0.414691 -0.321258 2.975716 -0.105795 -0.431081 2.937500 0.423014 -0.394636 2.790148 0.146817 -0.112074 3.057654 0.150050 -0.171034 2.992159 0.078917 -0.239897 2.971822 0.222174 -0.236354 2.974182 0.052121 -0.567844 2.881762 0.231362 -0.576781 2.926742 0.065339 -0.789055 2.856461 0.216584 -0.840600 2.899929 0.072188 -0.815634 2.775117 0.222504 -0.880708 2.824037 
0.150143 0.430544 3.071700 0.144790 0.263088 3.079619 0.002890 0.144760 3.041219 0.309250 0.143581 3.033398 -0.092701 -0.129620 3.022463 0.403067 -0.117364 2.945204 -0.106466 -0.357264 2.945204 0.413195 -0.307963 2.960095 -0.106755 -0.430034 2.925069 0.421545 -0.380052 2.731618 0.145817 -0.109638 3.034424 0.148479 -0.168579 2.968664 0.077421 -0.237187 2.949729 0.220306 -0.233766 2.949017 0.050904 -0.563786 2.845287 0.230347 -0.574586 2.909221 0.062169 -0.782996 2.809541 0.215372 -0.839284 2.889545 0.069241 -0.809313 2.729069 0.221013 -0.879109 2.813453 
0.148315 0.433713 3.051041 0.144238 0.266229 3.057414 0.002986 0.147063 3.020394 0.308099 0.145520 3.007914 -0.091893 -0.127245 3.004767 0.401232 -0.112125 2.910348 -0.105585 -0.355244 2.910348 0.411273 -0.294851 2.944592 -0.106881 -0.428836 2.912065 0.419214 -0.365255 2.677026 0.144971 -0.107265 3.011763 0.147020 -0.166257 2.945912 0.076078 -0.234558 2.928529 0.218494 -0.231293 2.924851 0.049923 -0.559968 2.810831 0.229447 -0.572427 2.892679 0.059492 -0.777096 2.763995 0.214385 -0.837765 2.879591 0.066526 -0.803225 2.684110 0.219692 -0.877204 2.803171 
0.146657 0.436755 3.031029 0.143864 0.269249 3.036005 0.003154 0.149217 3.000335 0.306581 0.147305 2.981881 -0.090768 -0.124467 2.986701 0.399313 -0.107009 2.877247 -0.104032 -0.353085 2.877247 0.408323 -0.281916 2.928086 -0.106416 -0.427048 2.898516 0.414812 -0.351727 2.621757 0.144277 -0.105061 2.989473 0.145511 -0.164085 2.923505 0.074712 -0.231988 2.907766 0.216522 -0.228923 2.900861 0.049298 -0.556554 2.779630 0.228516 -0.570518 2.877182 0.057177 -0.772495 2.722838 0.213590 -0.836159 2.870269 0.063787 -0.798484 2.643375 0.218412 -0.875145 2.793470 
0.145151 0.439559 3.010297 0.143636 0.272111 3.015567 0.003346 0.151167 2.979764 0.305464 0.148748 2.957304 -0.089615 -0.121500 2.968709 0.397272 -0.102353 2.845237 -0.102158 -0.350752 2.845237 0.404518 -0.270862 2.911415 -0.105714 -0.425891 2.885481 0.410624 -0.339947 2.573784 0.143581 -0.103107 2.967787 0.144126 -0.162155 2.901616 0.073379 -0.229672 2.886730 0.214744 -0.226877 2.877837 0.049086 -0.555088 2.748707 0.227850 -0.569613 2.862048 0.055324 -0.769892 2.684093 0.212940 -0.834549 2.861634 0.061653 -0.795823 2.604797 0.217391 -0.873023 2.784393 
0.143659 0.442399 2.988073 0.143405 0.274953 2.992515 0.003581 0.153150 2.957107 0.303414 0.150796 2.930705 -0.088597 -0.118813 2.948625 0.394715 -0.098311 2.812274 -0.100048 -0.349235 2.812274 0.400672 -0.261064 2.892037 -0.104426 -0.425808 2.869443 0.405809 -0.329646 2.530397 0.142749 -0.101339 2.943518 0.142450 -0.160426 2.877175 0.071924 -0.227355 2.863851 0.212499 -0.224872 2.852299 0.049157 -0.554190 2.719473 0.227072 -0.569002 2.845998 0.054115 -0.768046 2.647108 0.212662 -0.832657 2.852916 0.059946 -0.793974 2.567837 0.216645 -0.870544 2.775126 
0.142243 0.445018 2.966464 0.143212 0.277636 2.968996 0.004540 0.155031 2.932712 0.301261 0.152461 2.904775 -0.087427 -0.115882 2.925321 0.392101 -0.094810 2.781815 -0.098065 -0.347133 2.781815 0.396991 -0.252664 2.870070 -0.104011 -0.424048 2.852729 0.400761 -0.320692 2.491029 0.141846 -0.100151 2.918359 0.140880 -0.159355 2.851745 0.070822 -0.225356 2.839758 0.210139 -0.223384 2.826098 0.049418 -0.553962 2.691839 0.226283 -0.568622 2.829667 0.053045 -0.766979 2.613799 0.212314 -0.830366 2.842407 0.058587 -0.792954 2.534434 0.215848 -0.867505 2.763747 
0.141013 0.447532 2.944134 0.143058 0.280103 2.945616 0.005094 0.157014 2.908523 0.299289 0.153998 2.879573 -0.086511 -0.113179 2.902030 0.389417 -0.091675 2.753495 -0.096432 -0.345224 2.753495 0.393520 -0.245471 2.848236 -0.102774 -0.423377 2.831572 0.396131 -0.313140 2.456210 0.140944 -0.098932 2.893192 0.139349 -0.158160 2.826303 0.069542 -0.223153 2.814111 0.207961 -0.221953 2.800599 0.049665 -0.553977 2.665892 0.225433 -0.569048 2.813110 0.052104 -0.766173 2.584118 0.212074 -0.828438 2.832746 0.057377 -0.792217 2.504632 0.215193 -0.864879 2.753256 
0.139962 0.449590 2.920918 0.142996 0.282478 2.921400 0.005506 0.158886 2.883024 0.297430 0.155372 2.854476 -0.086007 -0.110951 2.876613 0.386518 -0.089183 2.726050 -0.095385 -0.343367 2.726050 0.389902 -0.239811 2.820787 -0.101822 -0.423283 2.808840 0.391528 -0.307203 2.424882 0.139908 -0.097710 2.866998 0.137765 -0.156917 2.799832 0.068178 -0.221035 2.788184 0.205769 -0.220420 2.773564 0.049881 -0.554029 2.641770 0.224612 -0.570395 2.795411 0.051121 -0.765464 2.557326 0.211929 -0.826797 2.822376 0.056544 -0.792995 2.478703 0.214907 -0.863529 2.745716 
0.138889 0.451660 2.898032 0.142822 0.284954 2.897134 0.005674 0.160704 2.856648 0.295609 0.157114 2.830580 -0.086018 -0.108735 2.848666 0.383521 -0.087152 2.700226 -0.094788 -0.341528 2.700226 0.386524 -0.235214 2.791177 -0.101719 -0.423010 2.778924 0.387163 -0.302484 2.396917 0.138740 -0.096366 2.840556 0.136243 -0.155532 2.773076 0.066867 -0.218800 2.760978 0.203700 -0.218765 2.746926 0.049962 -0.554324 2.618748 0.223703 -0.571786 2.775884 0.050158 -0.764993 2.533000 0.212051 -0.824834 2.809584 0.055849 -0.794638 2.455247 0.214869 -0.860862 2.732296 
0.137741 0.453789 2.874792 0.142391 0.287630 2.870912 0.005660 0.162873 2.830196 0.293687 0.158850 2.806328 -0.086482 -0.106195 2.820143 0.380635 -0.085517 2.676162 -0.094732 -0.339580 2.676162 0.383320 -0.231549 2.757895 -0.102031 -0.422325 2.747862 0.382901 -0.298959 2.371994 0.137529 -0.094915 2.813720 0.134716 -0.154149 2.746158 0.065543 -0.216555 2.733772 0.201700 -0.217209 2.720491 0.049982 -0.554780 2.597043 0.222926 -0.572351 2.752772 0.049207 -0.764712 2.510858 0.212071 -0.821678 2.790932 0.054835 -0.794938 2.433212 0.214632 -0.856794 2.712614 
0.136485 0.456401 2.851896 0.141820 0.290227 2.846238 0.005141 0.165052 2.803222 0.291783 0.160766 2.782759 -0.087733 -0.103640 2.788803 0.377912 -0.083929 2.653971 -0.095455 -0.337302 2.653971 0.380140 -0.228928 2.720816 -0.102506 -0.421005 2.710522 0.378642 -0.296385 2.350146 0.136096 -0.093369 2.787381 0.133088 -0.152565 2.719546 0.064057 -0.214230 2.706409 0.199664 -0.215441 2.694236 0.049941 -0.555220 2.577084 0.222212 -0.572727 2.726445 0.048277 -0.764469 2.490898 0.210817 -0.818096 2.764942 0.053876 -0.795203 2.413355 0.213761 -0.853583 2.694602 
0.135324 0.458773 2.827340 0.140979 0.292863 2.821286 0.004377 0.167322 2.775667 0.289749 0.162689 2.758556 -0.089680 -0.101275 2.756572 0.375306 -0.082692 2.633027 -0.096829 -0.334953 2.633027 0.376984 -0.227293 2.683944 -0.104225 -0.417706 2.670176 0.374146 -0.296464 2.332343 0.134551 -0.091835 2.760725 0.131409 -0.151010 2.692688 0.062560 -0.212009 2.678580 0.197612 -0.213713 2.668133 0.049754 -0.555918 2.558526 0.221712 -0.573541 2.695071 0.047467 -0.764462 2.472862 0.207646 -0.814451 2.733475 0.052325 -0.794916 2.395796 0.214625 -0.849381 2.678560 
0.134038 0.461271 2.803662 0.139804 0.295444 2.795751 0.003499 0.169745 2.747558 0.287822 0.164473 2.735678 -0.092098 -0.098659 2.723629 0.372863 -0.081762 2.613539 -0.098736 -0.331580 2.613539 0.373830 -0.226882 2.642770 -0.106188 -0.412937 2.626222 0.369685 -0.298180 2.318084 0.132770 -0.090290 2.734401 0.129757 -0.149494 2.666306 0.061099 -0.209837 2.651021 0.195654 -0.212099 2.642801 0.049467 -0.556648 2.541319 0.221251 -0.574346 2.660464 0.046762 -0.764525 2.456607 0.204469 -0.811039 2.695947 0.050343 -0.794652 2.380243 0.216693 -0.843715 2.657701 
0.132751 0.463782 2.779479 0.138481 0.297775 2.770791 0.002710 0.172077 2.719208 0.285161 0.166772 2.712833 -0.095137 -0.095996 2.688230 0.370546 -0.081054 2.595542 -0.100880 -0.327940 2.595542 0.370878 -0.227359 2.602242 -0.108830 -0.407086 2.580788 0.365332 -0.301663 2.307108 0.131022 -0.088938 2.708368 0.128251 -0.148144 2.640187 0.060051 -0.207715 2.623047 0.193762 -0.210520 2.618500 0.049480 -0.558102 2.524639 0.221222 -0.574223 2.620853 0.046037 -0.765219 2.442169 0.205786 -0.806972 2.654039 0.049847 -0.797102 2.367347 0.213956 -0.833023 2.630527 
0.131236 0.466199 2.755285 0.137231 0.299905 2.746760 0.001629 0.174079 2.691528 0.282893 0.168767 2.691494 -0.098134 -0.093332 2.654461 0.368337 -0.080479 2.579002 -0.103783 -0.323209 2.579002 0.368037 -0.228688 2.559986 -0.111662 -0.400518 2.533697 0.361283 -0.305928 2.299057 0.129152 -0.087568 2.683251 0.126718 -0.146736 2.615002 0.058826 -0.205725 2.596023 0.191887 -0.208959 2.594748 0.049293 -0.559597 2.509311 0.220591 -0.573524 2.580367 0.045420 -0.766173 2.429296 0.204962 -0.802788 2.606396 0.048868 -0.797383 2.354793 0.213349 -0.818989 2.597504 
0.129339 0.469128 2.726954 0.135300 0.302716 2.718914 -0.000239 0.176310 2.660397 0.280762 0.170714 2.668392 -0.102342 -0.090250 2.614649 0.365872 -0.080134 2.562448 -0.107424 -0.316185 2.562448 0.365385 -0.230645 2.510298 -0.115046 -0.391357 2.474376 0.357725 -0.310757 2.292704 0.126840 -0.085562 2.655296 0.125029 -0.144778 2.587196 0.057342 -0.203519 2.566042 0.190076 -0.207017 2.569253 0.048930 -0.561170 2.494261 0.218082 -0.572009 2.531309 0.045335 -0.767120 2.417337 0.202888 -0.798140 2.547581 0.046955 -0.797870 2.344393 0.213322 -0.805102 2.557381 
0.127696 0.471896 2.700163 0.133343 0.305355 2.692732 -0.001874 0.178529 2.630937 0.278679 0.172587 2.646448 -0.106260 -0.087219 2.576705 0.363565 -0.079919 2.547276 -0.111270 -0.308754 2.547276 0.362957 -0.233060 2.462355 -0.118452 -0.380530 2.415613 0.354642 -0.315987 2.288007 0.124592 -0.083679 2.629084 0.123447 -0.142949 2.561140 0.055993 -0.201418 2.537901 0.188374 -0.205195 2.545305 0.048468 -0.562748 2.480164 0.215082 -0.570224 2.484534 0.045424 -0.768154 2.406618 0.200709 -0.793704 2.490054 0.045006 -0.798403 2.335367 0.213099 -0.790580 2.514425 
0.125926 0.474551 2.673501 0.131043 0.308094 2.666789 -0.003620 0.180927 2.602103 0.276485 0.174531 2.624765 -0.109746 -0.083557 2.538948 0.361430 -0.079685 2.533252 -0.114987 -0.300888 2.533252 0.360711 -0.235554 2.416239 -0.121413 -0.369686 2.360240 0.351985 -0.321638 2.284760 0.122380 -0.081722 2.603946 0.121983 -0.141103 2.536262 0.054825 -0.199345 2.511075 0.186817 -0.203361 2.522526 0.047957 -0.564282 2.466878 0.211565 -0.568005 2.438511 0.045656 -0.769215 2.396969 0.198501 -0.789175 2.431857 0.042943 -0.798841 2.327735 0.212646 -0.775632 2.467774 
0.123984 0.477182 2.646655 0.128807 0.310753 2.641302 -0.005320 0.183379 2.574261 0.274406 0.176470 2.603815 -0.113019 -0.080116 2.503571 0.359445 -0.079517 2.520261 -0.118968 -0.289775 2.520261 0.358569 -0.238157 2.366725 -0.123548 -0.357196 2.304791 0.349671 -0.327178 2.282180 0.120318 -0.079720 2.579698 0.120730 -0.139232 2.512355 0.053871 -0.197319 2.485180 0.185501 -0.201540 2.500845 0.047394 -0.565730 2.454476 0.207902 -0.565713 2.395441 0.045947 -0.770282 2.388286 0.196376 -0.784909 2.376679 0.040774 -0.799135 2.321253 0.212163 -0.761910 2.422510 
0.122311 0.479716 2.620371 0.126475 0.313295 2.616128 -0.007394 0.185910 2.547842 0.272490 0.178408 2.583548 -0.116222 -0.076447 2.469239 0.357527 -0.079262 2.507999 -0.122298 -0.279650 2.507999 0.356513 -0.240639 2.321180 -0.124962 -0.345556 2.253727 0.347431 -0.332117 2.279669 0.118367 -0.077505 2.556261 0.119598 -0.137121 2.489294 0.052948 -0.195230 2.460323 0.184444 -0.199588 2.479848 0.046768 -0.567067 2.442648 0.204225 -0.563230 2.355487 0.046197 -0.771257 2.380451 0.194151 -0.780737 2.325344 0.038388 -0.799405 2.315833 0.210052 -0.747222 2.374577 
0.120715 0.482172 2.594621 0.124165 0.315743 2.591631 -0.009909 0.188353 2.522425 0.270688 0.180384 2.563340 -0.119147 -0.073322 2.436290 0.355669 -0.078923 2.496277 -0.124961 -0.270971 2.496277 0.354570 -0.243040 2.279158 -0.125742 -0.334973 2.206170 0.345385 -0.336728 2.277411 0.116527 -0.075202 2.533575 0.118534 -0.134901 2.466987 0.051991 -0.193221 2.436473 0.183574 -0.197567 2.459270 0.046140 -0.568317 2.431557 0.200356 -0.561112 2.317578 0.046518 -0.772227 2.373370 0.191901 -0.777189 2.275827 0.036672 -0.799818 2.310220 0.207629 -0.744120 2.306732 
0.119294 0.484193 2.565027 0.121959 0.318054 2.564223 -0.012770 0.190877 2.494611 0.268870 0.182338 2.539688 -0.121987 -0.070738 2.402249 0.353616 -0.078637 2.482935 -0.127177 -0.261857 2.482935 0.352669 -0.245369 2.235116 -0.125681 -0.324780 2.158522 0.343492 -0.340968 2.274888 0.114760 -0.072688 2.508346 0.117545 -0.132437 2.442163 0.051040 -0.191130 2.410192 0.182845 -0.195368 2.436168 0.045129 -0.569099 2.418617 0.196366 -0.559160 2.280664 0.046590 -0.772824 2.366737 0.189290 -0.773868 2.226059 0.035757 -0.800156 2.304478 0.200727 -0.745622 2.245042 
0.117806 0.486208 2.537269 0.119766 0.320124 2.538283 -0.015554 0.193157 2.468848 0.267139 0.184190 2.516929 -0.124460 -0.068483 2.371081 0.351636 -0.078242 2.469956 -0.129077 -0.254208 2.469956 0.350949 -0.247537 2.196348 -0.125570 -0.316094 2.116643 0.341659 -0.344476 2.271946 0.113120 -0.070309 2.484592 0.116615 -0.130100 2.418789 0.050127 -0.189249 2.385576 0.182213 -0.193251 2.414294 0.044131 -0.569609 2.405839 0.192632 -0.557436 2.247427 0.046648 -0.773362 2.360682 0.186763 -0.771087 2.182094 0.034992 -0.800455 2.299073 0.194820 -0.747485 2.188286 
0.116263 0.488210 2.509392 0.117340 0.321896 2.512444 -0.018179 0.195193 2.443409 0.265472 0.185897 2.493203 -0.126617 -0.066388 2.341881 0.349511 -0.077612 2.455090 -0.130655 -0.247329 2.455090 0.349435 -0.249333 2.161000 -0.125355 -0.308564 2.079188 0.339982 -0.347873 2.269211 0.111515 -0.068117 2.460741 0.115698 -0.127919 2.395256 0.049261 -0.187585 2.361282 0.181644 -0.191180 2.391810 0.043030 -0.569664 2.392709 0.188924 -0.556304 2.216354 0.046703 -0.773832 2.355143 0.184290 -0.769296 2.142663 0.034392 -0.800658 2.293950 0.188789 -0.748482 2.135146 
0.114748 0.490239 2.482225 0.115098 0.323536 2.487635 -0.020784 0.197048 2.419325 0.263849 0.187501 2.469328 -0.128441 -0.064567 2.314387 0.347471 -0.076885 2.440039 -0.132048 -0.241607 2.440039 0.346833 -0.251454 2.129328 -0.125268 -0.302214 2.045711 0.338325 -0.350759 2.266283 0.110096 -0.066036 2.437304 0.114845 -0.125814 2.372008 0.048406 -0.186063 2.337257 0.181168 -0.189153 2.369361 0.041787 -0.569921 2.379053 0.185539 -0.555365 2.188228 0.046749 -0.774263 2.350045 0.181991 -0.767829 2.107337 0.033910 -0.800863 2.289033 0.182824 -0.748957 2.087752 
0.113117 0.492067 2.455220 0.113073 0.325088 2.463134 -0.023221 0.198720 2.395489 0.262195 0.188968 2.444196 -0.129987 -0.063217 2.288442 0.345265 -0.076029 2.421993 -0.133469 -0.236646 2.421993 0.344948 -0.253902 2.100082 -0.125265 -0.296813 2.015383 0.336846 -0.353865 2.263041 0.108811 -0.064133 2.413654 0.113995 -0.123890 2.348436 0.047559 -0.184712 2.313449 0.180638 -0.187202 2.346108 0.040296 -0.569507 2.364066 0.182464 -0.554492 2.162330 0.046742 -0.774647 2.345001 0.179738 -0.766566 2.075702 0.033411 -0.801053 2.284344 0.178340 -0.748701 2.045651 
0.111312 0.493690 2.428933 0.111216 0.326562 2.438853 -0.025547 0.200372 2.372774 0.260456 0.190462 2.418425 -0.131205 -0.062144 2.264122 0.343222 -0.074818 2.403622 -0.134625 -0.232516 2.403622 0.343150 -0.256186 2.073838 -0.125363 -0.291586 1.989210 0.335600 -0.356744 2.259228 0.107651 -0.062359 2.389964 0.113088 -0.122102 2.324761 0.046652 -0.183412 2.289838 0.179993 -0.185396 2.322344 0.038719 -0.569013 2.347936 0.179627 -0.553661 2.138609 0.046622 -0.774926 2.338905 0.177440 -0.765437 2.047020 0.033195 -0.801163 2.277266 0.174397 -0.748499 2.007805 
0.109510 0.495351 2.403211 0.109463 0.328038 2.415236 -0.027531 0.201906 2.349907 0.257975 0.192277 2.390641 -0.132240 -0.061105 2.241324 0.341407 -0.073072 2.382401 -0.135676 -0.229000 2.382401 0.341630 -0.258571 2.050505 -0.125500 -0.286959 1.965641 0.334401 -0.359580 2.253293 0.106616 -0.060905 2.365885 0.112122 -0.120663 2.300460 0.045825 -0.182272 2.266361 0.179089 -0.183666 2.297430 0.037006 -0.568640 2.331091 0.176980 -0.552910 2.116660 0.046551 -0.775209 2.332572 0.175360 -0.764474 2.020863 0.033137 -0.801321 2.269596 0.171282 -0.746803 1.975494 
0.107662 0.496979 2.377308 0.107874 0.329689 2.391149 -0.029231 0.203613 2.327819 0.255444 0.194062 2.363406 -0.133104 -0.060319 2.220055 0.339902 -0.071373 2.360590 -0.136605 -0.226091 2.360590 0.340423 -0.260974 2.029583 -0.125632 -0.282784 1.944265 0.333478 -0.362293 2.246137 0.105700 -0.059466 2.341480 0.111208 -0.119298 2.275894 0.045156 -0.181039 2.242322 0.178113 -0.181944 2.272457 0.035062 -0.567851 2.310884 0.174655 -0.552258 2.095920 0.046740 -0.775351 2.322975 0.173413 -0.763688 1.997293 0.033777 -0.801378 2.257710 0.168533 -0.745344 1.946989 
0.106280 0.498965 2.348842 0.106311 0.331795 2.364272 -0.030484 0.205619 2.301891 0.252762 0.196525 2.331341 -0.133838 -0.059441 2.199545 0.339201 -0.069406 2.330876 -0.137433 -0.223627 2.330876 0.339404 -0.263415 2.010722 -0.125735 -0.279164 1.925119 0.333369 -0.364795 2.229879 0.104808 -0.057914 2.312842 0.110193 -0.117819 2.246819 0.044522 -0.179520 2.214533 0.176838 -0.179894 2.242106 0.032350 -0.568116 2.281046 0.172642 -0.551744 2.075649 0.047378 -0.776488 2.304503 0.171813 -0.763031 1.976059 0.032746 -0.801219 2.250476 0.166059 -0.744157 1.920932 
0.104754 0.501337 2.319498 0.104753 0.334264 2.334460 -0.031596 0.207754 2.275682 0.250371 0.199540 2.298114 -0.134429 -0.058334 2.179854 0.338954 -0.066650 2.293854 -0.138209 -0.221464 2.293854 0.338234 -0.265292 1.993711 -0.125851 -0.276341 1.908326 0.333398 -0.365489 2.200503 0.104131 -0.056080 2.281873 0.109226 -0.116118 2.215518 0.043934 -0.177810 2.185394 0.175619 -0.177605 2.208607 0.028827 -0.568516 2.238805 0.170590 -0.551984 2.055963 0.044629 -0.778516 2.272244 0.170384 -0.762739 1.957116 0.030686 -0.798744 2.238459 0.163799 -0.743259 1.897516 
0.103329 0.503570 2.291501 0.103504 0.336702 2.306455 -0.032383 0.209988 2.250017 0.247792 0.202462 2.264760 -0.134884 -0.057331 2.161792 0.338932 -0.064031 2.256839 -0.138917 -0.219763 2.256839 0.336990 -0.267159 1.978438 -0.126019 -0.274379 1.894006 0.333439 -0.365528 2.166426 0.103581 -0.054422 2.252241 0.108213 -0.114597 2.185459 0.043317 -0.176122 2.157430 0.174243 -0.175479 2.176584 0.025181 -0.568353 2.194346 0.168785 -0.552330 2.038164 0.041708 -0.780148 2.235404 0.169009 -0.762736 1.940048 0.028121 -0.795929 2.224887 0.161816 -0.742457 1.876411 
0.102000 0.506035 2.260317 0.102366 0.339462 2.276289 -0.032599 0.212529 2.220956 0.245613 0.205680 2.229524 -0.135049 -0.056315 2.143934 0.338434 -0.060445 2.211288 -0.139550 -0.218642 2.211288 0.335602 -0.266562 1.964861 -0.126309 -0.273468 1.882180 0.333479 -0.360479 2.114027 0.102628 -0.052464 2.220646 0.106792 -0.112787 2.153527 0.042292 -0.173917 2.127537 0.172334 -0.173155 2.142750 0.019912 -0.565357 2.138747 0.167215 -0.552749 2.021241 0.038039 -0.779494 2.180760 0.167466 -0.762882 1.924511 0.024600 -0.783275 2.181459 0.160149 -0.741675 1.857597 
0.100809 0.508468 2.231740 0.101336 0.342110 2.247784 -0.032720 0.214932 2.194033 0.243732 0.208837 2.197016 -0.135077 -0.055238 2.127414 0.337586 -0.056918 2.167882 -0.140074 -0.217883 2.167882 0.334212 -0.264382 1.952889 -0.126752 -0.273520 1.872847 0.333457 -0.353475 2.058762 0.101698 -0.050520 2.191296 0.105357 -0.110992 2.123922 0.041223 -0.171765 2.099981 0.170419 -0.170905 2.111285 0.014956 -0.561539 2.085484 0.165817 -0.553196 2.005613 0.035376 -0.779606 2.143189 0.165895 -0.763187 1.910551 0.022424 -0.781545 2.141554 0.158786 -0.740978 1.840985 
0.099595 0.511000 2.204088 0.100453 0.344745 2.220335 -0.032898 0.217234 2.168392 0.241586 0.212233 2.165079 -0.134951 -0.053921 2.112117 0.336112 -0.053000 2.125007 -0.140477 -0.217241 2.125007 0.332855 -0.260126 1.942334 -0.127245 -0.274332 1.865900 0.332603 -0.345478 1.999366 0.100892 -0.048597 2.163463 0.103891 -0.109240 2.095938 0.040108 -0.169621 2.074102 0.168458 -0.168740 2.081541 0.010308 -0.556865 2.033506 0.164540 -0.553687 1.991044 0.032907 -0.779320 2.102788 0.164167 -0.763654 1.897961 0.020333 -0.780110 2.096106 0.157483 -0.740218 1.826575 
0.098454 0.513500 2.178321 0.099798 0.347489 2.193923 -0.032882 0.219794 2.143939 0.240050 0.215437 2.135497 -0.134730 -0.052487 2.097901 0.334057 -0.048982 2.083565 -0.140787 -0.216825 2.083565 0.331181 -0.255341 1.933190 -0.127775 -0.275793 1.861157 0.331423 -0.337198 1.941998 0.100042 -0.046464 2.137039 0.102406 -0.107270 2.069428 0.038867 -0.167269 2.049609 0.166527 -0.166513 2.053322 0.006139 -0.551535 1.984259 0.163328 -0.554145 1.977436 0.030340 -0.778491 2.062017 0.162021 -0.764231 1.887239 0.018276 -0.778609 2.048794 0.156218 -0.739546 1.814354 
0.096933 0.516367 2.150104 0.099383 0.350588 2.166126 -0.033083 0.222855 2.118224 0.238781 0.218579 2.103992 -0.134296 -0.050456 2.083553 0.330844 -0.044694 2.039093 -0.141092 -0.216296 2.039093 0.327730 -0.248073 1.924847 -0.128268 -0.277710 1.857868 0.327428 -0.323812 1.879096 0.099098 -0.043933 2.109809 0.100653 -0.104922 2.042228 0.037219 -0.164543 2.024507 0.164344 -0.164089 2.024315 0.002595 -0.545365 1.934205 0.162242 -0.554511 1.964827 0.027030 -0.776855 2.016627 0.160110 -0.764789 1.877612 0.015283 -0.776880 1.994983 0.155159 -0.738659 1.804076 
0.095554 0.519101 2.124150 0.098938 0.353511 2.139899 -0.033268 0.225819 2.094221 0.237433 0.221552 2.074977 -0.133766 -0.048068 2.069612 0.327719 -0.040663 1.998955 -0.141383 -0.215766 1.998955 0.324410 -0.240984 1.917294 -0.128788 -0.279610 1.855553 0.323402 -0.310937 1.822708 0.098128 -0.041520 2.084380 0.098901 -0.102692 2.016878 0.035586 -0.161899 2.001096 0.162169 -0.161799 1.997466 -0.000477 -0.539660 1.889843 0.161276 -0.554861 1.953243 0.023993 -0.775126 1.972668 0.158032 -0.765428 1.869266 0.012597 -0.775424 1.942461 0.154252 -0.737750 1.795853 
0.094242 0.521735 2.099119 0.098320 0.356265 2.114728 -0.033546 0.228470 2.070420 0.236303 0.224357 2.048216 -0.133219 -0.045456 2.055833 0.324502 -0.036733 1.961488 -0.141663 -0.215307 1.961488 0.320243 -0.232558 1.910483 -0.129337 -0.281320 1.853106 0.318653 -0.298557 1.770516 0.096977 -0.039190 2.060236 0.097125 -0.100546 1.992854 0.033832 -0.159354 1.978644 0.160082 -0.159681 1.972250 -0.003014 -0.534464 1.849713 0.160627 -0.555203 1.941721 0.021293 -0.773440 1.930236 0.156532 -0.765964 1.861762 0.010540 -0.774321 1.891572 0.153506 -0.736409 1.789221 
0.092997 0.524273 2.075269 0.097689 0.358959 2.090657 -0.033839 0.231036 2.047796 0.235023 0.227076 2.022664 -0.132764 -0.042786 2.042241 0.321343 -0.032994 1.927016 -0.141906 -0.214957 1.927016 0.316299 -0.225059 1.903905 -0.129865 -0.283026 1.850571 0.313802 -0.287055 1.723570 0.095773 -0.036995 2.036920 0.095244 -0.098535 1.969619 0.031987 -0.156920 1.956893 0.157878 -0.157670 1.948018 -0.005311 -0.529644 1.813789 0.160088 -0.555524 1.931166 0.019055 -0.771685 1.888213 0.155060 -0.766540 1.854882 0.008904 -0.773431 1.841220 0.152871 -0.734999 1.784158 
0.091761 0.526647 2.052323 0.096974 0.361515 2.067564 -0.034108 0.233443 2.025105 0.234061 0.229548 1.999156 -0.132419 -0.039883 2.028363 0.318173 -0.029566 1.894906 -0.142154 -0.214544 1.894906 0.312455 -0.218452 1.897901 -0.130452 -0.284530 1.847936 0.308787 -0.277832 1.679428 0.094381 -0.034809 2.014499 0.093357 -0.096506 1.947291 0.030023 -0.154460 1.935525 0.155761 -0.155752 1.924957 -0.007418 -0.525278 1.781510 0.159590 -0.555859 1.921100 0.017315 -0.769988 1.848527 0.153550 -0.767143 1.848934 0.008078 -0.772741 1.793786 0.152345 -0.733684 1.779984 
0.090485 0.528843 2.029763 0.096242 0.363905 2.045265 -0.034350 0.235826 2.003074 0.232805 0.231842 1.976060 -0.132169 -0.036989 2.013826 0.315069 -0.026409 1.865447 -0.142446 -0.214278 1.865447 0.308678 -0.212529 1.892281 -0.131104 -0.286004 1.845204 0.303889 -0.269726 1.639903 0.092865 -0.032828 1.992578 0.091268 -0.094668 1.925409 0.027894 -0.152080 1.914533 0.153410 -0.153996 1.902625 -0.009361 -0.521369 1.752400 0.158939 -0.556234 1.911248 0.016070 -0.768440 1.811278 0.152327 -0.767610 1.843367 0.007624 -0.772304 1.749448 0.151668 -0.733755 1.774367 
0.089209 0.530818 2.008554 0.095272 0.366140 2.023492 -0.034768 0.238100 1.981359 0.231411 0.233982 1.954335 -0.132098 -0.034393 1.998500 0.312006 -0.023562 1.838337 -0.142934 -0.214380 1.838337 0.305157 -0.207474 1.886319 -0.131927 -0.287751 1.842211 0.299587 -0.261965 1.605996 0.091239 -0.031041 1.971225 0.089200 -0.093039 1.904117 0.025812 -0.149899 1.893659 0.151109 -0.152402 1.881235 -0.011152 -0.517861 1.726115 0.158192 -0.556697 1.901043 0.015184 -0.767202 1.776898 0.151251 -0.768040 1.838141 0.007596 -0.772235 1.708686 0.151018 -0.734060 1.769128 
0.087810 0.532557 1.987462 0.094247 0.368172 2.002314 -0.035312 0.240017 1.959617 0.229740 0.235897 1.933144 -0.132500 -0.032039 1.981644 0.308893 -0.021211 1.813047 -0.143657 -0.214915 1.813047 0.301927 -0.203414 1.879678 -0.133155 -0.289973 1.838410 0.295506 -0.256216 1.574729 0.089461 -0.029561 1.950202 0.087000 -0.091726 1.883122 0.023668 -0.148018 1.873257 0.148602 -0.151056 1.860064 -0.012832 -0.514654 1.702282 0.157465 -0.557165 1.891296 0.014703 -0.766226 1.745395 0.150263 -0.768458 1.833398 0.007947 -0.772438 1.671486 0.150404 -0.734571 1.764336 
0.085990 0.534252 1.964007 0.092467 0.370274 1.978405 -0.036228 0.241620 1.933541 0.227447 0.237529 1.910030 -0.134182 -0.029781 1.958915 0.305635 -0.019480 1.787963 -0.145725 -0.216249 1.787963 0.298721 -0.200467 1.868096 -0.135879 -0.293239 1.829625 0.291506 -0.252068 1.546485 0.086703 -0.028373 1.925918 0.084018 -0.090768 1.858824 0.020719 -0.146375 1.848803 0.145350 -0.149977 1.836269 -0.014626 -0.511453 1.679292 0.156436 -0.557808 1.879011 0.013171 -0.765738 1.714595 0.149232 -0.768904 1.828852 0.007274 -0.773243 1.635503 0.149632 -0.735431 1.759372 
0.084141 0.535721 1.942030 0.090572 0.372193 1.955930 -0.037372 0.243107 1.909034 0.224974 0.238997 1.888055 -0.136271 -0.027804 1.935551 0.302666 -0.017979 1.765363 -0.148455 -0.217835 1.765363 0.295853 -0.197878 1.853635 -0.139235 -0.296796 1.817828 0.287852 -0.248586 1.521357 0.084028 -0.027312 1.902880 0.081141 -0.089899 1.835724 0.017920 -0.144889 1.825525 0.142203 -0.148958 1.813556 -0.016262 -0.508592 1.658456 0.155307 -0.558383 1.866326 0.011681 -0.765379 1.686861 0.148190 -0.769374 1.824519 0.006526 -0.774096 1.603241 0.148766 -0.736563 1.754427 
0.082085 0.537078 1.920284 0.088292 0.374122 1.933311 -0.039073 0.244685 1.884541 0.222124 0.240379 1.866291 -0.139353 -0.025836 1.909578 0.299950 -0.016606 1.744766 -0.152172 -0.219497 1.744766 0.293271 -0.195604 1.834970 -0.143537 -0.299123 1.801354 0.284442 -0.245817 1.498974 0.081187 -0.026213 1.879537 0.078200 -0.088970 1.812310 0.015089 -0.143386 1.801543 0.139034 -0.147872 1.790831 -0.017821 -0.505964 1.639304 0.154037 -0.558833 1.851675 0.010173 -0.765104 1.661543 0.146481 -0.769996 1.819269 0.005711 -0.774964 1.573960 0.147152 -0.738345 1.748187 
0.079748 0.538385 1.898871 0.085624 0.376053 1.910786 -0.041164 0.246469 1.859888 0.219102 0.241730 1.845141 -0.143195 -0.023583 1.882097 0.297413 -0.015392 1.725943 -0.156524 -0.220730 1.725943 0.290856 -0.193721 1.812896 -0.148464 -0.300884 1.780909 0.281162 -0.244007 1.479235 0.078073 -0.025040 1.856354 0.075142 -0.087950 1.789094 0.012162 -0.141813 1.777590 0.135787 -0.146724 1.768439 -0.019282 -0.503586 1.621630 0.152162 -0.558437 1.832574 0.008352 -0.764872 1.638177 0.144603 -0.770379 1.813578 0.004606 -0.775816 1.547162 0.145374 -0.740319 1.741404 
0.076478 0.540268 1.874220 0.081549 0.378790 1.885182 -0.044301 0.248712 1.830919 0.214835 0.243498 1.821181 -0.149237 -0.020187 1.847093 0.294813 -0.014183 1.708183 -0.162720 -0.220432 1.708183 0.288586 -0.192113 1.779510 -0.155087 -0.300764 1.746719 0.278164 -0.242205 1.462105 0.074115 -0.023479 1.829789 0.071565 -0.086607 1.762483 0.008923 -0.139901 1.749493 0.132040 -0.145175 1.743366 -0.020688 -0.501723 1.604848 0.149479 -0.555562 1.801449 0.006137 -0.764669 1.616061 0.143726 -0.771005 1.798295 0.003185 -0.776673 1.522119 0.145018 -0.744145 1.724115 
0.073331 0.542086 1.851235 0.077526 0.381452 1.861025 -0.047583 0.250792 1.803181 0.210785 0.245133 1.799066 -0.155609 -0.016922 1.812742 0.292353 -0.013085 1.691975 -0.169578 -0.219248 1.691975 0.286417 -0.190875 1.742734 -0.162904 -0.299087 1.704943 0.275297 -0.241144 1.447620 0.070174 -0.021932 1.804736 0.068124 -0.085267 1.737425 0.005748 -0.138089 1.722685 0.128493 -0.143676 1.719951 -0.022069 -0.500061 1.589559 0.146671 -0.551140 1.764598 0.003833 -0.764513 1.595806 0.143117 -0.771406 1.775747 0.001726 -0.777504 1.499370 0.145159 -0.748531 1.699353 
0.069528 0.543927 1.825172 0.072390 0.384477 1.833464 -0.051861 0.252791 1.771573 0.207367 0.246921 1.778382 -0.164291 -0.013179 1.770517 0.289623 -0.012070 1.676234 -0.177729 -0.216041 1.676234 0.284367 -0.189972 1.692324 -0.171816 -0.292253 1.649400 0.272632 -0.240730 1.435087 0.065208 -0.019589 1.776973 0.064349 -0.083135 1.710121 0.002014 -0.136024 1.693022 0.124944 -0.141651 1.694669 -0.023664 -0.498540 1.575183 0.142782 -0.542494 1.714352 0.001305 -0.764317 1.577405 0.141915 -0.770201 1.738443 0.000321 -0.778209 1.478963 0.145666 -0.752340 1.660074 
0.065746 0.545621 1.800535 0.067335 0.387244 1.807554 -0.056017 0.254538 1.741996 0.204058 0.248873 1.758529 -0.172739 -0.009479 1.730085 0.287025 -0.011165 1.661826 -0.186027 -0.209767 1.661826 0.282411 -0.189345 1.637275 -0.180105 -0.283946 1.593868 0.270111 -0.240915 1.424507 0.060539 -0.017365 1.751038 0.060795 -0.081069 1.684541 -0.001459 -0.134106 1.665214 0.121624 -0.139666 1.671038 -0.025157 -0.497171 1.561772 0.138790 -0.533335 1.664706 -0.001176 -0.764169 1.560264 0.140436 -0.768222 1.696830 -0.001072 -0.778917 1.460132 0.145821 -0.755546 1.616643 
0.061165 0.547637 1.772657 0.061393 0.390144 1.779074 -0.060860 0.256400 1.710147 0.200296 0.251144 1.736643 -0.181425 -0.004946 1.684179 0.284334 -0.010240 1.648014 -0.193695 -0.201167 1.648014 0.280542 -0.188792 1.574327 -0.187442 -0.271815 1.528960 0.267766 -0.242293 1.415251 0.055773 -0.014799 1.723768 0.057321 -0.078660 1.657745 -0.004708 -0.132117 1.635864 0.118448 -0.137238 1.646661 -0.025789 -0.495366 1.546331 0.133715 -0.521045 1.606598 -0.002883 -0.764046 1.541830 0.137551 -0.763102 1.641570 -0.001693 -0.779749 1.440514 0.144711 -0.756143 1.559913 
0.056489 0.549466 1.743803 0.055252 0.393157 1.749578 -0.065987 0.258229 1.677355 0.196853 0.253358 1.715093 -0.190208 -0.000647 1.636396 0.281480 -0.009284 1.634300 -0.199661 -0.190588 1.634300 0.278739 -0.188356 1.507203 -0.192361 -0.257046 1.460789 0.265459 -0.243847 1.406817 0.050916 -0.011763 1.695996 0.053985 -0.075759 1.630627 -0.007880 -0.129876 1.605499 0.115546 -0.134519 1.622590 -0.026455 -0.492756 1.530343 0.127929 -0.508250 1.547804 -0.004736 -0.763837 1.523986 0.133200 -0.755962 1.580971 -0.002350 -0.780480 1.421926 0.142450 -0.754718 1.498365 
