77
-0.090512 0.904462 3.030188 -0.104411 0.722694 3.090680 -0.276430 0.609531 3.055732 0.074124 0.607760 3.124353 -0.328735 0.365221 2.995840 0.129968 0.343367 3.154719 -0.299462 0.181161 3.154719 0.136157 0.133006 2.886080 -0.271938 0.109583 2.833952 0.128282 0.053601 3.034440 -0.098400 0.388004 3.101449 -0.092602 0.322339 3.083624 -0.164997 0.242311 3.067193 -0.015074 0.242588 3.092293 -0.186839 -0.258560 3.160571 0.006344 -0.268197 3.043780 -0.176256 -0.586646 3.236188 0.039304 -0.610734 2.969174 -0.187584 -0.644144 3.183480 0.051231 -0.666572 2.883981 
-0.087103 0.906076 3.013681 -0.105168 0.720751 3.081038 -0.269535 0.603637 3.030184 0.076403 0.604029 3.108346 -0.330162 0.359659 2.985686 0.132774 0.336716 3.138189 -0.299228 0.176620 3.138189 0.141243 0.130245 2.883556 -0.273646 0.106119 2.828598 0.131699 0.048923 3.030979 -0.099472 0.381443 3.083279 -0.092750 0.315424 3.062080 -0.164219 0.235330 3.042029 -0.016098 0.236390 3.069402 -0.185780 -0.263465 3.148674 0.002270 -0.275405 3.021563 -0.175329 -0.598771 3.233250 0.039968 -0.603166 2.912885 -0.184934 -0.651813 3.179903 0.050252 -0.644638 2.819598 
-0.083019 0.894403 2.983529 -0.101703 0.712395 3.050966 -0.270584 0.602297 3.016052 0.080157 0.590425 3.069908 -0.330384 0.351841 2.970013 0.136462 0.334386 3.127992 -0.304023 0.163815 3.127992 0.145641 0.120444 2.873272 -0.277281 0.090901 2.821770 0.139762 0.036105 3.024028 -0.097778 0.374424 3.062813 -0.093009 0.308186 3.043530 -0.165610 0.229418 3.027807 -0.016416 0.227391 3.049985 -0.187347 -0.266399 3.138078 0.002762 -0.279015 2.983581 -0.174843 -0.603225 3.230293 0.030441 -0.597572 2.854880 -0.186458 -0.656820 3.177903 0.038023 -0.642235 2.762811 
-0.080864 0.889422 2.953338 -0.093912 0.707629 3.021425 -0.267318 0.602900 2.997863 0.082586 0.590087 3.061990 -0.329265 0.348425 2.959565 0.139356 0.326491 3.096915 -0.305434 0.157033 3.096915 0.149904 0.109522 2.869345 -0.282234 0.076556 2.828056 0.143057 0.022056 3.018360 -0.096019 0.370757 3.038411 -0.091875 0.304183 3.021167 -0.165818 0.226186 3.009544 -0.016488 0.222831 3.027312 -0.189960 -0.269840 3.130506 -0.000166 -0.281965 2.977631 -0.178174 -0.604779 3.228020 0.024293 -0.587934 2.837426 -0.190620 -0.660108 3.177465 0.036435 -0.628465 2.743751 
-0.078335 0.889107 2.939914 -0.092278 0.705557 2.993045 -0.263359 0.602881 2.983033 0.086082 0.584307 3.033136 -0.328271 0.340029 2.946292 0.142164 0.315871 3.061035 -0.306577 0.135982 3.061035 0.152325 0.093203 2.869781 -0.287206 0.061686 2.827256 0.148595 0.003090 2.998373 -0.095633 0.365965 3.013991 -0.092981 0.298496 2.998944 -0.167058 0.222067 2.990393 -0.018805 0.217041 3.005037 -0.190738 -0.272826 3.113448 -0.004376 -0.281141 2.955500 -0.181541 -0.593982 3.220821 0.020459 -0.577741 2.788247 -0.189312 -0.655825 3.177213 0.039345 -0.621448 2.697005 
-0.063647 0.879394 2.910708 -0.088460 0.702782 2.982631 -0.257396 0.595621 2.946676 0.090693 0.582547 3.007465 -0.324350 0.338953 2.933342 0.143960 0.315830 3.050145 -0.307942 0.127661 3.050145 0.155045 0.093031 2.868058 -0.293792 0.045283 2.832383 0.150255 0.002371 2.994450 -0.093403 0.362579 2.994709 -0.090596 0.295532 2.977905 -0.165226 0.217796 2.963503 -0.017011 0.214450 2.983961 -0.186988 -0.273931 3.093013 -0.004917 -0.276423 2.932122 -0.180072 -0.597390 3.218911 0.021817 -0.578295 2.777972 -0.192220 -0.659619 3.176769 0.039237 -0.622283 2.686479 
-0.062062 0.875940 2.890135 -0.081117 0.691093 2.944577 -0.255261 0.588939 2.927870 0.095095 0.573809 2.976482 -0.321987 0.333108 2.915650 0.152202 0.310396 3.029914 -0.309789 0.118417 3.029914 0.161261 0.087974 2.868675 -0.301309 0.033578 2.837728 0.157001 -0.000964 2.980888 -0.090584 0.354885 2.961612 -0.089432 0.288124 2.947059 -0.165609 0.210602 2.937517 -0.016199 0.207335 2.952414 -0.185400 -0.273076 3.072674 -0.007271 -0.275076 2.916256 -0.177670 -0.596819 3.214720 0.022000 -0.579666 2.767578 -0.191704 -0.660900 3.176018 0.036973 -0.624941 2.676229 
-0.054580 0.870804 2.863275 -0.072517 0.691940 2.926714 -0.249418 0.587677 2.905241 0.103021 0.569818 2.954488 -0.321008 0.330118 2.896720 0.156685 0.302712 2.999115 -0.314117 0.113532 2.999115 0.164387 0.076651 2.864918 -0.310754 0.027438 2.842427 0.167881 -0.010169 2.955843 -0.086482 0.351805 2.939867 -0.086325 0.284356 2.924531 -0.164321 0.207258 2.917367 -0.013720 0.202029 2.925005 -0.182939 -0.279445 3.054831 -0.005562 -0.305330 2.879068 -0.173974 -0.597062 3.208532 0.024818 -0.592365 2.751338 -0.193980 -0.662090 3.174071 0.027525 -0.642393 2.661135 
-0.044092 0.870538 2.838809 -0.060487 0.689515 2.888033 -0.239350 0.586675 2.885062 0.110206 0.571184 2.930472 -0.320017 0.324021 2.887138 0.163770 0.299104 2.955631 -0.319228 0.104991 2.955631 0.173937 0.078258 2.860377 -0.313922 0.025143 2.842176 0.175974 -0.014342 2.925833 -0.080242 0.349645 2.906429 -0.081527 0.281893 2.893645 -0.159830 0.207221 2.885878 -0.010972 0.199361 2.898627 -0.168464 -0.272910 3.005753 -0.002308 -0.304395 2.871319 -0.177646 -0.577431 3.181379 0.022953 -0.595450 2.747844 -0.190966 -0.652561 3.179576 0.027297 -0.644907 2.657302 
-0.033789 0.865225 2.800166 -0.055842 0.686398 2.872511 -0.235354 0.583185 2.860941 0.120608 0.563759 2.887891 -0.319727 0.320714 2.875144 0.169009 0.296808 2.941047 -0.322614 0.100076 2.941047 0.178963 0.071881 2.856087 -0.318469 0.023683 2.843582 0.177033 -0.016148 2.877885 -0.073855 0.346690 2.880572 -0.075858 0.279786 2.864710 -0.155160 0.202954 2.854970 -0.004317 0.196782 2.864842 -0.160499 -0.275352 2.984596 0.001535 -0.303935 2.852414 -0.180517 -0.578204 3.162476 0.022594 -0.596179 2.743454 -0.175871 -0.620509 3.083370 0.027401 -0.646782 2.653524 
-0.026442 0.869566 2.788364 -0.040710 0.684805 2.833946 -0.224636 0.577473 2.826432 0.126866 0.561512 2.865574 -0.316050 0.317857 2.866776 0.184640 0.290582 2.897949 -0.326545 0.094055 2.897949 0.192104 0.078875 2.849447 -0.323016 0.021354 2.840516 0.182721 -0.013416 2.861178 -0.065940 0.342753 2.849169 -0.068682 0.274863 2.835876 -0.149511 0.199456 2.835010 0.001409 0.191985 2.832181 -0.160782 -0.277366 2.969604 0.008980 -0.309877 2.828839 -0.174979 -0.580448 3.148162 0.022667 -0.598574 2.738410 -0.167563 -0.623455 3.069613 0.028579 -0.652216 2.650284 
-0.014398 0.867190 2.755252 -0.035996 0.688188 2.815534 -0.216688 0.580361 2.809744 0.136327 0.565169 2.832305 -0.308984 0.320140 2.848666 0.191484 0.292852 2.863222 -0.329354 0.092657 2.863222 0.202702 0.066566 2.837530 -0.327843 0.020984 2.832539 0.191042 -0.022118 2.808820 -0.057732 0.345065 2.822505 -0.060651 0.277409 2.806672 -0.139175 0.203245 2.801269 0.008731 0.194440 2.803106 -0.159231 -0.274752 2.937838 0.010997 -0.309945 2.817361 -0.175400 -0.570255 3.127731 0.022892 -0.602210 2.734767 -0.171755 -0.612513 3.048497 0.028333 -0.656785 2.647166 
-0.010002 0.870140 2.736671 -0.027766 0.689342 2.791279 -0.210550 0.582035 2.792324 0.141472 0.567811 2.799847 -0.302549 0.329632 2.812876 0.199382 0.297243 2.838170 -0.332076 0.107687 2.838170 0.206872 0.070901 2.801677 -0.330275 0.029855 2.804267 0.196857 -0.012560 2.768175 -0.050034 0.344068 2.795233 -0.054009 0.276315 2.777868 -0.133379 0.202196 2.773754 0.015304 0.193648 2.772213 -0.163242 -0.273082 2.906842 0.015270 -0.307836 2.800900 -0.179192 -0.566071 3.100972 0.026590 -0.620569 2.719271 -0.179027 -0.607955 3.021495 0.029790 -0.670863 2.629083 
-0.002506 0.869249 2.712392 -0.017613 0.687602 2.771528 -0.200893 0.585963 2.764141 0.150422 0.566820 2.783139 -0.299950 0.332211 2.800323 0.210880 0.294764 2.787998 -0.329539 0.108557 2.787998 0.218224 0.075611 2.772518 -0.330149 0.032567 2.765604 0.204319 -0.007062 2.718072 -0.042013 0.346590 2.772060 -0.045544 0.280240 2.752050 -0.125972 0.206016 2.746803 0.023944 0.196399 2.744311 -0.164877 -0.268023 2.862287 0.024176 -0.308071 2.777764 -0.178210 -0.559206 3.059758 0.025959 -0.621653 2.715002 -0.175249 -0.600936 2.980228 0.029293 -0.674743 2.626404 
0.001874 0.869293 2.684644 -0.009422 0.682462 2.732612 -0.198984 0.584749 2.751014 0.161543 0.560342 2.742218 -0.293662 0.335156 2.781432 0.215816 0.294315 2.767165 -0.323577 0.109757 2.767165 0.222995 0.079716 2.751214 -0.323133 0.033903 2.726355 0.205860 -0.004071 2.665788 -0.033817 0.345479 2.743913 -0.039200 0.279157 2.726058 -0.121531 0.204478 2.726193 0.031541 0.193250 2.716976 -0.164269 -0.261698 2.815822 0.028871 -0.304767 2.757837 -0.174332 -0.551528 3.015879 0.026771 -0.621965 2.710809 -0.177826 -0.593536 2.936585 0.028365 -0.677511 2.623762 
0.007498 0.869102 2.671164 -0.007118 0.684134 2.721746 -0.190035 0.582401 2.723779 0.164226 0.558073 2.724627 -0.290365 0.333547 2.765464 0.223877 0.294960 2.725324 -0.315414 0.116142 2.725324 0.229592 0.085782 2.698687 -0.319055 0.038818 2.683929 0.213404 -0.002388 2.622325 -0.027353 0.343158 2.721695 -0.030910 0.276803 2.699185 -0.110942 0.202556 2.692752 0.040395 0.191728 2.690749 -0.180412 -0.278916 2.783234 0.035841 -0.303376 2.742630 -0.166433 -0.559016 2.995670 0.027948 -0.622339 2.705919 -0.167604 -0.600419 2.915967 0.025627 -0.681376 2.621188 
0.015258 0.870711 2.647549 0.000443 0.684062 2.703691 -0.183220 0.579720 2.705906 0.171380 0.557171 2.701805 -0.281467 0.329973 2.723620 0.228702 0.294478 2.694723 -0.312244 0.116365 2.694723 0.232315 0.089485 2.683598 -0.309281 0.042719 2.665298 0.220395 0.006762 2.567246 -0.021740 0.340926 2.705015 -0.026320 0.274506 2.681879 -0.107344 0.200222 2.680420 0.044388 0.190016 2.669434 -0.181134 -0.279374 2.726626 0.039625 -0.304437 2.726938 -0.172663 -0.561417 2.937712 0.028806 -0.622293 2.700971 -0.175027 -0.602806 2.858028 0.025501 -0.683677 2.617957 
0.017828 0.870751 2.635942 0.006687 0.682103 2.670461 -0.178124 0.578539 2.689475 0.175029 0.558750 2.679746 -0.278989 0.330656 2.714525 0.237429 0.303080 2.663333 -0.294541 0.110888 2.663333 0.235291 0.098903 2.632831 -0.294812 0.044574 2.611150 0.222569 0.021247 2.520572 -0.016666 0.340843 2.682424 -0.021941 0.274041 2.660953 -0.103400 0.199694 2.664068 0.048429 0.189884 2.648357 -0.176675 -0.283853 2.701551 0.045330 -0.302109 2.705117 -0.170305 -0.578629 2.897218 0.030747 -0.622456 2.696828 -0.174092 -0.620481 2.817869 0.025375 -0.685723 2.616150 
0.024281 0.867393 2.604128 0.009474 0.684621 2.657093 -0.173659 0.578722 2.673691 0.177614 0.557432 2.656237 -0.266288 0.332864 2.689061 0.241450 0.309017 2.633942 -0.282363 0.110777 2.633942 0.242340 0.102443 2.600768 -0.279211 0.048984 2.568531 0.228772 0.017852 2.478015 -0.012904 0.339205 2.664233 -0.018617 0.271964 2.641189 -0.099462 0.197903 2.640289 0.051448 0.188322 2.630908 -0.166774 -0.288958 2.654938 0.046020 -0.304327 2.695967 -0.160712 -0.600472 2.826966 0.031314 -0.622847 2.693616 -0.204173 -0.680523 2.855894 0.024956 -0.686135 2.616368 
0.023566 0.871221 2.598905 0.013024 0.685593 2.644624 -0.171612 0.577085 2.654582 0.180206 0.556105 2.636912 -0.260323 0.333838 2.670189 0.246319 0.312505 2.606198 -0.269519 0.107870 2.606198 0.247997 0.110180 2.565191 -0.272751 0.047761 2.529958 0.230640 0.032732 2.443166 -0.009043 0.337064 2.648167 -0.014774 0.269682 2.623097 -0.095978 0.195250 2.622964 0.055825 0.185809 2.609819 -0.164515 -0.291767 2.625511 0.051381 -0.309865 2.685167 -0.153316 -0.611311 2.769687 0.031396 -0.624424 2.691238 -0.200782 -0.678772 2.774621 0.024737 -0.688835 2.615771 
0.027392 0.864648 2.571371 0.014768 0.682775 2.627788 -0.167426 0.576215 2.638977 0.184670 0.555872 2.617996 -0.252846 0.329105 2.642216 0.246778 0.313725 2.588755 -0.252548 0.105755 2.588755 0.249629 0.118344 2.529632 -0.257786 0.054551 2.482609 0.230560 0.040571 2.409893 -0.006107 0.335586 2.633201 -0.011943 0.268583 2.607530 -0.092878 0.194264 2.607877 0.058751 0.184558 2.594333 -0.157123 -0.289871 2.581702 0.054921 -0.310367 2.674701 -0.146892 -0.618095 2.706439 0.031719 -0.625321 2.690150 -0.161399 -0.685498 2.673824 0.024377 -0.688940 2.615897 
0.028414 0.864368 2.559230 0.017490 0.682192 2.608082 -0.164523 0.574864 2.620889 0.185551 0.554932 2.595672 -0.247840 0.326004 2.623431 0.251965 0.313186 2.561423 -0.240593 0.108261 2.561423 0.251133 0.121539 2.503159 -0.250594 0.047606 2.470352 0.229820 0.044398 2.387212 -0.002637 0.334489 2.616777 -0.008746 0.267262 2.591161 -0.089167 0.193081 2.591007 0.061654 0.183904 2.579944 -0.154065 -0.301580 2.565424 0.056834 -0.314646 2.665039 -0.151980 -0.641404 2.649992 0.021328 -0.636135 2.692394 -0.178015 -0.701113 2.610481 0.024323 -0.689132 2.615868 
0.031286 0.861093 2.535539 0.017978 0.680196 2.586066 -0.163149 0.570340 2.601190 0.185028 0.552118 2.580331 -0.243050 0.323743 2.608140 0.251980 0.311298 2.544051 -0.234810 0.114226 2.544051 0.249333 0.125645 2.487923 -0.231447 0.057771 2.447245 0.228303 0.049378 2.365591 -0.000744 0.332269 2.597709 -0.006252 0.264748 2.572513 -0.086615 0.190509 2.574801 0.064869 0.182116 2.560081 -0.146464 -0.311736 2.538338 0.055654 -0.316065 2.656891 -0.157194 -0.646124 2.580710 0.020971 -0.636390 2.691265 -0.205536 -0.694962 2.527717 0.024330 -0.689290 2.616072 
0.030626 0.863409 2.523755 0.018804 0.679789 2.574138 -0.162081 0.570781 2.583540 0.187192 0.554034 2.568475 -0.236486 0.324425 2.585667 0.252300 0.313541 2.526664 -0.228869 0.120141 2.526664 0.249701 0.126139 2.474161 -0.223765 0.065695 2.424331 0.225673 0.056220 2.337787 0.001629 0.332081 2.583003 -0.003001 0.264922 2.556631 -0.082864 0.190703 2.556118 0.068683 0.181640 2.545183 -0.141435 -0.317416 2.511686 0.054875 -0.318659 2.648572 -0.190956 -0.649133 2.499128 0.021771 -0.637614 2.690848 -0.198700 -0.695462 2.439222 0.024893 -0.691216 2.614064 
0.031014 0.862529 2.503910 0.018917 0.675645 2.554762 -0.162829 0.571583 2.569474 0.187203 0.551790 2.550337 -0.233047 0.313451 2.560166 0.251806 0.310455 2.510798 -0.217765 0.112359 2.510798 0.243064 0.121478 2.446926 -0.215558 0.061408 2.399444 0.222551 0.047089 2.322930 0.004241 0.330866 2.566588 -0.000313 0.264008 2.540672 -0.080244 0.189125 2.542094 0.072235 0.180913 2.528365 -0.135111 -0.325221 2.491137 0.054381 -0.318847 2.640845 -0.178602 -0.646362 2.418839 0.021909 -0.638013 2.690317 -0.196905 -0.693584 2.350302 0.025215 -0.691291 2.614597 
0.030466 0.859302 2.481703 0.017867 0.672688 2.535113 -0.163301 0.568094 2.545913 0.187504 0.547237 2.529099 -0.233413 0.314708 2.547538 0.254148 0.307883 2.498213 -0.216920 0.108061 2.498213 0.241565 0.120194 2.435994 -0.211964 0.060316 2.385551 0.219747 0.046277 2.312181 0.006111 0.327337 2.548325 0.002346 0.260229 2.522809 -0.076961 0.184397 2.522704 0.075592 0.177780 2.512946 -0.133260 -0.325890 2.470651 0.054582 -0.318105 2.630046 -0.173382 -0.629650 2.368774 0.022013 -0.640035 2.689638 -0.193641 -0.669129 2.295901 0.028223 -0.693405 2.611450 
0.028197 0.856288 2.466439 0.018548 0.671920 2.513187 -0.163188 0.562166 2.525469 0.188192 0.542686 2.512466 -0.236009 0.316944 2.534618 0.254482 0.304230 2.486321 -0.215890 0.108642 2.486321 0.242042 0.120479 2.421828 -0.210502 0.057352 2.375062 0.219063 0.047201 2.303216 0.007931 0.324124 2.529748 0.004722 0.256178 2.505455 -0.074237 0.180391 2.505018 0.078242 0.173704 2.497898 -0.128710 -0.331707 2.449134 0.056160 -0.319077 2.623221 -0.164054 -0.657352 2.309418 0.022119 -0.641321 2.688028 -0.196561 -0.680522 2.223434 0.028983 -0.692595 2.611370 
0.027890 0.848505 2.442684 0.018983 0.667308 2.494854 -0.163098 0.555971 2.502625 0.187298 0.539510 2.498135 -0.237574 0.312052 2.508991 0.253313 0.302035 2.474660 -0.216584 0.099926 2.474660 0.240722 0.119940 2.403272 -0.211550 0.045181 2.360595 0.218826 0.045195 2.298401 0.009198 0.319286 2.509256 0.006929 0.251395 2.484949 -0.071901 0.175284 2.481508 0.081101 0.169758 2.479599 -0.125027 -0.332012 2.429943 0.058156 -0.320080 2.615271 -0.153446 -0.650214 2.266802 0.021451 -0.641956 2.686929 -0.183150 -0.657614 2.178411 0.029814 -0.692339 2.611871 
0.024985 0.846766 2.425329 0.017493 0.661452 2.476025 -0.162883 0.554189 2.480483 0.186804 0.538271 2.477822 -0.241243 0.308840 2.489577 0.253021 0.299068 2.464429 -0.219502 0.098168 2.464429 0.239013 0.114580 2.396789 -0.212961 0.041133 2.357417 0.217499 0.039890 2.294991 0.009244 0.316108 2.493010 0.007391 0.248380 2.469876 -0.071127 0.172937 2.467432 0.081931 0.166468 2.464701 -0.122427 -0.331411 2.410444 0.058954 -0.321136 2.606389 -0.152554 -0.639093 2.229842 0.021053 -0.643259 2.682424 -0.182768 -0.658016 2.146472 0.029858 -0.692295 2.611951 
0.022010 0.842700 2.405609 0.013628 0.658944 2.445607 -0.168224 0.547922 2.454363 0.183722 0.533412 2.456596 -0.243785 0.301551 2.468510 0.248812 0.280786 2.435362 -0.226591 0.090716 2.435362 0.232084 0.086736 2.384606 -0.221924 0.022465 2.344992 0.214682 0.011615 2.284500 0.007215 0.312499 2.468035 0.006076 0.244006 2.447562 -0.072479 0.167856 2.445301 0.081535 0.162261 2.445241 -0.116670 -0.334934 2.389241 0.061582 -0.324647 2.592484 -0.151183 -0.643666 2.219927 0.022622 -0.643065 2.679309 -0.178386 -0.657093 2.141356 0.034300 -0.698086 2.599314 
0.019022 0.833213 2.376882 0.009909 0.655324 2.430695 -0.170258 0.545902 2.434428 0.180683 0.530265 2.441434 -0.246265 0.295046 2.442592 0.246790 0.277204 2.428836 -0.239348 0.085403 2.428836 0.229591 0.082044 2.372402 -0.229720 0.015187 2.338676 0.213612 0.005026 2.282462 0.004260 0.308218 2.447985 0.003743 0.239888 2.427384 -0.073952 0.164641 2.423699 0.079153 0.157379 2.424718 -0.116476 -0.340194 2.370128 0.062477 -0.326631 2.578004 -0.138619 -0.648391 2.188784 0.025610 -0.645421 2.676923 -0.171376 -0.668469 2.101325 0.035051 -0.703246 2.594676 
0.015660 0.831985 2.357569 0.002732 0.649261 2.403147 -0.178291 0.541736 2.405011 0.176769 0.528119 2.421597 -0.251010 0.282192 2.414620 0.243005 0.275548 2.421350 -0.251737 0.074029 2.421350 0.225335 0.077002 2.357638 -0.246053 0.002137 2.327731 0.212367 0.000388 2.281804 0.000579 0.304982 2.424773 0.001270 0.236674 2.406574 -0.076107 0.160843 2.402271 0.077764 0.153586 2.406398 -0.116815 -0.349303 2.348666 0.064461 -0.329721 2.569106 -0.139810 -0.655751 2.180818 0.029321 -0.649200 2.671484 -0.158491 -0.687555 2.084441 0.033015 -0.706427 2.594524 
0.012870 0.830552 2.339941 0.000767 0.646380 2.377679 -0.179988 0.538853 2.382454 0.171738 0.523687 2.396590 -0.253313 0.282065 2.399323 0.237932 0.272234 2.409719 -0.260830 0.063829 2.409719 0.224286 0.070741 2.341792 -0.256669 -0.005404 2.320724 0.210953 -0.007859 2.280259 -0.002001 0.300974 2.397283 -0.001571 0.232508 2.380116 -0.079112 0.157209 2.374863 0.075063 0.149727 2.381804 -0.115877 -0.348639 2.341298 0.064849 -0.331038 2.551755 -0.141827 -0.653649 2.179039 0.033759 -0.648190 2.659582 -0.152565 -0.684782 2.083673 0.032893 -0.708294 2.594421 
0.002959 0.826291 2.300538 -0.002710 0.643027 2.359963 -0.184235 0.530347 2.352088 0.167134 0.522065 2.377523 -0.256749 0.276545 2.364912 0.230160 0.266661 2.394349 -0.272993 0.060198 2.394349 0.221076 0.061666 2.329997 -0.272789 -0.013375 2.310973 0.210025 -0.018668 2.277389 -0.004899 0.294764 2.375000 -0.003572 0.225926 2.357377 -0.080386 0.149563 2.350100 0.073032 0.144361 2.358727 -0.116046 -0.356327 2.328577 0.053389 -0.354142 2.526891 -0.143421 -0.660519 2.169174 0.031423 -0.655751 2.656388 -0.150721 -0.694370 2.076404 0.032345 -0.711461 2.595238 
-0.000121 0.829035 2.291347 -0.015077 0.641984 2.327074 -0.188190 0.530718 2.327657 0.161017 0.522308 2.354115 -0.263314 0.274317 2.345298 0.222180 0.265920 2.373118 -0.286566 0.057375 2.373118 0.219847 0.056622 2.314627 -0.278517 -0.015735 2.293529 0.209539 -0.024229 2.274343 -0.011125 0.294216 2.347996 -0.008794 0.225048 2.333045 -0.084392 0.150750 2.326360 0.068732 0.142301 2.336519 -0.127000 -0.364192 2.303512 0.059566 -0.311145 2.492460 -0.145098 -0.663264 2.167539 0.033400 -0.638387 2.640347 -0.151773 -0.699256 2.074533 0.032529 -0.711681 2.593570 
-0.007280 0.830109 2.265822 -0.016285 0.643689 2.312753 -0.192529 0.530408 2.302714 0.156150 0.525150 2.333105 -0.270572 0.275239 2.309062 0.217592 0.265506 2.356275 -0.299473 0.054899 2.356275 0.215528 0.055194 2.288394 -0.289251 -0.016778 2.276520 0.209158 -0.029924 2.269681 -0.014907 0.294976 2.325202 -0.012833 0.226097 2.308699 -0.088782 0.151739 2.299324 0.064106 0.143753 2.311260 -0.130164 -0.359299 2.295393 0.012506 -0.333586 2.433461 -0.146865 -0.662587 2.162965 0.035733 -0.634899 2.624058 -0.151676 -0.702067 2.071800 0.033255 -0.712236 2.592066 
-0.013890 0.825105 2.245638 -0.023129 0.646878 2.284087 -0.199925 0.528824 2.271638 0.149318 0.528847 2.312996 -0.275660 0.276904 2.290382 0.211857 0.264223 2.340056 -0.306711 0.060211 2.340056 0.214266 0.054072 2.265396 -0.304461 -0.018712 2.239131 0.208281 -0.023326 2.268028 -0.021640 0.296044 2.299791 -0.018841 0.226540 2.284957 -0.094319 0.152043 2.277482 0.058196 0.144486 2.287906 -0.134224 -0.358967 2.284859 0.054915 -0.343150 2.472580 -0.148302 -0.660810 2.160850 0.030814 -0.662121 2.629660 -0.151199 -0.703086 2.071254 0.034782 -0.720911 2.581272 
-0.019735 0.820351 2.220895 -0.030887 0.646878 2.264412 -0.204207 0.529615 2.252842 0.142862 0.530150 2.289698 -0.286408 0.274812 2.258564 0.206678 0.266586 2.321216 -0.312723 0.062147 2.321216 0.212928 0.055834 2.219412 -0.308646 -0.015537 2.212600 0.206977 -0.024390 2.261977 -0.028104 0.296185 2.277729 -0.025333 0.226822 2.262676 -0.100822 0.152495 2.252346 0.052232 0.144760 2.267285 -0.139704 -0.353430 2.267932 0.009746 -0.339822 2.407802 -0.149274 -0.660389 2.159148 0.027771 -0.638122 2.603677 -0.152021 -0.707712 2.069171 0.033280 -0.711670 2.584517 
-0.025686 0.816220 2.202795 -0.037327 0.647142 2.246884 -0.211030 0.529798 2.225475 0.136960 0.532183 2.271189 -0.293233 0.279984 2.235725 0.201833 0.270025 2.303108 -0.315452 0.067227 2.303108 0.210488 0.058789 2.194765 -0.307812 -0.012673 2.162118 0.205166 -0.018660 2.237987 -0.034124 0.296105 2.257247 -0.030721 0.226859 2.241566 -0.106072 0.151797 2.231110 0.047155 0.145639 2.245080 -0.145536 -0.352942 2.249143 0.021326 -0.333461 2.405637 -0.149354 -0.653490 2.158931 0.026717 -0.640446 2.590298 -0.152015 -0.706783 2.070772 0.038306 -0.715002 2.579877 
-0.032058 0.811045 2.181979 -0.042949 0.646652 2.223388 -0.215673 0.531316 2.207705 0.131386 0.532606 2.253239 -0.298770 0.282950 2.207472 0.195557 0.272129 2.282562 -0.315071 0.068286 2.282562 0.206816 0.057829 2.153179 -0.307513 -0.007271 2.132656 0.200963 -0.018998 2.211699 -0.039189 0.296438 2.234832 -0.035696 0.227284 2.219468 -0.111386 0.152341 2.206647 0.042706 0.145794 2.225770 -0.149146 -0.345639 2.236054 0.027584 -0.332998 2.394371 -0.148765 -0.652832 2.158156 0.030692 -0.637280 2.573324 -0.153025 -0.708332 2.072234 0.030396 -0.713401 2.571787 
-0.034667 0.807739 2.168264 -0.046128 0.647775 2.210607 -0.221299 0.532764 2.186824 0.127313 0.533136 2.234436 -0.310091 0.280588 2.175638 0.191363 0.272226 2.268302 -0.313088 0.071298 2.268302 0.205995 0.062709 2.119406 -0.303787 -0.003532 2.094902 0.200507 -0.017318 2.190786 -0.043099 0.296976 2.218186 -0.039574 0.227980 2.201432 -0.115317 0.152550 2.187866 0.038632 0.146227 2.206464 -0.152228 -0.343143 2.225063 0.033162 -0.340597 2.373936 -0.148136 -0.651992 2.157770 0.029675 -0.639273 2.570716 -0.153162 -0.709653 2.075344 0.039754 -0.713567 2.557649 
-0.037882 0.804090 2.149083 -0.050796 0.645961 2.194162 -0.227270 0.529716 2.165532 0.120792 0.530363 2.215926 -0.311527 0.281848 2.151972 0.185145 0.270234 2.244477 -0.311095 0.074443 2.244477 0.203136 0.062016 2.079173 -0.300692 0.004567 2.050372 0.197114 -0.014360 2.159647 -0.048445 0.294829 2.199937 -0.044750 0.225980 2.182083 -0.120562 0.149490 2.167225 0.033348 0.145280 2.187449 -0.152703 -0.341457 2.213296 0.042253 -0.340508 2.348460 -0.148099 -0.652088 2.157777 0.027892 -0.633754 2.552263 -0.153526 -0.709597 2.076297 0.038253 -0.708866 2.558280 
-0.040649 0.806579 2.133707 -0.058269 0.646773 2.174941 -0.228934 0.529017 2.149444 0.116397 0.529549 2.203691 -0.314225 0.282874 2.131248 0.179402 0.269255 2.227471 -0.308214 0.077116 2.227471 0.197457 0.063976 2.049055 -0.295177 0.006008 2.021194 0.189978 -0.016617 2.125134 -0.053224 0.293037 2.182752 -0.048699 0.223653 2.164713 -0.123897 0.146901 2.149698 0.029975 0.144489 2.171263 -0.154943 -0.339157 2.202122 0.050463 -0.340122 2.316180 -0.148360 -0.652551 2.157483 0.034812 -0.629799 2.512059 -0.153409 -0.709684 2.076763 0.047651 -0.703489 2.525740 
-0.043709 0.803820 2.115800 -0.061695 0.646572 2.162150 -0.232813 0.526907 2.129145 0.110663 0.527582 2.188403 -0.316283 0.289156 2.095987 0.173239 0.269556 2.211729 -0.303111 0.082622 2.211729 0.191509 0.064220 2.014176 -0.288641 0.009958 1.975160 0.188471 -0.014597 2.106223 -0.057138 0.292144 2.167826 -0.052174 0.222835 2.148609 -0.127178 0.145340 2.132830 0.026300 0.145054 2.154525 -0.156545 -0.336689 2.188366 0.057102 -0.334838 2.267404 -0.148153 -0.652466 2.156787 0.027400 -0.615114 2.486055 -0.153355 -0.709666 2.077062 0.039548 -0.657053 2.407978 
-0.044792 0.801538 2.102971 -0.065392 0.644335 2.149115 -0.235697 0.525216 2.111914 0.105967 0.525910 2.175505 -0.315945 0.289414 2.076310 0.167221 0.269409 2.193399 -0.301534 0.086424 2.193399 0.182113 0.058959 1.996692 -0.286903 0.018029 1.948080 0.180227 -0.012508 2.073239 -0.061519 0.290642 2.152943 -0.056160 0.221781 2.132218 -0.130927 0.144490 2.115230 0.021998 0.144508 2.138114 -0.157754 -0.340264 2.178252 0.058888 -0.327041 2.225567 -0.148105 -0.653564 2.154422 0.033216 -0.623811 2.424823 -0.152916 -0.709422 2.078282 0.040661 -0.697711 2.440698 
-0.049830 0.798737 2.086457 -0.068787 0.643109 2.136117 -0.237103 0.525805 2.097377 0.102412 0.525581 2.163447 -0.315472 0.287583 2.043822 0.162997 0.269201 2.180310 -0.299118 0.089687 2.180310 0.180721 0.062951 1.950510 -0.283909 0.020220 1.915814 0.171930 -0.005967 2.045239 -0.065175 0.290231 2.138900 -0.059389 0.221807 2.116666 -0.133801 0.144932 2.098196 0.018503 0.144863 2.123126 -0.160097 -0.342101 2.165334 0.059505 -0.321450 2.174598 -0.148476 -0.654067 2.152407 0.045488 -0.632811 2.354967 -0.154591 -0.710863 2.079731 0.050898 -0.708393 2.360831 
-0.052246 0.796204 2.071769 -0.073321 0.640159 2.120515 -0.239192 0.524217 2.078391 0.100308 0.525727 2.153959 -0.314415 0.287876 2.021099 0.158440 0.267613 2.167094 -0.296756 0.085797 2.167094 0.178058 0.066392 1.939167 -0.281276 0.022254 1.891939 0.169855 -0.000599 2.033684 -0.069000 0.289605 2.125413 -0.062186 0.221621 2.102686 -0.136301 0.144255 2.083631 0.015979 0.145054 2.110122 -0.160288 -0.343846 2.155794 0.055977 -0.322497 2.152303 -0.149119 -0.655011 2.151747 0.048796 -0.647554 2.311189 -0.155909 -0.712121 2.081590 0.069319 -0.718092 2.292076 
-0.054901 0.793983 2.058656 -0.074718 0.639150 2.110051 -0.240429 0.523684 2.064522 0.098245 0.524430 2.141774 -0.310983 0.283924 2.003464 0.154148 0.267666 2.155265 -0.291932 0.085861 2.155265 0.170355 0.065385 1.910882 -0.275493 0.024127 1.863757 0.167844 0.002667 2.018418 -0.071364 0.289054 2.113375 -0.064303 0.221502 2.089100 -0.138468 0.143815 2.069577 0.013660 0.145356 2.095935 -0.161410 -0.347314 2.145795 0.047968 -0.317710 2.100483 -0.147958 -0.658408 2.152245 0.048380 -0.650063 2.246481 -0.157663 -0.713337 2.081947 0.074900 -0.710048 2.208368 
-0.056298 0.792174 2.044785 -0.076350 0.637297 2.096349 -0.241742 0.523308 2.049225 0.096368 0.522798 2.127968 -0.308149 0.279126 1.982518 0.150650 0.273780 2.141054 -0.286898 0.080348 2.141054 0.165963 0.067616 1.892213 -0.267763 0.005424 1.837244 0.161474 0.004988 1.998689 -0.073905 0.288068 2.099512 -0.066575 0.220911 2.073938 -0.140792 0.142959 2.053296 0.011231 0.144979 2.081321 -0.162126 -0.350697 2.136601 0.044999 -0.320492 2.077343 -0.144943 -0.657287 2.151331 0.050751 -0.668246 2.174527 -0.157629 -0.713397 2.082429 0.084635 -0.727069 2.140780 
-0.058725 0.787094 2.025380 -0.079586 0.633666 2.079501 -0.243083 0.521070 2.031526 0.093509 0.521967 2.114519 -0.304957 0.277590 1.966567 0.148138 0.274853 2.129812 -0.283297 0.081109 2.129812 0.162444 0.067890 1.870632 -0.260059 0.008852 1.813593 0.158649 0.001979 1.987892 -0.076532 0.285480 2.085605 -0.068500 0.218425 2.059804 -0.142490 0.140899 2.038794 0.009538 0.142557 2.068601 -0.163389 -0.352465 2.128612 0.040090 -0.351430 2.046428 -0.143025 -0.657683 2.151691 0.054281 -0.666951 2.100697 -0.157811 -0.713551 2.082886 0.081692 -0.729141 2.045453 
-0.058310 0.783944 2.011221 -0.079393 0.632154 2.068234 -0.243251 0.520051 2.019593 0.092287 0.520462 2.101664 -0.302924 0.273424 1.949283 0.146645 0.274237 2.121313 -0.279077 0.081264 2.121313 0.161516 0.067406 1.844215 -0.253760 0.005221 1.793215 0.158391 -0.000691 1.981563 -0.076814 0.283430 2.073190 -0.068666 0.216535 2.046088 -0.142421 0.139249 2.024365 0.009017 0.140513 2.054773 -0.162551 -0.355902 2.122723 0.035458 -0.356773 2.025434 -0.141267 -0.658299 2.150671 0.064538 -0.672054 2.022429 -0.159064 -0.714244 2.083008 0.079148 -0.729705 1.960142 
-0.058716 0.780644 1.995326 -0.079006 0.629044 2.053097 -0.243348 0.518027 2.004270 0.091279 0.516767 2.087085 -0.302112 0.272158 1.938320 0.145692 0.272877 2.109697 -0.275968 0.082312 2.109697 0.160844 0.066416 1.829111 -0.248384 0.007157 1.777869 0.159183 -0.002670 1.976954 -0.078095 0.280530 2.058422 -0.069921 0.213789 2.030393 -0.143871 0.136536 2.009404 0.007350 0.138148 2.038175 -0.160388 -0.362725 2.116058 0.031908 -0.365188 1.990806 -0.138947 -0.661481 2.150879 0.070250 -0.662427 1.946440 -0.160567 -0.716586 2.080648 0.080636 -0.724209 1.875750 
-0.057107 0.780697 1.983555 -0.080373 0.624883 2.033959 -0.243841 0.514889 1.988397 0.090189 0.513879 2.070150 -0.300722 0.269836 1.926294 0.143608 0.262215 2.087869 -0.273088 0.081814 2.087869 0.161432 0.059215 1.813885 -0.243569 0.006194 1.764370 0.159966 -0.007298 1.972318 -0.078520 0.278073 2.043365 -0.070151 0.211373 2.015643 -0.143937 0.133977 1.995346 0.007330 0.136239 2.024143 -0.158845 -0.364661 2.108483 0.029537 -0.357472 1.966974 -0.137296 -0.661339 2.148732 0.064893 -0.646707 1.891947 -0.161144 -0.718270 2.079458 0.067576 -0.697523 1.818912 
-0.056126 0.777209 1.966214 -0.081044 0.622064 2.017631 -0.243539 0.513193 1.976596 0.091058 0.512258 2.056175 -0.299807 0.267778 1.916643 0.143886 0.258574 2.078200 -0.270826 0.079203 2.078200 0.161618 0.055243 1.805580 -0.240502 0.004929 1.754424 0.159258 -0.018752 1.964410 -0.079264 0.276157 2.027153 -0.071009 0.209716 1.999050 -0.145068 0.132065 1.979017 0.006740 0.134573 2.007207 -0.158450 -0.366058 2.098588 0.027827 -0.348616 1.938218 -0.137275 -0.664477 2.144832 0.057813 -0.634802 1.842610 -0.162259 -0.722218 2.076207 0.061558 -0.687940 1.760396 
-0.056043 0.773940 1.948789 -0.079411 0.619191 2.001590 -0.243933 0.509966 1.960746 0.093132 0.505846 2.036497 -0.299732 0.266274 1.906326 0.145109 0.254597 2.065367 -0.269037 0.077001 2.065367 0.163135 0.048435 1.797074 -0.237624 0.001440 1.748344 0.160523 -0.029215 1.960365 -0.079927 0.273319 2.010167 -0.072409 0.207030 1.981147 -0.147280 0.129295 1.961682 0.004973 0.131047 1.987713 -0.157782 -0.365584 2.087800 0.023190 -0.337176 1.924302 -0.137149 -0.668076 2.142910 0.049727 -0.620378 1.807006 -0.163181 -0.724005 2.076537 0.057431 -0.670054 1.723314 
-0.056085 0.767459 1.923975 -0.076877 0.616465 1.983670 -0.242566 0.506598 1.944995 0.094436 0.503299 2.018353 -0.300242 0.263412 1.895193 0.145318 0.250731 2.044770 -0.267561 0.071876 2.044770 0.167153 0.041561 1.791147 -0.240658 0.020970 1.755318 0.163243 -0.034637 1.958865 -0.079653 0.270763 1.994265 -0.072709 0.204316 1.965306 -0.148001 0.126904 1.946490 0.004180 0.128312 1.972367 -0.156670 -0.365820 2.072601 0.019357 -0.327792 1.902425 -0.138396 -0.669772 2.140981 0.044986 -0.611980 1.782699 -0.164294 -0.724990 2.076772 0.049359 -0.659220 1.705954 
-0.051491 0.764468 1.906469 -0.073652 0.612600 1.964752 -0.240820 0.503951 1.932029 0.097036 0.498161 1.997131 -0.299524 0.259888 1.884529 0.146741 0.243694 2.026113 -0.267679 0.064967 2.026113 0.171373 0.032659 1.787557 -0.237782 -0.012121 1.739813 0.170397 -0.057276 1.951076 -0.079403 0.267377 1.974131 -0.073801 0.201187 1.944213 -0.150098 0.124338 1.925812 0.002353 0.124533 1.949701 -0.157943 -0.362706 2.057902 0.016029 -0.318657 1.884753 -0.141566 -0.673786 2.138303 0.040796 -0.602391 1.765303 -0.164684 -0.725216 2.076943 0.046283 -0.649942 1.693178 
-0.043565 0.761645 1.888266 -0.071473 0.610159 1.945895 -0.240156 0.498948 1.914451 0.100824 0.494430 1.976287 -0.298511 0.255231 1.875297 0.151491 0.236408 2.006377 -0.268123 0.057835 2.006377 0.177365 0.025073 1.783610 -0.246340 0.004832 1.748451 0.174657 -0.066888 1.940601 -0.079090 0.265919 1.957411 -0.074175 0.199710 1.927692 -0.151611 0.122271 1.909949 0.002282 0.122582 1.933278 -0.157562 -0.358652 2.036478 0.013096 -0.319149 1.863997 -0.144630 -0.677054 2.134885 0.037727 -0.597700 1.748906 -0.165073 -0.725521 2.076910 0.043253 -0.646157 1.685999 
-0.040939 0.754494 1.861556 -0.069408 0.606653 1.924733 -0.238281 0.493990 1.898792 0.103381 0.488737 1.952894 -0.297454 0.250286 1.863914 0.154214 0.233040 1.986323 -0.269231 0.049149 1.986323 0.183197 0.021521 1.781313 -0.253401 -0.005031 1.747798 0.178831 -0.071646 1.930020 -0.077917 0.262267 1.936271 -0.073943 0.196065 1.906244 -0.152162 0.118676 1.890085 0.002608 0.118932 1.910511 -0.151666 -0.360499 2.019036 0.012967 -0.319064 1.846777 -0.149115 -0.679794 2.125211 0.034941 -0.596627 1.739905 -0.169469 -0.732218 2.074454 0.037852 -0.647734 1.672589 
-0.034986 0.756339 1.848756 -0.065649 0.604301 1.905110 -0.233843 0.492008 1.879030 0.107772 0.488795 1.935636 -0.296001 0.245385 1.851583 0.159857 0.231003 1.962394 -0.271686 0.040180 1.962394 0.186581 0.018995 1.780104 -0.261545 -0.018558 1.748163 0.182515 -0.063786 1.912972 -0.076170 0.260261 1.917334 -0.072336 0.194036 1.887364 -0.151148 0.116481 1.871321 0.004002 0.116957 1.891665 -0.146937 -0.358877 2.001435 0.009155 -0.318257 1.839052 -0.155347 -0.685643 2.122849 0.032370 -0.597241 1.735493 -0.172337 -0.739251 2.072212 0.037662 -0.647801 1.672395 
-0.033828 0.735749 1.803543 -0.059427 0.600462 1.883817 -0.229556 0.488319 1.861552 0.113096 0.482340 1.905653 -0.294933 0.240152 1.838570 0.163903 0.227570 1.938424 -0.275332 0.031441 1.938424 0.192470 0.015575 1.778689 -0.269540 -0.026107 1.750044 0.188228 -0.070018 1.882712 -0.072233 0.254638 1.895432 -0.070111 0.188134 1.864878 -0.149264 0.110820 1.851373 0.004964 0.111453 1.866443 -0.145815 -0.333254 1.965547 0.005872 -0.318278 1.827318 -0.158595 -0.666688 2.106730 0.029191 -0.599671 1.731762 -0.171778 -0.736272 2.079978 0.037278 -0.648383 1.672320 
-0.027853 0.741692 1.791461 -0.052439 0.599246 1.863483 -0.222780 0.485528 1.840355 0.119640 0.477365 1.883559 -0.293779 0.238321 1.828283 0.170717 0.224060 1.911924 -0.281990 0.027095 1.911924 0.195317 0.012298 1.777760 -0.276356 -0.034009 1.751206 0.193007 -0.070601 1.853434 -0.069056 0.251741 1.874879 -0.067721 0.184918 1.843991 -0.147717 0.108190 1.831755 0.006592 0.107733 1.843972 -0.143289 -0.330572 1.954862 0.004821 -0.321790 1.812641 -0.157895 -0.662866 2.098449 0.027197 -0.601307 1.728074 -0.171252 -0.734358 2.077305 0.036105 -0.650769 1.671411 
-0.013846 0.740527 1.770312 -0.040798 0.596126 1.839383 -0.216572 0.484845 1.822073 0.127117 0.474626 1.857549 -0.291619 0.236566 1.814426 0.179855 0.222867 1.883205 -0.287328 0.023460 1.883205 0.200722 0.010109 1.774007 -0.283238 -0.035353 1.750105 0.198404 -0.070528 1.818627 -0.060041 0.249009 1.849179 -0.059995 0.182542 1.817394 -0.140309 0.105987 1.803018 0.013187 0.105072 1.818437 -0.140247 -0.325600 1.935420 0.006226 -0.320504 1.803492 -0.158272 -0.655317 2.084026 0.025977 -0.603697 1.725765 -0.170455 -0.731736 2.076147 0.034480 -0.654123 1.669851 
0.001296 0.734706 1.743663 -0.033457 0.595326 1.817181 -0.209339 0.483225 1.802204 0.135446 0.470656 1.832719 -0.289999 0.235548 1.800574 0.190080 0.224026 1.855282 -0.295662 0.021771 1.855282 0.207636 0.012959 1.765931 -0.289063 -0.036257 1.747711 0.200506 -0.070692 1.784304 -0.054152 0.247985 1.827547 -0.054864 0.181504 1.795385 -0.135763 0.104805 1.782743 0.018050 0.103787 1.794915 -0.137673 -0.322544 1.918067 0.016338 -0.318672 1.779823 -0.157152 -0.646443 2.077531 0.026269 -0.606194 1.723134 -0.171119 -0.727969 2.072404 0.033999 -0.657182 1.667571 
0.006311 0.732662 1.718477 -0.027990 0.595469 1.794950 -0.203010 0.480073 1.783058 0.140992 0.468671 1.806666 -0.287394 0.238655 1.788707 0.197501 0.221979 1.823564 -0.300372 0.024844 1.823564 0.210044 0.010067 1.757591 -0.292951 -0.036353 1.743177 0.203717 -0.068573 1.742273 -0.047809 0.245691 1.802784 -0.049022 0.179155 1.769153 -0.129442 0.102495 1.757307 0.023554 0.101945 1.766692 -0.136104 -0.343610 1.911661 0.026103 -0.319429 1.765208 -0.151678 -0.665518 2.075161 0.027719 -0.608186 1.720539 -0.170639 -0.736495 2.056323 0.032683 -0.660125 1.665496 
0.020959 0.730972 1.697947 -0.019222 0.596246 1.775550 -0.192751 0.478758 1.761156 0.146825 0.466657 1.782028 -0.283082 0.244928 1.772530 0.204763 0.221829 1.796078 -0.304029 0.031405 1.796078 0.214385 0.012834 1.746009 -0.295988 -0.033776 1.733070 0.212480 -0.064400 1.703660 -0.038596 0.242987 1.780951 -0.039890 0.176223 1.745516 -0.119915 0.100600 1.733889 0.032485 0.099862 1.741796 -0.135888 -0.349955 1.895840 0.032490 -0.323086 1.751667 -0.146711 -0.669153 2.064372 0.033223 -0.610250 1.716369 -0.173016 -0.740145 2.059448 0.028643 -0.663854 1.662874 
0.027666 0.730463 1.674131 -0.014233 0.595631 1.751139 -0.184746 0.475513 1.742612 0.154961 0.468109 1.760221 -0.278768 0.246325 1.760867 0.214151 0.221827 1.764988 -0.305161 0.033876 1.764988 0.218983 0.013055 1.728225 -0.297015 -0.031302 1.714575 0.217542 -0.059061 1.669446 -0.031911 0.241562 1.758533 -0.033263 0.174678 1.722518 -0.112859 0.099382 1.712696 0.039440 0.098135 1.717082 -0.133492 -0.347641 1.854468 0.038129 -0.326143 1.739393 -0.143290 -0.658849 2.035772 0.037076 -0.612698 1.711954 -0.140735 -0.699964 1.956552 0.025781 -0.667619 1.660804 
0.048776 0.733884 1.665015 -0.005780 0.592755 1.728627 -0.177172 0.474529 1.724331 0.163754 0.464572 1.737307 -0.270057 0.257481 1.736949 0.223177 0.220658 1.736173 -0.301626 0.045355 1.736173 0.225778 0.013174 1.709704 -0.295187 -0.026841 1.693898 0.220600 -0.056878 1.626067 -0.025357 0.239268 1.737181 -0.027557 0.172564 1.700482 -0.107243 0.097543 1.690619 0.044283 0.095496 1.695281 -0.132181 -0.347869 1.827700 0.049303 -0.341984 1.719232 -0.142056 -0.649535 2.022861 0.048787 -0.618413 1.700307 -0.140572 -0.690640 1.943576 0.016883 -0.673345 1.658730 
0.066844 0.728555 1.649050 0.000948 0.590094 1.709741 -0.170137 0.473756 1.707441 0.165323 0.462081 1.711377 -0.267636 0.256159 1.726624 0.230403 0.230444 1.709330 -0.296388 0.044921 1.709330 0.228790 0.024408 1.686668 -0.291016 -0.024313 1.670968 0.222535 -0.048539 1.581654 -0.018764 0.236353 1.717029 -0.022059 0.170032 1.679005 -0.100893 0.096837 1.670587 0.048411 0.093684 1.672002 -0.137701 -0.339140 1.773068 0.054819 -0.345763 1.709485 -0.143943 -0.639269 1.970586 0.053348 -0.622043 1.696450 -0.144575 -0.680215 1.891175 0.015501 -0.675967 1.658667 
0.077994 0.725261 1.631019 0.007733 0.587805 1.690265 -0.162025 0.472733 1.688866 0.170104 0.462823 1.693453 -0.257052 0.257218 1.705089 0.236814 0.231651 1.683500 -0.286702 0.042054 1.683500 0.234887 0.026746 1.659591 -0.283745 -0.026613 1.643288 0.221328 -0.052084 1.547143 -0.012067 0.234163 1.697775 -0.015290 0.168054 1.658758 -0.093889 0.095709 1.651660 0.055092 0.092002 1.650048 -0.142374 -0.340698 1.735772 0.059584 -0.351490 1.697333 -0.137512 -0.638054 1.937105 0.052979 -0.627057 1.694784 -0.138015 -0.678945 1.857749 0.010098 -0.676646 1.656572 
0.085173 0.725253 1.617072 0.013435 0.588367 1.676198 -0.154988 0.472411 1.674375 0.172353 0.461413 1.670945 -0.251559 0.256941 1.690951 0.242318 0.237811 1.660561 -0.279062 0.048902 1.660561 0.240207 0.035449 1.632377 -0.276110 -0.014354 1.610904 0.223934 -0.040388 1.509307 -0.005765 0.231131 1.681872 -0.009900 0.164774 1.641024 -0.087628 0.093732 1.635554 0.059457 0.089876 1.630278 -0.144448 -0.325512 1.680830 0.062536 -0.355247 1.688300 -0.132888 -0.626429 1.877287 0.054668 -0.630332 1.691035 -0.135355 -0.667099 1.797954 0.006149 -0.677391 1.656712 
0.089628 0.722717 1.599131 0.017138 0.586077 1.658194 -0.150602 0.469995 1.660439 0.174669 0.458260 1.651213 -0.243098 0.251598 1.669973 0.250936 0.242104 1.630417 -0.259545 0.045267 1.630417 0.244351 0.042960 1.596437 -0.267659 -0.022217 1.577297 0.227354 -0.036793 1.477409 -0.001496 0.229035 1.665847 -0.006358 0.162788 1.624430 -0.083379 0.092436 1.621500 0.062390 0.087963 1.611001 -0.139887 -0.334962 1.660788 0.064869 -0.360871 1.679266 -0.132255 -0.648498 1.839191 0.055177 -0.635107 1.688604 -0.177134 -0.731119 1.879977 0.002479 -0.676622 1.653422 
0.093778 0.721622 1.583594 0.020996 0.585059 1.642679 -0.142216 0.473296 1.645107 0.177721 0.456989 1.634465 -0.234104 0.249741 1.652622 0.255138 0.243740 1.614646 -0.252093 0.045517 1.614646 0.246701 0.038910 1.576320 -0.256349 -0.016714 1.543319 0.228503 -0.035421 1.451446 0.000427 0.226585 1.651762 -0.004975 0.160079 1.609673 -0.081514 0.091325 1.608959 0.062593 0.085385 1.595096 -0.131223 -0.341550 1.616444 0.066897 -0.368879 1.670057 -0.108580 -0.640088 1.768605 0.049053 -0.641110 1.689420 -0.155264 -0.702064 1.783871 0.001347 -0.674823 1.641158 
0.096172 0.722853 1.567761 0.023239 0.586271 1.626862 -0.137620 0.474768 1.630814 0.180125 0.456381 1.616575 -0.227771 0.250907 1.638211 0.258828 0.242074 1.593206 -0.241129 0.051517 1.593206 0.247265 0.048001 1.547286 -0.247501 -0.012150 1.517560 0.230543 -0.028806 1.430933 0.003647 0.226202 1.636555 -0.002106 0.159477 1.593839 -0.077544 0.091170 1.592618 0.064827 0.085302 1.579683 -0.125362 -0.361929 1.600989 0.069374 -0.379903 1.661012 -0.110812 -0.620931 1.698040 0.047762 -0.649906 1.689315 -0.151659 -0.683672 1.709908 0.000144 -0.662623 1.631725 
0.097695 0.721552 1.551865 0.024686 0.584950 1.611009 -0.133708 0.476296 1.615566 0.176250 0.457868 1.598549 -0.220740 0.249969 1.620728 0.261473 0.241341 1.575393 -0.233750 0.052984 1.575393 0.251340 0.051495 1.524020 -0.237891 -0.007587 1.488110 0.232549 -0.026970 1.412223 0.006504 0.222844 1.620879 0.000532 0.155840 1.577420 -0.073941 0.088975 1.577085 0.066984 0.083614 1.563505 -0.120815 -0.368964 1.567207 0.070853 -0.385535 1.654961 -0.130470 -0.624176 1.645681 0.045040 -0.654006 1.687191 -0.203908 -0.642977 1.647218 -0.000059 -0.654971 1.626247 
0.098132 0.719796 1.535160 0.025077 0.583160 1.594329 -0.130884 0.476865 1.600118 0.173555 0.461121 1.582287 -0.214004 0.254786 1.605604 0.264237 0.240677 1.559152 -0.224610 0.060574 1.559152 0.251936 0.051300 1.502485 -0.225009 0.002607 1.462279 0.232075 -0.026488 1.394827 0.008858 0.221083 1.605974 0.003000 0.153971 1.562342 -0.069864 0.087961 1.560049 0.068863 0.083297 1.550351 -0.116694 -0.362145 1.525298 0.071326 -0.390826 1.648482 -0.154102 -0.686969 1.581396 0.040677 -0.657038 1.686191 -0.160357 -0.727615 1.502216 -0.000579 -0.647667 1.623250 
0.101609 0.720000 1.521727 0.028526 0.583331 1.580923 -0.127605 0.477195 1.583851 0.173259 0.462001 1.566986 -0.206796 0.254411 1.586691 0.264199 0.240026 1.547533 -0.217094 0.062345 1.547533 0.253157 0.050331 1.479187 -0.217143 0.001699 1.443136 0.232463 -0.027269 1.383839 0.012472 0.220312 1.591946 0.006744 0.153211 1.547588 -0.065907 0.087760 1.545712 0.072526 0.083602 1.535029 -0.115157 -0.353341 1.494485 0.071253 -0.395139 1.640970 -0.173673 -0.692084 1.489547 0.039317 -0.659038 1.684946 -0.179732 -0.732707 1.410322 0.000328 -0.645552 1.621293 
