68
0.279380 0.322951 3.487242 0.302968 0.143968 3.484443 0.134143 0.013225 3.451318 0.445431 0.068855 3.418142 0.097581 -0.243961 3.397015 0.489278 -0.180006 3.341161 0.067945 -0.443848 3.341161 0.501984 -0.421468 3.285644 0.071021 -0.514034 3.246576 0.500180 -0.510681 3.202446 0.305651 -0.175259 3.426867 0.296655 -0.220110 3.366362 0.224214 -0.290280 3.348687 0.365162 -0.284330 3.327507 0.269674 -0.772027 3.331661 0.352851 -0.757621 3.280624 0.297477 -1.098812 3.285111 0.412563 -1.130732 3.358930 0.292540 -1.148295 3.237122 0.415274 -1.166597 3.306726 
0.277503 0.323313 3.483677 0.301382 0.144104 3.481062 0.132701 0.013373 3.449206 0.443657 0.068462 3.414349 0.096484 -0.244133 3.395278 0.487613 -0.181520 3.336875 0.066921 -0.443971 3.336875 0.500718 -0.421933 3.283883 0.070056 -0.514222 3.245163 0.499048 -0.510799 3.199872 0.304329 -0.175243 3.424192 0.295303 -0.220172 3.363752 0.222986 -0.290376 3.346648 0.363830 -0.284491 3.324513 0.268634 -0.772141 3.329734 0.351738 -0.756251 3.273571 0.297515 -1.099081 3.285235 0.409924 -1.129887 3.350539 0.292854 -1.149331 3.238314 0.414221 -1.166632 3.299489 
0.275403 0.323654 3.479583 0.299836 0.144254 3.477684 0.131340 0.013515 3.447207 0.441888 0.068222 3.410345 0.095473 -0.244287 3.393693 0.486098 -0.182808 3.332652 0.065986 -0.444072 3.332652 0.499528 -0.422273 3.282269 0.069176 -0.514431 3.243902 0.498032 -0.510908 3.197446 0.303079 -0.175229 3.421554 0.293996 -0.220245 3.361196 0.221821 -0.290505 3.344731 0.362529 -0.284640 3.321527 0.267595 -0.772258 3.327890 0.350685 -0.754632 3.265592 0.297572 -1.099383 3.285358 0.406290 -1.127255 3.338058 0.293153 -1.150486 3.239558 0.412152 -1.165450 3.287965 
0.273286 0.323980 3.474832 0.298318 0.144374 3.474230 0.130064 0.013638 3.445313 0.440118 0.067974 3.406251 0.094541 -0.244427 3.392240 0.484655 -0.184419 3.328042 0.065138 -0.444165 3.328042 0.498422 -0.422631 3.280797 0.068379 -0.514656 3.242765 0.497116 -0.511016 3.195142 0.301859 -0.175245 3.418863 0.292693 -0.220358 3.358600 0.220678 -0.290691 3.342840 0.361228 -0.284788 3.318534 0.266562 -0.772409 3.326147 0.349758 -0.753098 3.257112 0.297615 -1.099662 3.285447 0.402484 -1.124720 3.323612 0.293237 -1.150979 3.240000 0.409154 -1.163785 3.270001 
0.271210 0.324350 3.469376 0.296810 0.144491 3.470573 0.128823 0.013729 3.443396 0.438246 0.067471 3.401698 0.093680 -0.244553 3.390913 0.483283 -0.186079 3.323362 0.064369 -0.444252 3.323362 0.497344 -0.422971 3.279456 0.067652 -0.514926 3.241761 0.496297 -0.511112 3.192964 0.300635 -0.175303 3.416028 0.291355 -0.220530 3.355876 0.219516 -0.290951 3.340901 0.359892 -0.284960 3.315467 0.265455 -0.772966 3.324386 0.348837 -0.751732 3.247552 0.297653 -1.099922 3.285528 0.398493 -1.120817 3.296831 0.293498 -1.151904 3.240826 0.404534 -1.162356 3.240895 
0.269045 0.324769 3.463538 0.295136 0.144723 3.465929 0.127509 0.013769 3.440669 0.436543 0.067059 3.396789 0.092840 -0.244682 3.389603 0.481866 -0.187399 3.318247 0.063677 -0.444366 3.318247 0.496314 -0.423302 3.278229 0.067004 -0.515220 3.240880 0.495528 -0.511176 3.190541 0.299307 -0.175401 3.412523 0.289953 -0.220802 3.352514 0.218298 -0.291415 3.338492 0.358507 -0.285167 3.311779 0.264300 -0.773698 3.322508 0.348145 -0.750310 3.234947 0.297695 -1.100213 3.285571 0.393020 -1.115497 3.264573 0.293606 -1.153021 3.241778 0.397696 -1.158849 3.203319 
0.266883 0.325191 3.457325 0.293468 0.144957 3.460329 0.126234 0.013791 3.437795 0.434672 0.066716 3.391076 0.092012 -0.244797 3.388234 0.480505 -0.189102 3.312008 0.063053 -0.444504 3.312008 0.495335 -0.423634 3.277114 0.066409 -0.515545 3.240089 0.494785 -0.511183 3.187831 0.297957 -0.175528 3.408504 0.288463 -0.221144 3.348712 0.217051 -0.291965 3.335854 0.356965 -0.285404 3.307669 0.263060 -0.775096 3.320364 0.347579 -0.749298 3.221896 0.297713 -1.100507 3.285596 0.386641 -1.108375 3.220726 0.293716 -1.153906 3.242437 0.389440 -1.154757 3.155391 
0.264717 0.325638 3.450380 0.291685 0.145194 3.453577 0.125010 0.013800 3.434400 0.432801 0.066435 3.384670 0.091127 -0.244868 3.386482 0.479274 -0.191065 3.305237 0.062491 -0.444681 3.305237 0.494244 -0.424052 3.276101 0.065868 -0.515888 3.239404 0.493934 -0.510962 3.183471 0.296527 -0.175724 3.403815 0.286874 -0.221608 3.344321 0.215756 -0.292645 3.332923 0.355288 -0.285754 3.302890 0.261784 -0.776845 3.318141 0.347133 -0.748329 3.208475 0.297758 -1.100872 3.285600 0.380287 -1.101092 3.178395 0.293769 -1.154762 3.242970 0.381163 -1.149725 3.108689 
0.262634 0.326132 3.442916 0.290037 0.145297 3.446290 0.123807 0.013785 3.430161 0.431076 0.066087 3.377319 0.090202 -0.244960 3.384240 0.477991 -0.192399 3.297894 0.061973 -0.444933 3.297894 0.493200 -0.424422 3.275185 0.065370 -0.516242 3.238817 0.492915 -0.510738 3.178463 0.295095 -0.175972 3.398615 0.285255 -0.222121 3.339435 0.214389 -0.293444 3.329605 0.353558 -0.286154 3.297478 0.260450 -0.778715 3.315595 0.346693 -0.747529 3.195020 0.297803 -1.101239 3.285581 0.374105 -1.093511 3.137774 0.293634 -1.156139 3.244154 0.373302 -1.144044 3.064075 
0.260489 0.326617 3.434794 0.288549 0.145315 3.438421 0.122641 0.013789 3.425151 0.429370 0.065634 3.369112 0.089220 -0.245173 3.381424 0.476740 -0.193599 3.290193 0.061512 -0.445321 3.290193 0.492110 -0.424991 3.274319 0.064895 -0.516590 3.238254 0.491820 -0.510663 3.172087 0.293709 -0.176299 3.392699 0.283646 -0.222716 3.333850 0.212990 -0.294360 3.325710 0.351839 -0.286621 3.291371 0.259094 -0.780667 3.312933 0.346170 -0.746581 3.181203 0.297887 -1.101694 3.285561 0.368285 -1.086325 3.100062 0.293694 -1.157332 3.244782 0.365970 -1.138393 3.022743 
0.258416 0.327152 3.426450 0.287368 0.145303 3.429587 0.121490 0.013788 3.419467 0.427892 0.065166 3.360120 0.088236 -0.245447 3.378214 0.475421 -0.196091 3.280410 0.061080 -0.445790 3.280410 0.491048 -0.425931 3.273428 0.064445 -0.516998 3.237753 0.490684 -0.510596 3.165201 0.292440 -0.176568 3.385896 0.282104 -0.223247 3.327425 0.211572 -0.295301 3.320850 0.350181 -0.287041 3.284619 0.257759 -0.782766 3.309942 0.345661 -0.745670 3.168029 0.297913 -1.102074 3.285552 0.362909 -1.079441 3.065178 0.293804 -1.158365 3.244580 0.359063 -1.132751 2.984604 
0.256387 0.327685 3.416924 0.286358 0.145357 3.420403 0.120291 0.013832 3.412992 0.426494 0.064731 3.351095 0.087264 -0.245683 3.374624 0.474274 -0.198408 3.270307 0.060665 -0.446275 3.270307 0.489965 -0.426715 3.272528 0.064013 -0.517392 3.237254 0.489620 -0.510447 3.157958 0.291166 -0.176820 3.378481 0.280564 -0.223764 3.320343 0.210101 -0.296257 3.315335 0.348514 -0.287443 3.277216 0.256450 -0.784910 3.306844 0.345134 -0.744879 3.155215 0.297931 -1.102436 3.285524 0.357928 -1.073310 3.033457 0.293670 -1.159398 3.245048 0.352899 -1.128032 2.950525 
0.254439 0.328179 3.406661 0.285491 0.145548 3.410688 0.119045 0.013783 3.405382 0.425263 0.064195 3.341131 0.086310 -0.245928 3.370227 0.473286 -0.200606 3.260164 0.060316 -0.446876 3.260164 0.488994 -0.427378 3.271350 0.063617 -0.517827 3.236769 0.488475 -0.510355 3.150290 0.289917 -0.177048 3.370113 0.279024 -0.224266 3.312257 0.208537 -0.297270 3.308446 0.346866 -0.287822 3.269079 0.255105 -0.787013 3.303325 0.344724 -0.744224 3.141601 0.297947 -1.102797 3.285484 0.353538 -1.067886 3.005288 0.293558 -1.160299 3.245363 0.347453 -1.123888 2.920420 
0.252492 0.328730 3.395541 0.284759 0.145866 3.400125 0.117835 0.013789 3.396973 0.424256 0.063668 3.330573 0.085372 -0.246097 3.365197 0.472295 -0.202511 3.249458 0.059943 -0.447552 3.249458 0.488107 -0.427575 3.269279 0.063248 -0.518342 3.236088 0.487624 -0.510183 3.141313 0.288722 -0.177106 3.360628 0.277528 -0.224581 3.303040 0.206968 -0.298193 3.300556 0.345269 -0.287990 3.259578 0.253760 -0.789137 3.299397 0.344337 -0.743561 3.128581 0.297928 -1.103189 3.285369 0.349551 -1.063075 2.980094 0.293429 -1.161181 3.245532 0.342592 -1.120297 2.893706 
0.250554 0.329470 3.381304 0.283478 0.146463 3.384602 0.116922 0.014226 3.383423 0.423070 0.064641 3.316947 0.084200 -0.246219 3.354448 0.471360 -0.203271 3.237144 0.059607 -0.448600 3.237144 0.487499 -0.427236 3.265697 0.063048 -0.519165 3.233653 0.487379 -0.509454 3.128054 0.287374 -0.176106 3.347453 0.276032 -0.223818 3.290367 0.205728 -0.298087 3.288896 0.343554 -0.287016 3.247486 0.252353 -0.791400 3.293515 0.343991 -0.742605 3.114648 0.297903 -1.103599 3.285229 0.345881 -1.058789 2.957309 0.293216 -1.162354 3.246165 0.338237 -1.117299 2.869947 
0.248836 0.330291 3.366790 0.282302 0.147083 3.369323 0.116045 0.014789 3.368986 0.421940 0.065670 3.303024 0.083177 -0.246236 3.342377 0.470486 -0.203619 3.224649 0.059369 -0.449745 3.224649 0.486979 -0.426768 3.260859 0.062856 -0.519888 3.230541 0.487216 -0.508721 3.114827 0.286171 -0.175325 3.333562 0.274725 -0.223304 3.276706 0.204609 -0.298127 3.275996 0.342099 -0.286263 3.234482 0.250975 -0.793583 3.287367 0.343789 -0.741278 3.100941 0.297859 -1.104088 3.284997 0.342520 -1.055110 2.936630 0.292840 -1.162895 3.245212 0.334321 -1.114839 2.848840 
0.247319 0.331213 3.351220 0.281425 0.147755 3.353316 0.115251 0.015829 3.354088 0.421000 0.066341 3.287991 0.082348 -0.245806 3.328823 0.470505 -0.204729 3.209555 0.059163 -0.450621 3.209555 0.486482 -0.426683 3.252653 0.062663 -0.520568 3.222709 0.487152 -0.507927 3.101170 0.285133 -0.174497 3.318434 0.273533 -0.222691 3.261820 0.203520 -0.298029 3.261833 0.340761 -0.285394 3.219965 0.249419 -0.795449 3.279591 0.343653 -0.739980 3.087641 0.297809 -1.104587 3.284735 0.339543 -1.051862 2.918143 0.292498 -1.164057 3.245666 0.330842 -1.112603 2.830020 
0.245940 0.332395 3.334917 0.280793 0.148985 3.336591 0.114457 0.017044 3.337395 0.420386 0.067193 3.272058 0.081671 -0.245303 3.313087 0.470625 -0.205642 3.194238 0.059359 -0.451425 3.194238 0.486270 -0.426355 3.240559 0.062721 -0.521234 3.213505 0.487247 -0.507136 3.087130 0.284221 -0.173343 3.302163 0.272518 -0.221752 3.245663 0.202523 -0.297660 3.245974 0.339638 -0.284218 3.204355 0.247952 -0.797141 3.270912 0.343521 -0.738748 3.075337 0.297751 -1.105104 3.284279 0.336843 -1.049026 2.901430 0.292184 -1.165014 3.245591 0.327520 -1.110107 2.812548 
0.244570 0.333633 3.317852 0.280226 0.150424 3.319974 0.113652 0.018248 3.318403 0.419976 0.068362 3.255208 0.081212 -0.244324 3.295886 0.470543 -0.205373 3.178018 0.059784 -0.451405 3.178018 0.486347 -0.425448 3.224272 0.063822 -0.521067 3.199021 0.487408 -0.506225 3.073517 0.283461 -0.172016 3.284655 0.271777 -0.220549 3.227969 0.201760 -0.297077 3.228115 0.338936 -0.282680 3.186881 0.246398 -0.798117 3.258885 0.343387 -0.737628 3.063875 0.297707 -1.105631 3.283287 0.334427 -1.046470 2.886417 0.291870 -1.165951 3.245178 0.324568 -1.107878 2.796849 
0.243655 0.335942 3.295688 0.279920 0.152482 3.298078 0.113129 0.020235 3.293800 0.420058 0.070660 3.234301 0.081180 -0.241994 3.269573 0.470911 -0.204341 3.159688 0.060713 -0.450605 3.159688 0.486914 -0.424105 3.200322 0.065404 -0.519459 3.175656 0.488349 -0.504919 3.057112 0.283112 -0.169281 3.262266 0.271586 -0.217771 3.205497 0.201625 -0.294786 3.204568 0.338707 -0.279889 3.166322 0.244101 -0.796030 3.238091 0.342883 -0.735867 3.051106 0.297671 -1.106235 3.279840 0.332255 -1.044156 2.872876 0.291616 -1.167035 3.242451 0.321927 -1.105889 2.782686 
0.243162 0.338068 3.274323 0.279918 0.154541 3.276419 0.112835 0.022376 3.270010 0.420259 0.073059 3.213983 0.081443 -0.239400 3.243618 0.471666 -0.203061 3.139565 0.061984 -0.448157 3.139565 0.487744 -0.422406 3.170645 0.067160 -0.517441 3.149264 0.489913 -0.503228 3.040357 0.282917 -0.166460 3.240229 0.271535 -0.214878 3.183383 0.201626 -0.292149 3.180993 0.338580 -0.276952 3.145952 0.241730 -0.793540 3.214771 0.342285 -0.734027 3.038682 0.297600 -1.106664 3.275918 0.330294 -1.042066 2.860608 0.291305 -1.168028 3.240051 0.319540 -1.104061 2.769869 
0.243539 0.340014 3.248796 0.280230 0.156657 3.252649 0.113349 0.024963 3.242947 0.420545 0.075054 3.189543 0.082434 -0.235391 3.212172 0.472660 -0.201366 3.117915 0.063354 -0.443894 3.117915 0.489213 -0.420245 3.134137 0.068558 -0.514810 3.108593 0.491595 -0.500866 3.018337 0.283101 -0.164023 3.213254 0.271803 -0.212276 3.156124 0.201861 -0.289691 3.153996 0.338826 -0.273955 3.118799 0.237878 -0.787618 3.180175 0.341319 -0.732422 3.025531 0.296962 -1.105105 3.267980 0.328529 -1.040245 2.849507 0.289786 -1.163903 3.227206 0.317458 -1.103031 2.759514 
0.244200 0.342553 3.221191 0.281062 0.159071 3.224993 0.114358 0.027661 3.213405 0.421350 0.077203 3.163235 0.083847 -0.231397 3.174997 0.473905 -0.199099 3.094391 0.065860 -0.439221 3.094391 0.490788 -0.417803 3.089643 0.070707 -0.509104 3.060666 0.493390 -0.498487 2.996422 0.283599 -0.161149 3.184989 0.272463 -0.209325 3.127590 0.202738 -0.286325 3.122397 0.339338 -0.270860 3.091936 0.233338 -0.778576 3.133675 0.339552 -0.731037 3.010238 0.294790 -1.102230 3.247310 0.326953 -1.038680 2.839531 0.286463 -1.157331 3.198589 0.315651 -1.102335 2.750910 
0.245095 0.345606 3.190864 0.282125 0.162316 3.194045 0.115513 0.031220 3.179194 0.422109 0.080051 3.132581 0.085477 -0.226909 3.135620 0.475196 -0.196164 3.064018 0.068657 -0.433000 3.064018 0.492605 -0.414550 3.040171 0.072944 -0.501279 3.009148 0.495523 -0.495010 2.967711 0.284276 -0.157637 3.152454 0.273327 -0.205725 3.094770 0.203533 -0.282638 3.089129 0.340178 -0.267092 3.059114 0.230870 -0.768346 3.078381 0.337824 -0.729966 2.993051 0.288506 -1.100747 3.195646 0.325152 -1.038088 2.830827 0.277091 -1.155723 3.149837 0.313886 -1.103193 2.744879 
0.245844 0.348756 3.158862 0.283036 0.165979 3.163116 0.116661 0.034578 3.146295 0.422797 0.083099 3.101818 0.087082 -0.222290 3.097427 0.476141 -0.192790 3.034170 0.071259 -0.427205 3.034170 0.494342 -0.411000 2.994337 0.075144 -0.493979 2.962097 0.497842 -0.491516 2.939650 0.285042 -0.154045 3.120466 0.274227 -0.202140 3.062601 0.204389 -0.278955 3.056794 0.341096 -0.263333 3.026953 0.227669 -0.755419 3.019368 0.336343 -0.729040 2.976403 0.283555 -1.097766 3.158670 0.323420 -1.037856 2.823126 0.268143 -1.151411 3.092253 0.312832 -1.103206 2.738476 
0.246520 0.351635 3.128204 0.283898 0.169545 3.133737 0.117991 0.037961 3.114142 0.423405 0.085871 3.071457 0.088508 -0.217758 3.061382 0.476920 -0.189500 3.006054 0.073626 -0.421775 3.006054 0.496058 -0.407502 2.952193 0.077282 -0.487162 2.918427 0.500181 -0.488133 2.912258 0.285755 -0.150752 3.089767 0.275071 -0.198872 3.031676 0.205247 -0.275457 3.025831 0.341907 -0.259899 2.995971 0.224860 -0.742561 2.965343 0.335335 -0.728256 2.960320 0.275059 -1.091407 3.093835 0.321913 -1.038162 2.816360 0.259425 -1.145989 3.030323 0.311323 -1.103014 2.732121 
0.247174 0.354359 3.098301 0.284940 0.172913 3.104081 0.118971 0.041095 3.082162 0.423845 0.088513 3.042400 0.089549 -0.213965 3.025350 0.477602 -0.186056 2.978270 0.075591 -0.417599 2.978270 0.497460 -0.403737 2.912155 0.079131 -0.480961 2.878467 0.502017 -0.484689 2.884931 0.286508 -0.147657 3.059760 0.276052 -0.195841 3.001559 0.206309 -0.272171 2.995425 0.342795 -0.256742 2.966150 0.221020 -0.729065 2.913188 0.334643 -0.727628 2.945118 0.264146 -1.080370 3.017250 0.320618 -1.038738 2.810561 0.247701 -1.130247 2.945140 0.310743 -1.104817 2.729563 
0.247749 0.356974 3.068268 0.285775 0.176080 3.074096 0.119687 0.044066 3.052405 0.424366 0.091106 3.014130 0.090449 -0.210637 2.992536 0.477786 -0.182817 2.950943 0.077189 -0.414015 2.950943 0.498509 -0.400072 2.876324 0.080585 -0.475549 2.842689 0.503446 -0.481489 2.857605 0.287219 -0.144637 3.031290 0.276940 -0.192987 2.973237 0.207233 -0.269105 2.967011 0.343646 -0.253900 2.938357 0.217087 -0.716172 2.866197 0.334251 -0.727061 2.930852 0.250947 -1.063014 2.936547 0.319481 -1.039364 2.805614 0.233767 -1.108192 2.857335 0.310355 -1.106795 2.728529 
0.248262 0.359346 3.040864 0.286418 0.178986 3.046153 0.120159 0.046893 3.023870 0.424762 0.093393 2.987071 0.091221 -0.207650 2.962544 0.477736 -0.179695 2.924517 0.078261 -0.410867 2.924517 0.499264 -0.396688 2.844180 0.081676 -0.470867 2.810946 0.504574 -0.478593 2.832167 0.287758 -0.141928 3.004376 0.277684 -0.190420 2.946443 0.207987 -0.266289 2.940118 0.344407 -0.251414 2.912113 0.213313 -0.704096 2.823921 0.334064 -0.726641 2.917445 0.237645 -1.044572 2.855807 0.318483 -1.040146 2.801445 0.220196 -1.085547 2.771133 0.309821 -1.108383 2.727381 
0.248644 0.361616 3.014442 0.286886 0.181870 3.019155 0.120475 0.049476 2.997333 0.424905 0.095449 2.960328 0.091839 -0.205050 2.934691 0.477536 -0.176679 2.899399 0.078957 -0.408257 2.899399 0.499660 -0.393362 2.815256 0.082299 -0.466766 2.782530 0.505355 -0.475888 2.808244 0.288135 -0.139470 2.978554 0.278145 -0.188159 2.920802 0.208470 -0.263780 2.914704 0.344838 -0.249265 2.886811 0.209940 -0.693554 2.786473 0.334026 -0.726344 2.904861 0.225925 -1.025965 2.783046 0.317626 -1.041151 2.798083 0.208082 -1.063434 2.694501 0.309420 -1.110100 2.727098 
0.248691 0.363623 2.989347 0.287154 0.184460 2.994099 0.120636 0.051847 2.972196 0.424881 0.097467 2.935342 0.092094 -0.202807 2.908709 0.477050 -0.173691 2.875744 0.079285 -0.406140 2.875744 0.499770 -0.390098 2.789294 0.082508 -0.463259 2.757189 0.505842 -0.473055 2.784734 0.288262 -0.137273 2.954289 0.278367 -0.186121 2.896655 0.208706 -0.261497 2.890796 0.345018 -0.247331 2.862792 0.206683 -0.683939 2.752289 0.334121 -0.725939 2.892462 0.217686 -1.017279 2.726566 0.316880 -1.042347 2.795416 0.199579 -1.052997 2.634511 0.309384 -1.112242 2.728154 
0.248415 0.365381 2.965145 0.287037 0.186772 2.969932 0.120557 0.054000 2.948422 0.424587 0.099395 2.911469 0.091943 -0.200918 2.883916 0.476390 -0.171027 2.853392 0.079360 -0.404499 2.853392 0.499528 -0.387198 2.765994 0.082453 -0.460193 2.734477 0.505633 -0.470871 2.760182 0.288138 -0.135320 2.931111 0.278340 -0.184335 2.873637 0.208719 -0.259449 2.867976 0.344969 -0.245666 2.840030 0.203702 -0.675378 2.721439 0.334273 -0.725683 2.880812 0.209781 -1.009572 2.674051 0.316251 -1.043751 2.793481 0.191460 -1.043771 2.578995 0.309524 -1.114612 2.730163 
0.247779 0.366968 2.941705 0.286517 0.188887 2.946918 0.119901 0.055842 2.924743 0.423907 0.101209 2.888630 0.091528 -0.199361 2.861235 0.475482 -0.168720 2.831788 0.079265 -0.403160 2.831788 0.498958 -0.384728 2.744940 0.082021 -0.458325 2.713569 0.504966 -0.468839 2.736449 0.287686 -0.133639 2.909258 0.278069 -0.182845 2.851945 0.208465 -0.257771 2.846326 0.344744 -0.244243 2.818809 0.200845 -0.667755 2.693263 0.334478 -0.725487 2.869572 0.202245 -1.002927 2.625706 0.315724 -1.045303 2.792152 0.183889 -1.035813 2.528120 0.309846 -1.117052 2.732720 
0.245994 0.368318 2.916321 0.284905 0.190619 2.921432 0.118171 0.057584 2.899818 0.421862 0.102389 2.863517 0.090413 -0.198157 2.839371 0.473538 -0.166241 2.808663 0.077945 -0.402195 2.808663 0.497401 -0.382123 2.724371 0.080986 -0.456412 2.694464 0.503864 -0.467095 2.713703 0.286081 -0.132366 2.885028 0.276592 -0.181782 2.827911 0.207030 -0.256391 2.822432 0.343267 -0.243304 2.795244 0.197882 -0.660831 2.665923 0.334529 -0.724877 2.856449 0.195304 -0.997606 2.581754 0.315284 -1.046929 2.791262 0.176892 -1.029414 2.482109 0.310667 -1.119752 2.736394 
0.244165 0.369414 2.892503 0.283166 0.192192 2.897878 0.116188 0.059097 2.876617 0.419704 0.103346 2.840058 0.088946 -0.196995 2.818989 0.471346 -0.163992 2.786948 0.076192 -0.401351 2.786948 0.495563 -0.379806 2.705556 0.079192 -0.455117 2.676868 0.502145 -0.465605 2.691826 0.284331 -0.131235 2.862400 0.274957 -0.180834 2.805428 0.205430 -0.255152 2.800074 0.341622 -0.242513 2.773056 0.195022 -0.654594 2.641157 0.334599 -0.724335 2.843892 0.189152 -0.992955 2.542283 0.314917 -1.048461 2.790590 0.170728 -1.023819 2.440878 0.311664 -1.122395 2.740620 
0.241917 0.370578 2.869755 0.280739 0.193773 2.874734 0.113424 0.060405 2.853169 0.417166 0.104407 2.816989 0.086872 -0.196159 2.799036 0.468461 -0.161840 2.764999 0.074001 -0.400951 2.764999 0.493272 -0.377738 2.688195 0.076999 -0.454119 2.660818 0.500086 -0.464239 2.671148 0.281893 -0.130138 2.840007 0.272679 -0.179919 2.783156 0.203123 -0.254028 2.777798 0.339401 -0.241778 2.751087 0.192293 -0.649028 2.618575 0.334443 -0.723521 2.829995 0.183636 -0.988937 2.506773 0.314639 -1.050053 2.790256 0.165242 -1.018969 2.403796 0.312796 -1.125074 2.745206 
0.239390 0.371863 2.847993 0.277751 0.195527 2.851710 0.110430 0.061874 2.830978 0.414381 0.105360 2.794908 0.084013 -0.195326 2.779228 0.464997 -0.159757 2.742998 0.071069 -0.400717 2.742998 0.490836 -0.375817 2.671815 0.074026 -0.453258 2.645765 0.497070 -0.462580 2.649459 0.279130 -0.128931 2.817892 0.270105 -0.178921 2.761180 0.200490 -0.252829 2.755471 0.336997 -0.240940 2.729799 0.189655 -0.643979 2.597899 0.334067 -0.722186 2.814230 0.178704 -0.985371 2.475001 0.314343 -1.051355 2.789546 0.160343 -1.014678 2.370594 0.313123 -1.126531 2.746865 
0.236389 0.373190 2.826704 0.274467 0.197289 2.829681 0.107028 0.063493 2.809152 0.411077 0.107462 2.773287 0.080853 -0.194479 2.760693 0.461097 -0.157547 2.721401 0.067571 -0.400504 2.721401 0.487532 -0.373714 2.656338 0.070506 -0.452589 2.631560 0.493789 -0.461066 2.628859 0.275818 -0.127536 2.795958 0.266892 -0.177622 2.739249 0.197279 -0.251436 2.733516 0.333757 -0.239676 2.707797 0.187038 -0.639312 2.578824 0.333067 -0.719415 2.794170 0.174229 -0.982144 2.446405 0.314027 -1.052241 2.788595 0.155883 -1.010845 2.340706 0.313299 -1.127027 2.747686 
0.233191 0.374569 2.806613 0.270743 0.199040 2.808670 0.103071 0.065293 2.787653 0.407602 0.109553 2.752874 0.076814 -0.193483 2.742203 0.457122 -0.155609 2.700687 0.063430 -0.400259 2.700687 0.483689 -0.371733 2.641150 0.066252 -0.452222 2.618032 0.489426 -0.459117 2.606898 0.272062 -0.126098 2.774754 0.263332 -0.176248 2.718018 0.193662 -0.249932 2.711968 0.330280 -0.238391 2.686703 0.184213 -0.634970 2.560761 0.331035 -0.716634 2.771819 0.170230 -0.979233 2.420702 0.313713 -1.053010 2.787621 0.151960 -1.007544 2.313893 0.313260 -1.126759 2.747442 
0.229318 0.376115 2.786483 0.266656 0.200964 2.787831 0.098615 0.067118 2.766223 0.402552 0.111494 2.730843 0.071736 -0.192347 2.722630 0.452264 -0.153640 2.679224 0.058365 -0.400119 2.679224 0.479445 -0.369859 2.626223 0.061303 -0.451966 2.605033 0.484832 -0.457127 2.585849 0.267778 -0.124774 2.753212 0.259041 -0.175029 2.696322 0.189394 -0.248504 2.689966 0.325976 -0.237142 2.665305 0.181355 -0.631137 2.543992 0.328748 -0.713393 2.746796 0.166610 -0.976811 2.397502 0.313380 -1.053561 2.786492 0.148409 -1.004992 2.289884 0.312861 -1.125593 2.746138 
0.225360 0.377706 2.767432 0.262031 0.202968 2.767549 0.093686 0.068929 2.744527 0.397612 0.113652 2.710375 0.066369 -0.191349 2.703672 0.447196 -0.151795 2.658372 0.052525 -0.400042 2.658372 0.474767 -0.368060 2.611132 0.055411 -0.451880 2.591224 0.479746 -0.454923 2.564659 0.262899 -0.123356 2.731920 0.254325 -0.173682 2.674859 0.184751 -0.246970 2.668049 0.321145 -0.235736 2.643886 0.178682 -0.627678 2.528775 0.325101 -0.708070 2.715501 0.163313 -0.974845 2.376665 0.312934 -1.052855 2.783931 0.145278 -1.003105 2.268553 0.312238 -1.121516 2.741502 
0.220726 0.379402 2.748322 0.256974 0.205018 2.747388 0.088525 0.070831 2.723617 0.392527 0.115916 2.690770 0.060606 -0.190157 2.684950 0.441816 -0.149924 2.637947 0.045650 -0.399625 2.637947 0.469288 -0.366009 2.595246 0.048724 -0.451640 2.577267 0.473909 -0.452896 2.542619 0.257750 -0.121871 2.711090 0.249378 -0.172282 2.653915 0.179884 -0.245434 2.646706 0.316165 -0.234274 2.623141 0.176089 -0.624566 2.514776 0.320764 -0.701328 2.681409 0.160335 -0.973393 2.358196 0.311937 -1.050929 2.778598 0.142542 -1.001947 2.249989 0.310687 -1.115317 2.732350 
0.215997 0.381147 2.729919 0.251584 0.207133 2.727945 0.082986 0.072826 2.702907 0.386976 0.118507 2.671178 0.053835 -0.188572 2.664271 0.436178 -0.147990 2.617864 0.038091 -0.399090 2.617864 0.463561 -0.364063 2.578542 0.040638 -0.451118 2.561109 0.467649 -0.450776 2.520480 0.252337 -0.120277 2.690736 0.244148 -0.170738 2.633401 0.174728 -0.243771 2.625763 0.310931 -0.232637 2.602749 0.173703 -0.621899 2.501719 0.315300 -0.693164 2.644339 0.157538 -0.972626 2.342137 0.310542 -1.047135 2.770425 0.139981 -1.001407 2.234157 0.308480 -1.106417 2.719241 
0.209941 0.383233 2.709091 0.244590 0.209497 2.705813 0.076228 0.074998 2.679280 0.380192 0.121555 2.649253 0.045917 -0.185683 2.641614 0.428801 -0.145931 2.594108 0.027884 -0.396427 2.594108 0.455864 -0.362126 2.556565 0.029772 -0.449630 2.538872 0.459630 -0.448337 2.495151 0.245748 -0.118201 2.667667 0.237872 -0.168641 2.610175 0.168602 -0.241585 2.601818 0.304807 -0.230362 2.580049 0.171024 -0.619935 2.488717 0.307561 -0.683738 2.599956 0.154943 -0.972329 2.328134 0.306744 -1.041049 2.751555 0.137663 -1.001236 2.220590 0.305645 -1.099155 2.704452 
0.203864 0.385212 2.688877 0.238011 0.211741 2.684976 0.069735 0.077059 2.657244 0.373854 0.124367 2.628922 0.037917 -0.182558 2.618968 0.421555 -0.144549 2.571231 0.017739 -0.393650 2.571231 0.448355 -0.360626 2.534866 0.018391 -0.447568 2.515469 0.451927 -0.446014 2.471316 0.239443 -0.116195 2.646069 0.231858 -0.166613 2.588438 0.162646 -0.239520 2.579312 0.298940 -0.228174 2.558759 0.168377 -0.618263 2.476709 0.298654 -0.674325 2.556296 0.152521 -0.972451 2.316005 0.299890 -1.031744 2.720030 0.135553 -1.001526 2.209123 0.297304 -1.083632 2.664993 
0.198021 0.387294 2.669507 0.231677 0.213982 2.665138 0.063289 0.079148 2.635658 0.367505 0.127058 2.608852 0.029843 -0.179324 2.596053 0.414539 -0.143319 2.549161 0.006754 -0.390080 2.549161 0.440624 -0.359209 2.510710 0.005987 -0.444561 2.488669 0.444095 -0.443720 2.447446 0.233223 -0.114183 2.625160 0.225873 -0.164550 2.567332 0.156601 -0.237304 2.557027 0.293138 -0.226010 2.538365 0.165575 -0.616913 2.465584 0.289375 -0.662804 2.510050 0.150692 -0.972852 2.305752 0.291476 -1.019314 2.677553 0.134135 -1.002128 2.199806 0.291239 -1.071682 2.634091 
0.192238 0.389468 2.650473 0.225134 0.216499 2.645139 0.056752 0.081174 2.614264 0.361056 0.129793 2.589240 0.021824 -0.175803 2.573260 0.407550 -0.142023 2.527682 -0.003971 -0.386277 2.527682 0.432568 -0.357664 2.486804 -0.005996 -0.441229 2.461738 0.436480 -0.441620 2.424283 0.227034 -0.112062 2.604550 0.219984 -0.162442 2.546599 0.150696 -0.235093 2.535072 0.287495 -0.223780 2.518632 0.162625 -0.615631 2.455165 0.280309 -0.651595 2.466554 0.149263 -0.973500 2.297186 0.285903 -1.013147 2.646171 0.133206 -1.002994 2.192377 0.285213 -1.062149 2.599178 
0.186443 0.391677 2.631213 0.218584 0.218723 2.625604 0.050287 0.083155 2.592870 0.354428 0.132392 2.569702 0.014028 -0.171992 2.550621 0.400463 -0.140475 2.506529 -0.015475 -0.381002 2.506529 0.424641 -0.356326 2.460222 -0.018645 -0.438545 2.431257 0.428744 -0.439544 2.401605 0.220857 -0.110103 2.584209 0.214125 -0.160446 2.526104 0.144893 -0.233005 2.513378 0.281843 -0.221544 2.499089 0.159498 -0.614723 2.445381 0.271072 -0.640543 2.423724 0.148205 -0.974385 2.290242 0.281633 -1.007260 2.606714 0.132712 -1.004102 2.186739 0.280578 -1.052870 2.555071 
0.180509 0.393865 2.612201 0.212198 0.220878 2.606709 0.043981 0.085244 2.572293 0.348155 0.135093 2.550800 0.006485 -0.168060 2.528165 0.393711 -0.138952 2.486465 -0.026272 -0.376017 2.486465 0.416919 -0.355084 2.434826 -0.029852 -0.434494 2.402860 0.420994 -0.437461 2.379251 0.214839 -0.108054 2.564607 0.208401 -0.158328 2.506363 0.139171 -0.230882 2.492424 0.276349 -0.219201 2.480264 0.156307 -0.614124 2.436231 0.262377 -0.630098 2.383709 0.147448 -0.975377 2.284830 0.277068 -1.001474 2.559978 0.132548 -1.005300 2.182775 0.275518 -1.043804 2.503036 
0.174496 0.395996 2.593009 0.205860 0.223111 2.587918 0.037786 0.087199 2.552019 0.342103 0.137879 2.532355 -0.000675 -0.164232 2.506196 0.386930 -0.137321 2.466465 -0.036318 -0.371111 2.466465 0.409422 -0.353964 2.409748 -0.041025 -0.431319 2.372318 0.413417 -0.435451 2.357523 0.208895 -0.105903 2.545210 0.202761 -0.156111 2.486848 0.133594 -0.228768 2.472111 0.270889 -0.216716 2.461250 0.153061 -0.613492 2.427433 0.254114 -0.620007 2.345857 0.146890 -0.976440 2.280868 0.272190 -0.995212 2.506585 0.132606 -1.006548 2.180366 0.270135 -1.034760 2.443985 
0.165925 0.398927 2.557101 0.196698 0.225939 2.551435 0.028855 0.089474 2.513958 0.332955 0.141109 2.496683 -0.009991 -0.160161 2.468860 0.378387 -0.135393 2.431624 -0.047445 -0.367313 2.431624 0.400780 -0.352217 2.373985 -0.051802 -0.428913 2.336730 0.404618 -0.433133 2.323637 0.200510 -0.102946 2.508741 0.194821 -0.153058 2.450305 0.125924 -0.225798 2.434345 0.263106 -0.213279 2.425918 0.147219 -0.611507 2.410981 0.243904 -0.608440 2.295541 0.145408 -0.972659 2.277336 0.263261 -0.986444 2.427389 0.131772 -1.002427 2.178522 0.260506 -1.024156 2.357540 
0.155070 0.406550 2.481415 0.186139 0.233457 2.476215 0.019051 0.096716 2.437103 0.321880 0.149559 2.422306 -0.020828 -0.153433 2.394613 0.369964 -0.126175 2.355092 -0.058744 -0.362643 2.355092 0.393105 -0.344905 2.311759 -0.062345 -0.424812 2.280515 0.397568 -0.424702 2.249140 0.189540 -0.096175 2.431223 0.184069 -0.146192 2.372252 0.115761 -0.218639 2.356755 0.251718 -0.205960 2.346675 0.135611 -0.610702 2.344525 0.230408 -0.597641 2.224136 0.143899 -0.971024 2.270501 0.258636 -0.979356 2.347321 0.130810 -1.000919 2.173017 0.255273 -1.014276 2.271851 
0.145621 0.413979 2.411009 0.176757 0.240625 2.404961 0.010568 0.103662 2.363267 0.312038 0.157623 2.351343 -0.030199 -0.147014 2.325753 0.363532 -0.120750 2.281378 -0.068369 -0.357862 2.281378 0.387153 -0.339324 2.250613 -0.071581 -0.420837 2.224521 0.392082 -0.416038 2.175088 0.179724 -0.089701 2.357869 0.174502 -0.139614 2.298428 0.106818 -0.211800 2.283794 0.241479 -0.198990 2.271609 0.124614 -0.606658 2.271615 0.218169 -0.588603 2.160805 0.139722 -0.959152 2.251327 0.255594 -0.972576 2.273391 0.128012 -0.991688 2.162658 0.251780 -1.005053 2.193288 
0.137246 0.421071 2.345430 0.168783 0.247507 2.338944 0.003340 0.110387 2.296110 0.303631 0.165058 2.285296 -0.038768 -0.141198 2.259212 0.358207 -0.115899 2.214202 -0.076756 -0.353606 2.214202 0.382989 -0.333357 2.190907 -0.079722 -0.415900 2.167888 0.387769 -0.407411 2.106029 0.171354 -0.083179 2.290259 0.166255 -0.132937 2.230454 0.098991 -0.204533 2.215408 0.232708 -0.192234 2.203543 0.114733 -0.603357 2.204542 0.206746 -0.580728 2.103229 0.137324 -0.955191 2.240134 0.253426 -0.965859 2.210755 0.126295 -0.988163 2.153976 0.249156 -0.996245 2.126944 
0.130174 0.427858 2.284367 0.161879 0.253810 2.278568 -0.002929 0.116624 2.234258 0.296510 0.171836 2.224686 -0.045906 -0.135603 2.199026 0.353708 -0.111369 2.151594 -0.084090 -0.348818 2.151594 0.379667 -0.327977 2.132898 -0.086999 -0.410338 2.111775 0.384340 -0.398781 2.041313 0.164163 -0.077129 2.228619 0.159222 -0.126732 2.168527 0.092255 -0.197862 2.153108 0.225329 -0.185998 2.141673 0.105434 -0.598088 2.136718 0.196386 -0.573707 2.051138 0.134593 -0.950819 2.226686 0.251356 -0.959481 2.156608 0.124253 -0.984112 2.142811 0.246713 -0.988063 2.069745 
0.123905 0.434197 2.228472 0.155878 0.259678 2.222652 -0.008354 0.122344 2.178721 0.290507 0.178334 2.168998 -0.051917 -0.130065 2.143649 0.349701 -0.107030 2.094783 -0.090545 -0.343635 2.094783 0.377007 -0.322456 2.077801 -0.093154 -0.404299 2.057693 0.381441 -0.390911 1.982763 0.157815 -0.071349 2.172715 0.152901 -0.120858 2.112547 0.086106 -0.191667 2.097089 0.218730 -0.180163 2.085715 0.096879 -0.594112 2.075738 0.189025 -0.567361 2.005101 0.130518 -0.947834 2.205213 0.247236 -0.954233 2.108697 0.120818 -0.981278 2.123425 0.242204 -0.981254 2.019276 
0.118397 0.439944 2.177656 0.150554 0.265191 2.171548 -0.013120 0.127704 2.127999 0.285142 0.184087 2.118035 -0.056925 -0.124673 2.093257 0.346222 -0.103138 2.042929 -0.096250 -0.338152 2.042929 0.374851 -0.317550 2.026141 -0.098575 -0.398083 2.005556 0.378648 -0.383500 1.929087 0.152201 -0.066000 2.122107 0.147320 -0.115480 2.061973 0.080729 -0.186066 2.047029 0.212858 -0.174786 2.034877 0.088015 -0.591392 2.017655 0.182257 -0.561471 1.964071 0.122711 -0.945610 2.170910 0.243629 -0.949390 2.065741 0.113659 -0.979038 2.090866 0.238280 -0.975049 1.974163 
0.113639 0.445029 2.131095 0.145989 0.270081 2.125254 -0.017212 0.132512 2.082180 0.280530 0.189195 2.071997 -0.061304 -0.119527 2.047272 0.343173 -0.099463 1.996322 -0.101000 -0.332510 1.996322 0.372829 -0.312836 1.977356 -0.102926 -0.392224 1.956181 0.376182 -0.376737 1.881006 0.147224 -0.061118 2.076506 0.142345 -0.110556 2.016437 0.075878 -0.180908 2.001882 0.207621 -0.169920 1.989212 0.080393 -0.588066 1.964915 0.176530 -0.556257 1.927938 0.110787 -0.943069 2.127693 0.239958 -0.945089 2.026703 0.102325 -0.976357 2.048960 0.234357 -0.969551 1.933297 
0.109543 0.449568 2.088901 0.141970 0.274611 2.083265 -0.020771 0.136846 2.040579 0.276435 0.193799 2.030186 -0.065105 -0.114796 2.005273 0.340498 -0.096164 1.954033 -0.104895 -0.326983 1.954033 0.371010 -0.308630 1.931526 -0.106444 -0.386561 1.909674 0.373919 -0.370459 1.837176 0.142863 -0.056744 2.035315 0.137989 -0.106193 1.975333 0.071637 -0.176325 1.961133 0.203039 -0.165610 1.948160 0.073324 -0.584191 1.915733 0.171539 -0.551585 1.895711 0.100606 -0.940601 2.076546 0.236562 -0.941198 1.991847 0.092678 -0.973658 1.998659 0.230764 -0.964600 1.896842 
0.105856 0.453604 2.050245 0.138445 0.278748 2.045136 -0.023959 0.140627 2.002847 0.272842 0.197858 1.992189 -0.068385 -0.110402 1.967323 0.338113 -0.093235 1.916063 -0.108192 -0.321726 1.916063 0.369337 -0.304849 1.889785 -0.109310 -0.381396 1.866446 0.371865 -0.364853 1.798004 0.139014 -0.052747 1.998123 0.134135 -0.102223 1.938263 0.067864 -0.172178 1.924496 0.199001 -0.161721 1.911021 0.067135 -0.580495 1.871762 0.167134 -0.547385 1.866835 0.093045 -0.937271 2.019096 0.233309 -0.937623 1.960621 0.085605 -0.970018 1.941627 0.227361 -0.960085 1.864176 
0.102288 0.457249 2.012654 0.135158 0.282579 2.008019 -0.027075 0.143927 1.966038 0.269424 0.201464 1.955146 -0.071408 -0.106129 1.930189 0.335668 -0.090582 1.879537 -0.111209 -0.316438 1.879537 0.367540 -0.301562 1.848204 -0.111751 -0.375566 1.822833 0.369579 -0.359720 1.760865 0.135436 -0.049193 1.962350 0.130558 -0.098766 1.902676 0.064283 -0.168564 1.889353 0.195335 -0.158390 1.875576 0.060361 -0.575962 1.827105 0.163396 -0.543806 1.840406 0.082094 -0.934338 1.959760 0.229723 -0.934230 1.932452 0.075026 -0.967201 1.882203 0.223650 -0.955874 1.834725 
0.098758 0.460546 1.977067 0.131902 0.286053 1.973128 -0.030022 0.146902 1.931726 0.266174 0.204652 1.920660 -0.074240 -0.102503 1.895230 0.333348 -0.088362 1.845571 -0.113765 -0.311950 1.845571 0.365636 -0.298840 1.808913 -0.113829 -0.370671 1.782062 0.367248 -0.355254 1.726920 0.132070 -0.046062 1.928839 0.127222 -0.095760 1.869344 0.060917 -0.165397 1.856163 0.191992 -0.155506 1.842663 0.054337 -0.571527 1.786567 0.160332 -0.540262 1.815475 0.072273 -0.931634 1.904547 0.225894 -0.930339 1.907476 0.065494 -0.965265 1.826503 0.219660 -0.951376 1.808741 
0.095462 0.463345 1.944473 0.128962 0.289157 1.941529 -0.032762 0.149457 1.900425 0.263174 0.207343 1.889267 -0.076783 -0.099337 1.863687 0.331206 -0.086545 1.814955 -0.116076 -0.308108 1.814955 0.363850 -0.296545 1.773836 -0.115613 -0.366549 1.745739 0.365048 -0.351277 1.696414 0.128989 -0.043304 1.898461 0.124166 -0.093128 1.839127 0.057858 -0.162620 1.826381 0.188895 -0.153002 1.812468 0.048914 -0.567424 1.749998 0.157609 -0.537075 1.793144 0.063066 -0.929056 1.851658 0.221975 -0.926692 1.884961 0.056549 -0.963473 1.772965 0.215572 -0.947280 1.785421 
0.091152 0.465643 1.908151 0.124714 0.291794 1.906008 -0.036630 0.151729 1.864265 0.259117 0.209999 1.854557 -0.080453 -0.096849 1.828735 0.327832 -0.084875 1.781996 -0.119061 -0.305649 1.781996 0.361349 -0.294639 1.739623 -0.118289 -0.363671 1.711205 0.361958 -0.348097 1.665560 0.124655 -0.040828 1.864144 0.119976 -0.090757 1.804983 0.053622 -0.160033 1.792167 0.184762 -0.150822 1.778859 0.042383 -0.562671 1.709415 0.155651 -0.534984 1.770349 0.052868 -0.926521 1.793625 0.219179 -0.924240 1.860112 0.046776 -0.961815 1.714069 0.212764 -0.944387 1.760328 
0.086357 0.467836 1.871634 0.120159 0.294940 1.868664 -0.041527 0.153823 1.826787 0.254073 0.212129 1.818389 -0.085013 -0.094816 1.793108 0.323506 -0.083661 1.748382 -0.122766 -0.303810 1.748382 0.358295 -0.293173 1.707536 -0.121265 -0.361391 1.680054 0.358486 -0.344965 1.635037 0.119697 -0.038550 1.827908 0.115108 -0.088765 1.768895 0.048594 -0.157827 1.755764 0.179963 -0.149037 1.743699 0.035353 -0.557924 1.667727 0.154179 -0.533044 1.745863 0.042433 -0.924224 1.734613 0.216406 -0.922232 1.833690 0.036732 -0.960428 1.654108 0.210039 -0.942107 1.734130 
0.081793 0.469774 1.838225 0.115639 0.297615 1.834970 -0.046117 0.155800 1.792640 0.249175 0.214089 1.785344 -0.089343 -0.092902 1.760732 0.319243 -0.082501 1.717713 -0.126414 -0.302109 1.717713 0.355325 -0.291816 1.678506 -0.124195 -0.359451 1.652156 0.355159 -0.342203 1.607237 0.114806 -0.036613 1.794539 0.110286 -0.087031 1.735519 0.043706 -0.155840 1.722253 0.175110 -0.147447 1.710683 0.028654 -0.553397 1.629552 0.152925 -0.530930 1.720990 0.032408 -0.921937 1.679112 0.213551 -0.920208 1.805953 0.027031 -0.958994 1.597665 0.207306 -0.940376 1.707031 
0.077244 0.471332 1.806754 0.110821 0.300049 1.803267 -0.051080 0.157603 1.759413 0.244171 0.215593 1.753754 -0.093877 -0.090955 1.730232 0.314697 -0.081716 1.688465 -0.130180 -0.300507 1.688465 0.352225 -0.290790 1.651629 -0.127279 -0.357854 1.626574 0.351776 -0.339792 1.580947 0.109683 -0.034957 1.762394 0.105320 -0.085543 1.703287 0.038681 -0.154131 1.689869 0.170191 -0.146099 1.678640 0.022832 -0.551693 1.596844 0.151626 -0.528928 1.693759 0.022274 -0.920600 1.625966 0.210010 -0.918390 1.774471 0.017347 -0.957639 1.543952 0.204055 -0.939312 1.676586 
0.071606 0.472851 1.773363 0.104582 0.302903 1.769863 -0.056998 0.159759 1.724396 0.238231 0.217936 1.721403 -0.099667 -0.088904 1.698064 0.308719 -0.080029 1.657582 -0.135349 -0.298999 1.657582 0.347878 -0.289064 1.623982 -0.131628 -0.356172 1.600589 0.347380 -0.337003 1.553101 0.103614 -0.032642 1.728277 0.099574 -0.083321 1.669070 0.033001 -0.151733 1.654758 0.164569 -0.143941 1.645179 0.017455 -0.550131 1.566348 0.150796 -0.525538 1.657934 0.013542 -0.919209 1.578759 0.206780 -0.915412 1.731692 0.009081 -0.956186 1.496245 0.201312 -0.937675 1.635365 
