122
0.066537 0.785297 3.433876 0.070033 0.581511 3.488986 -0.095435 0.491104 3.519886 0.231151 0.466894 3.478786 -0.142859 0.222265 3.518611 0.296238 0.213554 3.474612 -0.141496 0.006129 3.474612 0.281798 0.020736 3.441343 -0.137514 -0.079601 3.423752 0.288890 -0.058932 3.357944 0.074106 0.238733 3.503971 0.071099 0.171841 3.479711 -0.002786 0.097324 3.481220 0.145148 0.098683 3.469659 -0.001013 -0.317598 3.556527 0.212317 -0.313248 3.415436 0.028808 -0.636513 3.573816 0.232975 -0.645351 3.482999 0.034459 -0.705731 3.537938 0.240690 -0.708912 3.443656 
0.064668 0.782502 3.427861 0.064411 0.575782 3.474576 -0.099656 0.485457 3.501410 0.230535 0.465406 3.474840 -0.150846 0.223377 3.511694 0.288731 0.200376 3.465836 -0.151847 0.012201 3.465836 0.277743 0.006495 3.429002 -0.147705 -0.070039 3.421734 0.287498 -0.058464 3.357583 0.069739 0.237421 3.494718 0.068369 0.170641 3.472441 -0.006151 0.096363 3.473770 0.143724 0.096825 3.464336 -0.005219 -0.305254 3.548722 0.210216 -0.317081 3.407522 0.029410 -0.635709 3.573310 0.225530 -0.663751 3.417822 0.028999 -0.695274 3.543375 0.227314 -0.732778 3.370401 
0.062490 0.781746 3.420419 0.061534 0.576574 3.464379 -0.101598 0.484245 3.494342 0.227086 0.462452 3.462473 -0.156287 0.224562 3.499912 0.286571 0.197336 3.464040 -0.160623 0.000130 3.464040 0.275942 0.002989 3.420697 -0.150900 -0.069124 3.420814 0.282892 -0.057911 3.356880 0.067845 0.236673 3.486427 0.066389 0.169405 3.466210 -0.007652 0.095614 3.469857 0.141896 0.094986 3.457610 -0.006289 -0.310845 3.546514 0.204187 -0.318356 3.396021 0.029632 -0.636187 3.569736 0.223765 -0.664006 3.407821 0.025060 -0.696353 3.541282 0.228332 -0.728708 3.345111 
0.060632 0.782923 3.416959 0.061273 0.577739 3.444838 -0.102810 0.483915 3.491527 0.225146 0.460825 3.451850 -0.165915 0.219749 3.479743 0.285819 0.195692 3.463715 -0.162782 -0.006017 3.463715 0.277683 0.002795 3.415309 -0.154030 -0.072963 3.420221 0.282379 -0.059737 3.353666 0.066170 0.236301 3.472853 0.064208 0.168215 3.456264 -0.009729 0.094230 3.462777 0.139402 0.093694 3.448006 -0.006481 -0.314442 3.544937 0.197548 -0.312929 3.378435 0.031318 -0.638089 3.564037 0.206616 -0.640300 3.361861 0.024345 -0.699812 3.539728 0.226633 -0.715605 3.316335 
0.057720 0.782644 3.403152 0.060197 0.578067 3.437754 -0.104421 0.479560 3.474515 0.225177 0.460400 3.449832 -0.167744 0.215896 3.467926 0.282512 0.190437 3.456399 -0.163936 -0.006361 3.456399 0.274574 -0.003750 3.411474 -0.155756 -0.080489 3.416868 0.279184 -0.061126 3.344105 0.064625 0.235138 3.461868 0.063863 0.166817 3.446613 -0.010157 0.091918 3.451377 0.139350 0.092675 3.439863 -0.007006 -0.319851 3.542803 0.194642 -0.317683 3.353037 0.029665 -0.652301 3.561234 0.204531 -0.643533 3.329957 0.022640 -0.719966 3.532208 0.217999 -0.716057 3.277871 
0.058260 0.781820 3.390670 0.060769 0.578239 3.430417 -0.104972 0.482117 3.465681 0.221767 0.458256 3.438567 -0.169042 0.214376 3.457508 0.282022 0.186084 3.437110 -0.164765 -0.010563 3.437110 0.275451 -0.011438 3.400900 -0.158303 -0.085965 3.408388 0.276358 -0.058799 3.323442 0.064440 0.234051 3.452868 0.063460 0.165452 3.439131 -0.010622 0.091239 3.444211 0.138613 0.091529 3.432491 -0.006537 -0.317381 3.534952 0.188607 -0.311185 3.336900 0.030410 -0.649409 3.561082 0.194195 -0.636935 3.275527 0.024598 -0.685762 3.491661 0.218912 -0.700352 3.216085 
0.057064 0.777953 3.375534 0.059465 0.577290 3.425292 -0.105389 0.481934 3.458050 0.220761 0.457761 3.431601 -0.168885 0.214289 3.441448 0.281732 0.187357 3.425963 -0.165969 -0.011023 3.425963 0.274946 -0.012482 3.391911 -0.159054 -0.086874 3.400941 0.276618 -0.059106 3.324962 0.063671 0.232708 3.444384 0.062967 0.164140 3.431224 -0.010774 0.090020 3.435614 0.138108 0.090454 3.424144 -0.005960 -0.322039 3.525838 0.188067 -0.331503 3.315031 0.031991 -0.652153 3.561920 0.199895 -0.648200 3.248228 0.031308 -0.715826 3.541722 0.217770 -0.717586 3.193138 
0.056127 0.777408 3.370187 0.056377 0.575084 3.414447 -0.104623 0.480997 3.448613 0.218883 0.457692 3.406741 -0.170194 0.216069 3.427223 0.282810 0.200015 3.413706 -0.165274 -0.012111 3.413706 0.281519 -0.003716 3.388274 -0.156411 -0.079049 3.388219 0.277572 -0.063952 3.315202 0.064472 0.231517 3.430845 0.063717 0.163219 3.418051 -0.008758 0.089582 3.421088 0.139041 0.090278 3.411254 -0.006306 -0.316451 3.511088 0.187108 -0.327726 3.307763 0.032082 -0.648048 3.561108 0.195211 -0.618990 3.224812 0.023051 -0.684193 3.491791 0.206112 -0.678079 3.157140 
0.058972 0.772982 3.360986 0.059983 0.573049 3.402044 -0.103708 0.478863 3.440198 0.220951 0.457984 3.404772 -0.169777 0.214699 3.420344 0.293957 0.188311 3.403750 -0.165303 -0.011067 3.403750 0.285020 -0.011780 3.364289 -0.152373 -0.077181 3.361896 0.280581 -0.069006 3.301697 0.067088 0.231170 3.417116 0.066540 0.163247 3.404806 -0.006545 0.088545 3.406782 0.142059 0.090171 3.398874 -0.003573 -0.319322 3.503484 0.185656 -0.317925 3.296507 0.030797 -0.641270 3.557698 0.190161 -0.623451 3.194400 0.023170 -0.677395 3.488102 0.199482 -0.679910 3.124158 
0.064772 0.770026 3.340696 0.064817 0.571783 3.391567 -0.098167 0.480171 3.424287 0.222848 0.461488 3.393929 -0.166346 0.214022 3.409395 0.295699 0.191031 3.386782 -0.160988 -0.012186 3.386782 0.286924 -0.010636 3.341475 -0.148024 -0.092642 3.308797 0.285175 -0.070725 3.295166 0.069906 0.230193 3.401592 0.069129 0.162657 3.387906 -0.003402 0.088722 3.388982 0.142989 0.091136 3.380316 -0.002841 -0.323354 3.493404 0.183602 -0.323911 3.281767 0.030478 -0.638071 3.553247 0.192433 -0.634022 3.175242 0.023902 -0.673870 3.483262 0.200461 -0.685576 3.101031 
0.065523 0.771234 3.335965 0.066564 0.572203 3.384396 -0.095691 0.477041 3.410227 0.231643 0.463177 3.382454 -0.157861 0.214020 3.392794 0.301268 0.192253 3.382746 -0.159170 -0.015063 3.382746 0.300544 -0.012551 3.316953 -0.147307 -0.093475 3.302760 0.290657 -0.078094 3.282732 0.071518 0.229877 3.387669 0.070771 0.162658 3.371242 -0.002524 0.086266 3.370355 0.145371 0.091004 3.361490 -0.000427 -0.336755 3.487485 0.180545 -0.322395 3.261354 0.031214 -0.652892 3.544743 0.190682 -0.633993 3.161592 0.015782 -0.739822 3.523003 0.198449 -0.688735 3.089407 
0.071356 0.768674 3.312940 0.068991 0.573010 3.367969 -0.089583 0.472755 3.387063 0.236224 0.447577 3.342642 -0.150221 0.213357 3.376649 0.306494 0.178654 3.359205 -0.148714 -0.015832 3.359205 0.305430 -0.019007 3.287865 -0.143098 -0.097297 3.289656 0.291123 -0.082850 3.266726 0.074278 0.224725 3.368022 0.072448 0.156521 3.349488 -0.000855 0.080310 3.351428 0.146706 0.086179 3.337208 0.004243 -0.344085 3.481031 0.180293 -0.321299 3.244367 0.032861 -0.654643 3.543982 0.186916 -0.638766 3.153829 0.024358 -0.733545 3.529426 0.195371 -0.694016 3.081932 
0.074781 0.765667 3.293845 0.085837 0.567103 3.316638 -0.087362 0.471543 3.368918 0.240645 0.446459 3.328849 -0.146316 0.213317 3.358908 0.316027 0.193022 3.331593 -0.145868 -0.012790 3.331593 0.307328 -0.010001 3.280792 -0.137099 -0.093674 3.267920 0.295077 -0.072328 3.252696 0.083442 0.223616 3.340749 0.080557 0.154836 3.328638 0.005076 0.076980 3.333142 0.154690 0.084661 3.321126 0.010269 -0.346841 3.469211 0.180885 -0.332975 3.221535 0.033967 -0.654879 3.542432 0.184227 -0.642783 3.139856 0.029318 -0.729763 3.527389 0.190962 -0.702778 3.071548 
0.079246 0.765160 3.277036 0.087553 0.567949 3.315043 -0.081604 0.467240 3.348139 0.245761 0.451971 3.306200 -0.142037 0.217564 3.318321 0.320701 0.187232 3.304926 -0.137222 -0.011288 3.304926 0.314973 -0.017553 3.254559 -0.128040 -0.091119 3.238437 0.309014 -0.081720 3.237083 0.088782 0.222098 3.327803 0.086714 0.153191 3.312602 0.012677 0.075245 3.312324 0.160649 0.083428 3.304583 0.016627 -0.317962 3.415367 0.186079 -0.336919 3.193695 0.034039 -0.638410 3.535543 0.186240 -0.651788 3.131980 0.028041 -0.705238 3.529110 0.192313 -0.713184 3.064824 
0.091904 0.760361 3.242947 0.096256 0.571189 3.299705 -0.075899 0.469062 3.336671 0.257429 0.447923 3.285813 -0.137396 0.214939 3.314147 0.332196 0.178357 3.276072 -0.133779 -0.003058 3.276072 0.321449 -0.024975 3.218779 -0.121730 -0.092410 3.209272 0.309305 -0.087046 3.197322 0.097210 0.222087 3.303473 0.094035 0.153286 3.287058 0.017996 0.074751 3.289098 0.168817 0.082163 3.275920 0.018974 -0.327485 3.411570 0.190679 -0.323006 3.183777 0.035282 -0.641830 3.533705 0.185789 -0.653137 3.128906 0.032881 -0.707834 3.520086 0.192279 -0.715971 3.063070 
0.091870 0.762242 3.240027 0.108092 0.571260 3.280879 -0.066830 0.472766 3.313527 0.266490 0.453662 3.268034 -0.128868 0.213861 3.301939 0.332451 0.180342 3.262370 -0.126078 -0.004312 3.262370 0.329621 -0.025570 3.213257 -0.115358 -0.087302 3.191108 0.314988 -0.081331 3.183358 0.105084 0.224697 3.279587 0.101431 0.157395 3.259402 0.025330 0.079390 3.256714 0.174841 0.085409 3.248500 0.029734 -0.331380 3.376497 0.198815 -0.348476 3.166547 0.035576 -0.642046 3.529053 0.186028 -0.659612 3.120613 0.032784 -0.708217 3.510732 0.192720 -0.724946 3.057212 
0.098742 0.768840 3.233537 0.111994 0.579968 3.267940 -0.063482 0.470671 3.302830 0.271006 0.458905 3.252814 -0.117275 0.216408 3.284693 0.345563 0.188520 3.245221 -0.112807 -0.000429 3.245221 0.343342 -0.008084 3.186239 -0.109313 -0.084901 3.186141 0.313512 -0.066212 3.147366 0.110653 0.228475 3.265631 0.106718 0.160435 3.243431 0.030486 0.081646 3.243594 0.181009 0.089221 3.228846 0.030211 -0.330858 3.362543 0.199358 -0.348585 3.164211 0.037534 -0.645462 3.511784 0.185992 -0.662926 3.119481 0.034623 -0.710813 3.495154 0.191479 -0.728866 3.056547 
0.101376 0.777599 3.211900 0.118019 0.584105 3.245731 -0.054831 0.473320 3.280360 0.279036 0.462884 3.218702 -0.103668 0.216861 3.268397 0.347877 0.192295 3.234180 -0.107101 0.000751 3.234180 0.345681 -0.007235 3.172192 -0.096051 -0.075371 3.154822 0.316075 -0.063795 3.134078 0.116849 0.230661 3.244200 0.111729 0.162467 3.220444 0.035918 0.084086 3.219228 0.185214 0.091453 3.208204 0.030241 -0.338215 3.337212 0.200313 -0.347956 3.160717 0.036293 -0.647750 3.504722 0.186923 -0.667242 3.118171 0.029050 -0.713534 3.491377 0.187240 -0.734815 3.056712 
0.107848 0.781265 3.203323 0.123405 0.585925 3.220386 -0.043115 0.470285 3.249511 0.286363 0.462191 3.200989 -0.100348 0.219860 3.260544 0.356202 0.197756 3.179896 -0.100525 0.012795 3.179896 0.352755 -0.007537 3.166650 -0.089131 -0.059996 3.139838 0.320604 -0.061756 3.099783 0.123068 0.230219 3.223390 0.118878 0.161464 3.198819 0.043680 0.084004 3.197309 0.192435 0.089936 3.187988 0.027711 -0.347104 3.310937 0.207176 -0.339118 3.145378 0.035410 -0.648563 3.502532 0.186862 -0.666863 3.117839 0.025622 -0.716725 3.495901 0.184472 -0.734849 3.056830 
0.116478 0.775846 3.166334 0.136441 0.587883 3.196090 -0.037302 0.471908 3.233413 0.290790 0.462643 3.184761 -0.093135 0.221865 3.243521 0.358707 0.199772 3.168040 -0.096030 0.021173 3.168040 0.357646 -0.000501 3.151700 -0.087431 -0.060985 3.131059 0.321408 -0.061056 3.085349 0.130492 0.231308 3.205534 0.125247 0.162011 3.181760 0.049796 0.085799 3.180747 0.197229 0.090339 3.172853 0.032638 -0.330287 3.254829 0.210165 -0.338875 3.141485 0.033824 -0.636216 3.459965 0.187279 -0.668261 3.116659 0.023684 -0.714695 3.465423 0.183098 -0.736901 3.056398 
0.119419 0.776517 3.158392 0.138130 0.588829 3.187381 -0.030994 0.470283 3.213749 0.294750 0.462729 3.173528 -0.089721 0.220846 3.226654 0.369795 0.200429 3.139600 -0.089459 0.018900 3.139600 0.355557 0.004053 3.143242 -0.077644 -0.063905 3.108611 0.346580 -0.058601 3.027149 0.133694 0.231451 3.191383 0.129271 0.162545 3.165067 0.054281 0.086996 3.164720 0.201454 0.090882 3.152631 0.030362 -0.321596 3.231685 0.212195 -0.339295 3.136820 0.042046 -0.620796 3.414977 0.187640 -0.667758 3.116554 0.020019 -0.701435 3.433494 0.183744 -0.735672 3.055324 
0.127664 0.783016 3.133271 0.144811 0.587862 3.168318 -0.027631 0.471455 3.203513 0.303170 0.466597 3.156311 -0.081233 0.219890 3.202430 0.374423 0.206144 3.123232 -0.082576 0.021050 3.123232 0.362107 0.007948 3.124769 -0.073933 -0.055374 3.101447 0.360187 -0.058519 3.024644 0.139221 0.233053 3.173186 0.133718 0.164799 3.146129 0.057836 0.088434 3.147224 0.205766 0.092564 3.132642 0.026704 -0.324806 3.200839 0.214687 -0.339546 3.130843 0.036895 -0.630268 3.397401 0.187582 -0.667880 3.116411 0.019754 -0.702527 3.409974 0.183233 -0.735902 3.055249 
0.132681 0.783551 3.118745 0.146902 0.589691 3.161411 -0.023028 0.477867 3.187025 0.305461 0.471187 3.137515 -0.076728 0.223109 3.187799 0.380298 0.226956 3.094584 -0.081566 0.018126 3.094584 0.361141 0.016705 3.104087 -0.072026 -0.056772 3.089867 0.362713 -0.065227 2.966339 0.141414 0.234207 3.164024 0.135438 0.166282 3.134898 0.059792 0.090727 3.135159 0.207070 0.094116 3.120453 0.026806 -0.332178 3.183757 0.216328 -0.340073 3.121169 0.036249 -0.645949 3.353187 0.187896 -0.667913 3.116296 0.019039 -0.721438 3.322481 0.183565 -0.735700 3.054733 
0.136360 0.785334 3.111279 0.151161 0.588557 3.150890 -0.020308 0.480231 3.174598 0.308518 0.469487 3.111011 -0.075657 0.222225 3.185533 0.386823 0.218802 3.058751 -0.081203 0.016547 3.058751 0.359754 0.013867 3.089804 -0.069551 -0.061171 3.072153 0.361809 -0.072933 2.949636 0.145423 0.234419 3.150830 0.137669 0.167513 3.119386 0.061661 0.092602 3.121146 0.208737 0.094670 3.101276 0.030421 -0.335918 3.148725 0.218919 -0.341992 3.112147 0.036737 -0.654830 3.273127 0.188019 -0.668512 3.115418 0.020632 -0.728730 3.262412 0.183553 -0.736531 3.054029 
0.141318 0.787868 3.092243 0.155319 0.590251 3.128834 -0.012795 0.478921 3.148226 0.311153 0.470004 3.098968 -0.072543 0.222383 3.174622 0.385100 0.219543 3.054323 -0.079977 0.016033 3.054323 0.364011 0.011717 3.085456 -0.067676 -0.056290 3.068969 0.363391 -0.066469 2.922144 0.147242 0.235211 3.136390 0.140285 0.167564 3.105337 0.064163 0.094024 3.106225 0.211063 0.094420 3.091095 0.034951 -0.330062 3.111537 0.220976 -0.343780 3.103424 0.042651 -0.652359 3.250729 0.188083 -0.669771 3.115168 0.028018 -0.718990 3.223466 0.183563 -0.737480 3.053371 
0.142967 0.786093 3.076821 0.161696 0.590453 3.097863 -0.009303 0.478492 3.127910 0.316522 0.471496 3.085140 -0.070149 0.222519 3.166469 0.386083 0.213183 3.031938 -0.079055 0.015966 3.031938 0.370703 0.013164 3.082000 -0.067224 -0.054195 3.067000 0.362625 -0.065447 2.885329 0.151052 0.237320 3.116686 0.144394 0.168722 3.088415 0.067884 0.094474 3.091622 0.214816 0.095328 3.076434 0.037811 -0.334078 3.083902 0.223474 -0.335656 3.092506 0.042459 -0.668805 3.181929 0.187735 -0.670522 3.111407 0.024640 -0.732147 3.165471 0.185457 -0.739663 3.051113 
0.143982 0.776472 3.044989 0.159070 0.589057 3.084673 -0.007478 0.477859 3.116140 0.315997 0.469074 3.073968 -0.067575 0.225022 3.155918 0.390516 0.215670 3.027691 -0.077248 0.017626 3.027691 0.373350 0.020239 3.073663 -0.067829 -0.052327 3.063086 0.360739 -0.061073 2.869432 0.151546 0.234944 3.101842 0.145656 0.166174 3.074163 0.070237 0.093331 3.076096 0.216421 0.093045 3.064093 0.041274 -0.334713 3.061793 0.222786 -0.341144 3.086982 0.056610 -0.676260 3.128924 0.185693 -0.671238 3.111288 0.035069 -0.731695 3.094268 0.183830 -0.740435 3.051037 
0.145625 0.779064 3.042868 0.165153 0.589113 3.070528 -0.007377 0.476467 3.104553 0.321299 0.467146 3.062282 -0.065713 0.225269 3.147911 0.393010 0.229616 2.985425 -0.074805 0.017440 2.985425 0.370034 0.024185 3.068165 -0.068337 -0.051676 3.059935 0.356440 -0.058367 2.851673 0.154895 0.236571 3.087175 0.148605 0.168117 3.060013 0.071586 0.095049 3.062797 0.219901 0.092702 3.048683 0.041856 -0.338464 3.010872 0.224720 -0.344170 3.078919 0.056681 -0.683848 3.064140 0.184725 -0.672486 3.109802 0.028771 -0.745275 3.010237 0.185652 -0.742382 3.054154 
0.147364 0.779409 3.025037 0.165646 0.586871 3.060095 -0.004056 0.478020 3.088126 0.321341 0.464730 3.042104 -0.062578 0.223691 3.126815 0.392426 0.230064 2.980103 -0.077035 0.013418 2.980103 0.370582 0.021559 3.057460 -0.068317 -0.062730 3.045465 0.356821 -0.060276 2.849441 0.157319 0.233605 3.069942 0.151038 0.165765 3.040868 0.074937 0.094542 3.042297 0.222225 0.090044 3.027760 0.050997 -0.344237 2.996311 0.224145 -0.346838 3.071854 0.064183 -0.678887 3.037770 0.180859 -0.689636 3.105511 0.053308 -0.726494 2.959907 0.185439 -0.745103 3.054600 
0.148950 0.782223 3.018727 0.167328 0.585033 3.049270 -0.001129 0.478084 3.072626 0.320550 0.463919 3.022295 -0.063373 0.221559 3.106604 0.393265 0.230326 2.967583 -0.077378 -0.001828 2.967583 0.367986 0.024351 3.043934 -0.067723 -0.068050 3.040588 0.355371 -0.060477 2.834521 0.159772 0.231965 3.057432 0.152995 0.164446 3.027584 0.077129 0.094085 3.028392 0.223950 0.089503 3.014863 0.053387 -0.345563 2.973949 0.223636 -0.346575 3.066917 0.058936 -0.679025 2.949558 0.178992 -0.690034 3.099138 0.056590 -0.737351 2.878510 0.178910 -0.742811 3.053166 
0.149572 0.784525 3.002074 0.167092 0.584897 3.034462 -0.002755 0.474877 3.059320 0.320710 0.463053 3.004115 -0.063115 0.216812 3.089541 0.390342 0.226893 2.947230 -0.076446 -0.003020 2.947230 0.365546 0.022757 3.040137 -0.066859 -0.081001 3.019141 0.351550 -0.059090 2.810151 0.160991 0.230926 3.042481 0.153870 0.163325 3.011946 0.078174 0.092290 3.014582 0.225021 0.088189 2.996613 0.061003 -0.343653 2.949266 0.220997 -0.351007 3.055201 0.066538 -0.655870 2.903912 0.178682 -0.686645 3.091489 0.054147 -0.714114 2.833717 0.181931 -0.746837 3.031850 
0.149676 0.781134 2.982157 0.166808 0.581639 3.013101 -0.001834 0.472783 3.041127 0.320187 0.459619 2.986363 -0.063518 0.215536 3.081648 0.386749 0.224974 2.931506 -0.078662 -0.001203 2.931506 0.365154 0.022440 3.031245 -0.069711 -0.081135 3.008984 0.350006 -0.061265 2.796542 0.159615 0.229795 3.027246 0.152351 0.161963 2.997944 0.076904 0.091369 3.000095 0.223009 0.087145 2.985506 0.065614 -0.347357 2.919777 0.219993 -0.363322 3.045312 0.057137 -0.665763 2.832966 0.177778 -0.687209 3.074089 0.053751 -0.724203 2.761839 0.185982 -0.750707 3.029821 
0.146329 0.771262 2.953720 0.162754 0.578426 2.984847 -0.006517 0.468937 3.022227 0.319624 0.460961 2.973745 -0.063727 0.210757 3.067458 0.383776 0.223995 2.920496 -0.074069 0.002631 2.920496 0.361743 0.020135 3.008976 -0.067299 -0.082594 2.977798 0.346996 -0.063182 2.784089 0.158721 0.227868 3.003769 0.152769 0.159642 2.976308 0.077244 0.087274 2.978217 0.224603 0.084902 2.966149 0.061075 -0.354299 2.882012 0.218283 -0.368752 3.034471 0.056936 -0.668650 2.770096 0.178394 -0.686648 3.073793 0.057553 -0.722077 2.695971 0.188043 -0.752684 3.010149 
0.144131 0.770755 2.940003 0.162574 0.576586 2.975542 -0.006707 0.465269 3.005298 0.316977 0.458006 2.956189 -0.064414 0.210360 3.055924 0.378582 0.217478 2.900160 -0.073282 -0.011679 2.900160 0.353581 0.014901 2.966796 -0.069046 -0.088992 2.964158 0.345295 -0.069363 2.776275 0.159005 0.223962 2.985265 0.153068 0.156306 2.955196 0.078231 0.085366 2.953651 0.224639 0.081432 2.944586 0.058894 -0.346122 2.872777 0.217506 -0.372694 3.023981 0.062613 -0.650825 2.754030 0.178826 -0.693570 3.069908 0.059831 -0.695852 2.673434 0.186320 -0.761515 3.007793 
0.141554 0.770490 2.924460 0.158718 0.574833 2.959641 -0.008928 0.466362 2.992074 0.313579 0.455264 2.935120 -0.063497 0.209794 3.033446 0.376262 0.215266 2.878889 -0.075918 -0.008085 2.878889 0.351811 0.012352 2.961222 -0.072772 -0.086427 2.948352 0.341051 -0.076541 2.758627 0.156248 0.222877 2.967899 0.149654 0.155620 2.937410 0.075203 0.084568 2.938886 0.221021 0.081003 2.923320 0.061299 -0.342826 2.860957 0.214983 -0.378215 3.010215 0.070024 -0.645281 2.724805 0.180751 -0.693294 3.068199 0.062712 -0.695917 2.647847 0.181959 -0.757486 3.021996 
0.138091 0.770266 2.909739 0.155142 0.572734 2.945104 -0.012170 0.461856 2.973916 0.310533 0.450889 2.914433 -0.061552 0.206265 3.014461 0.373222 0.207116 2.860345 -0.076714 -0.008729 2.860345 0.349234 0.007065 2.953745 -0.071844 -0.087323 2.940200 0.333957 -0.080105 2.746117 0.152605 0.218539 2.950493 0.145496 0.151277 2.918200 0.070441 0.080855 2.920962 0.217340 0.075452 2.901380 0.070147 -0.366621 2.820775 0.216952 -0.385770 3.002053 0.068334 -0.670827 2.686630 0.182757 -0.697481 3.059207 0.064039 -0.714874 2.605428 0.182821 -0.762582 2.993524 
0.133189 0.767083 2.894683 0.147545 0.565989 2.918431 -0.017399 0.458942 2.947796 0.308049 0.446290 2.898653 -0.068078 0.196867 2.980855 0.368962 0.201347 2.852144 -0.074697 -0.012249 2.852144 0.347406 0.001155 2.925179 -0.070692 -0.088879 2.909202 0.332742 -0.088584 2.734909 0.146657 0.214538 2.929667 0.140959 0.147255 2.898017 0.065358 0.076626 2.898115 0.214031 0.071452 2.885379 0.069362 -0.362834 2.814196 0.216015 -0.388499 2.992302 0.069448 -0.669085 2.682839 0.183788 -0.699063 3.058785 0.064908 -0.712669 2.601321 0.183238 -0.764112 2.992954 
0.132925 0.760720 2.867716 0.141781 0.565245 2.893556 -0.017730 0.452124 2.922920 0.307067 0.442574 2.880819 -0.068019 0.197522 2.964581 0.364855 0.191567 2.831866 -0.077635 -0.015605 2.831866 0.346619 -0.001716 2.909876 -0.073160 -0.089850 2.886012 0.334971 -0.089915 2.717379 0.142844 0.210383 2.900519 0.138269 0.142980 2.866908 0.063466 0.073429 2.862663 0.212032 0.066771 2.857652 0.068873 -0.359417 2.803783 0.213383 -0.391595 2.971608 0.071584 -0.666628 2.678652 0.184087 -0.699930 3.058047 0.071568 -0.713691 2.598857 0.183271 -0.765067 2.992179 
0.127354 0.757118 2.843556 0.139179 0.561522 2.877399 -0.020523 0.450669 2.906985 0.301959 0.441391 2.861786 -0.071749 0.194802 2.940681 0.360694 0.193241 2.819891 -0.084185 -0.018765 2.819891 0.346096 -0.006225 2.875121 -0.075445 -0.107199 2.853034 0.330447 -0.092233 2.692702 0.140671 0.205887 2.880443 0.135566 0.139131 2.844543 0.061959 0.069672 2.841761 0.207857 0.063704 2.831165 0.060096 -0.380701 2.771196 0.209504 -0.392629 2.953546 0.075103 -0.690747 2.660668 0.187037 -0.703797 3.057584 0.076740 -0.735695 2.579596 0.185491 -0.769001 2.991692 
0.126379 0.758122 2.837497 0.134263 0.560736 2.863106 -0.029884 0.449467 2.889701 0.298347 0.437713 2.844316 -0.078125 0.182704 2.892419 0.362587 0.188828 2.779384 -0.089608 -0.026273 2.779384 0.345162 -0.009289 2.858016 -0.079197 -0.115772 2.840359 0.333576 -0.098165 2.677699 0.135898 0.205079 2.859525 0.130762 0.139538 2.820409 0.056219 0.069143 2.815443 0.204141 0.062390 2.804891 0.061334 -0.379779 2.762023 0.191477 -0.401466 2.899162 0.074718 -0.691997 2.657588 0.190019 -0.704880 3.051936 0.077710 -0.741272 2.579036 0.187870 -0.770685 2.986572 
0.122687 0.760719 2.825107 0.130233 0.563234 2.844706 -0.033899 0.450755 2.863664 0.294449 0.436794 2.818150 -0.078120 0.185418 2.875304 0.358824 0.189090 2.775362 -0.092007 -0.020825 2.775362 0.337083 -0.014824 2.822645 -0.090589 -0.106396 2.788880 0.329906 -0.096728 2.666665 0.130819 0.205916 2.834621 0.125302 0.141091 2.792857 0.051195 0.070469 2.787772 0.197784 0.064739 2.775409 0.058444 -0.369787 2.730487 0.197076 -0.393094 2.894556 0.074979 -0.691839 2.655811 0.188038 -0.713403 3.031368 0.079670 -0.743830 2.579171 0.192432 -0.756030 2.977878 
0.113321 0.756930 2.797565 0.121235 0.561544 2.811251 -0.036376 0.450875 2.840938 0.290817 0.437349 2.795796 -0.083318 0.189347 2.847829 0.349610 0.189143 2.759348 -0.099690 -0.016795 2.759348 0.335161 -0.011586 2.770259 -0.091942 -0.108652 2.770057 0.330308 -0.094433 2.625857 0.125218 0.207338 2.805866 0.120117 0.142926 2.763545 0.046736 0.072263 2.759187 0.192984 0.067225 2.746316 0.055253 -0.367012 2.717383 0.205155 -0.391734 2.847163 0.076275 -0.687245 2.651658 0.188734 -0.711884 3.030125 0.080157 -0.744320 2.578634 0.197426 -0.765827 2.980819 
0.108472 0.759796 2.780841 0.119359 0.564161 2.795878 -0.044031 0.451334 2.814936 0.286155 0.439613 2.777100 -0.092127 0.185784 2.795851 0.344998 0.194000 2.742829 -0.101733 -0.023519 2.742829 0.336281 -0.005795 2.761720 -0.093903 -0.114127 2.745410 0.328133 -0.090678 2.610807 0.120362 0.208370 2.790573 0.115511 0.144017 2.746850 0.042093 0.073001 2.742988 0.187476 0.067820 2.728811 0.049995 -0.365318 2.699594 0.205967 -0.389463 2.810877 0.076047 -0.685210 2.649014 0.190752 -0.699733 3.010419 0.080810 -0.746973 2.579868 0.188653 -0.758544 2.938619 
0.102949 0.766369 2.762047 0.115810 0.565671 2.778472 -0.048876 0.448423 2.791850 0.279158 0.444853 2.756953 -0.093533 0.187816 2.783575 0.339178 0.190406 2.719995 -0.108226 -0.027641 2.719995 0.335066 -0.003641 2.700484 -0.102977 -0.119071 2.687056 0.324890 -0.091612 2.598027 0.115839 0.207239 2.766937 0.110922 0.143405 2.720791 0.037653 0.070003 2.718049 0.182446 0.070577 2.698467 0.052613 -0.365540 2.693143 0.210538 -0.374525 2.758293 0.075964 -0.684379 2.647460 0.179539 -0.673780 2.957163 0.080725 -0.747166 2.579124 0.208955 -0.761075 2.969364 
0.097595 0.765341 2.740128 0.111416 0.566544 2.757096 -0.054275 0.447809 2.771274 0.275616 0.445886 2.740642 -0.098911 0.194663 2.751579 0.336244 0.189856 2.704821 -0.106887 -0.009295 2.704821 0.333510 -0.000969 2.684980 -0.105545 -0.100722 2.669132 0.323073 -0.089478 2.576469 0.111407 0.210008 2.746880 0.106994 0.146754 2.700019 0.033400 0.072725 2.696014 0.179044 0.073594 2.679393 0.050269 -0.365981 2.680388 0.208932 -0.366822 2.717025 0.075593 -0.683995 2.646392 0.182425 -0.659664 2.938116 0.080461 -0.747363 2.578509 0.187563 -0.751186 2.953753 
0.097841 0.763546 2.721485 0.106683 0.570177 2.729330 -0.061142 0.442826 2.731989 0.270693 0.449150 2.721195 -0.106627 0.192928 2.710535 0.332323 0.189869 2.688534 -0.107724 -0.007612 2.688534 0.329377 -0.000867 2.632544 -0.108320 -0.097664 2.609518 0.321729 -0.088542 2.559473 0.106490 0.213881 2.726211 0.104657 0.150033 2.679382 0.030837 0.075867 2.670807 0.177571 0.076877 2.664817 0.051363 -0.367813 2.667329 0.205710 -0.351073 2.661037 0.074938 -0.682946 2.644188 0.178022 -0.643319 2.882907 0.080261 -0.747889 2.577677 0.158554 -0.734361 2.881492 
0.093549 0.764753 2.688536 0.104608 0.571661 2.718878 -0.061485 0.447720 2.722950 0.268557 0.449112 2.706322 -0.106534 0.194407 2.694578 0.330117 0.189712 2.673373 -0.105913 -0.004832 2.673373 0.325857 0.002516 2.612498 -0.107971 -0.093409 2.583981 0.318879 -0.082355 2.530975 0.104966 0.213035 2.711581 0.102474 0.149417 2.663148 0.028479 0.075067 2.654068 0.175770 0.077113 2.648417 0.049847 -0.368350 2.658367 0.206049 -0.344874 2.634345 0.074656 -0.683715 2.642869 0.168171 -0.629543 2.817142 0.080122 -0.749072 2.576600 0.207030 -0.703978 2.857668 
0.089543 0.763204 2.677383 0.102412 0.575715 2.701755 -0.065315 0.451473 2.706983 0.266094 0.447955 2.685307 -0.113991 0.200330 2.659147 0.324909 0.193736 2.653003 -0.101956 0.005339 2.653003 0.325751 0.005445 2.566607 -0.102138 -0.083288 2.537623 0.313069 -0.074187 2.519448 0.102143 0.216871 2.693324 0.098855 0.153615 2.644084 0.024216 0.078457 2.635666 0.172244 0.081387 2.627643 0.047768 -0.366859 2.650896 0.199903 -0.344548 2.587161 0.074205 -0.682998 2.642129 0.177059 -0.635354 2.793329 0.079233 -0.751439 2.578725 0.212563 -0.716521 2.823008 
0.088280 0.769478 2.661254 0.098140 0.575620 2.672553 -0.066372 0.455118 2.686038 0.263216 0.452730 2.671100 -0.117095 0.202054 2.638588 0.322741 0.196335 2.634565 -0.101576 0.005898 2.634565 0.324806 0.004697 2.549442 -0.101664 -0.084346 2.525383 0.312079 -0.075161 2.506916 0.100446 0.218528 2.670569 0.098537 0.154945 2.621609 0.023933 0.079690 2.610979 0.172994 0.083725 2.609420 0.042402 -0.367480 2.640423 0.199424 -0.343251 2.562701 0.074446 -0.683832 2.641427 0.185912 -0.672038 2.735334 0.078944 -0.752515 2.578191 0.224842 -0.751135 2.748026 
0.086575 0.769451 2.634435 0.094660 0.576459 2.654731 -0.068875 0.454258 2.661959 0.261380 0.450661 2.646761 -0.112174 0.196363 2.605915 0.318759 0.194123 2.614782 -0.101888 0.004575 2.614782 0.321194 0.004385 2.505398 -0.097092 -0.082505 2.471543 0.311697 -0.079578 2.480262 0.099384 0.218234 2.656677 0.097902 0.154050 2.607830 0.023993 0.078449 2.598310 0.172654 0.082832 2.596255 0.039101 -0.366532 2.632555 0.187028 -0.340630 2.530360 0.084261 -0.690227 2.640822 0.185629 -0.688886 2.667346 0.076594 -0.757637 2.585012 0.182301 -0.724032 2.594076 
0.086959 0.769019 2.617863 0.091418 0.575601 2.637789 -0.067737 0.452294 2.641484 0.258212 0.449172 2.629500 -0.111992 0.200754 2.590301 0.317556 0.192449 2.597882 -0.102184 0.009219 2.597882 0.321941 0.001665 2.489054 -0.092090 -0.076923 2.453583 0.311835 -0.087577 2.467868 0.097414 0.217050 2.641209 0.096682 0.152718 2.592103 0.024189 0.078116 2.583597 0.170800 0.082081 2.580617 0.034351 -0.374749 2.627197 0.192223 -0.337937 2.490538 0.082751 -0.690843 2.638356 0.171805 -0.690326 2.617299 0.076660 -0.757823 2.585712 0.182884 -0.749575 2.583494 
0.081907 0.765246 2.593983 0.091533 0.573657 2.619165 -0.071909 0.451656 2.627891 0.255180 0.448860 2.607518 -0.114774 0.199305 2.573443 0.315821 0.190840 2.577628 -0.099152 0.012959 2.577628 0.318382 -0.002835 2.462318 -0.084427 -0.064815 2.411815 0.311282 -0.085587 2.450136 0.098035 0.216417 2.624524 0.096049 0.152174 2.575314 0.023290 0.076590 2.567541 0.170305 0.081595 2.562930 0.032773 -0.378758 2.620909 0.189163 -0.342799 2.466468 0.085518 -0.692607 2.626987 0.173455 -0.699415 2.576866 0.087269 -0.761687 2.582876 0.190106 -0.758523 2.530104 
0.078612 0.762531 2.573615 0.087979 0.572303 2.599313 -0.074547 0.448338 2.606344 0.252125 0.448852 2.589725 -0.118856 0.200102 2.542166 0.313470 0.191542 2.560562 -0.094573 0.015167 2.560562 0.316425 -0.005009 2.430035 -0.080938 -0.069570 2.391656 0.312281 -0.083143 2.443273 0.096844 0.214278 2.602721 0.095888 0.150272 2.552623 0.023069 0.074085 2.541338 0.171391 0.080811 2.543116 0.031533 -0.384831 2.612044 0.188018 -0.348901 2.440953 0.089133 -0.697644 2.608382 0.173477 -0.685082 2.513940 0.117670 -0.759646 2.544379 0.186113 -0.760712 2.464330 
0.079004 0.760129 2.551136 0.089312 0.568854 2.569243 -0.076659 0.446605 2.588449 0.250148 0.445133 2.568426 -0.117272 0.199269 2.530432 0.309408 0.187776 2.543800 -0.094828 0.016290 2.543800 0.317068 -0.011370 2.414225 -0.078616 -0.063955 2.367833 0.310969 -0.088390 2.422482 0.097242 0.214054 2.583719 0.095606 0.149083 2.535233 0.022795 0.072733 2.527350 0.170724 0.079635 2.525771 0.031429 -0.396713 2.602909 0.185342 -0.352480 2.420616 0.086540 -0.698550 2.608644 0.193070 -0.679121 2.427759 0.114915 -0.752908 2.537778 0.193533 -0.756964 2.375584 
0.080290 0.760311 2.537156 0.087426 0.567882 2.557102 -0.076084 0.448241 2.574696 0.249855 0.445180 2.549132 -0.115156 0.198838 2.517418 0.308605 0.189868 2.530910 -0.094566 0.018376 2.530910 0.318724 -0.006349 2.396409 -0.077234 -0.064789 2.355672 0.311517 -0.090605 2.413562 0.097605 0.212231 2.569485 0.095483 0.147464 2.520532 0.024020 0.071027 2.512383 0.169876 0.078355 2.511434 0.031677 -0.397654 2.596645 0.184611 -0.357553 2.396880 0.086048 -0.698671 2.608605 0.189239 -0.676648 2.374434 0.076950 -0.759889 2.558959 0.184655 -0.750538 2.316850 
0.079936 0.761726 2.508925 0.087423 0.568399 2.539573 -0.077579 0.451582 2.559797 0.248380 0.445199 2.528805 -0.114044 0.196767 2.500943 0.307932 0.187589 2.512156 -0.093256 0.014753 2.512156 0.317906 -0.011626 2.382502 -0.076087 -0.068380 2.341334 0.302186 -0.099159 2.391383 0.098671 0.212429 2.550900 0.095857 0.147821 2.501486 0.023740 0.071154 2.495960 0.171070 0.078732 2.488931 0.030902 -0.395879 2.589428 0.184807 -0.372346 2.360843 0.083450 -0.703977 2.609027 0.181514 -0.683428 2.309461 0.076357 -0.762982 2.559138 0.185401 -0.740169 2.234754 
0.082942 0.758432 2.486933 0.087357 0.564809 2.509106 -0.076217 0.448958 2.536087 0.248282 0.444336 2.505370 -0.111802 0.196775 2.484803 0.309190 0.184710 2.486931 -0.092649 0.011850 2.486931 0.316918 -0.016361 2.371128 -0.073764 -0.071569 2.330935 0.306329 -0.105502 2.375619 0.097877 0.209402 2.527375 0.094923 0.143806 2.479519 0.022610 0.067458 2.474850 0.169987 0.075205 2.469412 0.032061 -0.398285 2.575221 0.184315 -0.372945 2.349012 0.086170 -0.709176 2.608232 0.178943 -0.674856 2.261669 0.081779 -0.762625 2.555429 0.180523 -0.728703 2.184680 
0.083441 0.756172 2.470133 0.088582 0.561623 2.494160 -0.074218 0.450754 2.513440 0.248655 0.442350 2.485904 -0.108153 0.196671 2.466417 0.309617 0.181201 2.472073 -0.092611 0.008132 2.472073 0.315200 -0.018030 2.358897 -0.073207 -0.076718 2.321750 0.305904 -0.103471 2.363095 0.096332 0.208481 2.511654 0.093401 0.143461 2.463957 0.021400 0.067632 2.460778 0.166986 0.074538 2.451668 0.033851 -0.398160 2.562063 0.182247 -0.368883 2.326055 0.084907 -0.707128 2.607667 0.172969 -0.666851 2.232104 0.077664 -0.762866 2.551441 0.173363 -0.710278 2.148655 
0.086567 0.752096 2.442967 0.091089 0.560668 2.471766 -0.073152 0.448230 2.495483 0.251438 0.440229 2.459609 -0.106905 0.196249 2.452382 0.313254 0.179438 2.451829 -0.090806 0.005794 2.451829 0.318119 -0.024320 2.348763 -0.072662 -0.081105 2.315722 0.307393 -0.105339 2.341184 0.097680 0.204000 2.490362 0.093203 0.137934 2.443456 0.020805 0.061199 2.439514 0.166346 0.069410 2.433227 0.033331 -0.401084 2.555235 0.179271 -0.366571 2.317164 0.084136 -0.703034 2.606408 0.166731 -0.663173 2.206322 0.082127 -0.764432 2.540269 0.170932 -0.711440 2.125561 
0.089161 0.746645 2.417621 0.092868 0.557125 2.442749 -0.071219 0.444766 2.473019 0.251245 0.438534 2.436983 -0.102535 0.190405 2.429763 0.315195 0.174469 2.423723 -0.088570 -0.005483 2.423723 0.319279 -0.028006 2.338029 -0.074614 -0.093298 2.309833 0.305958 -0.112725 2.318424 0.098340 0.199702 2.463628 0.093630 0.132961 2.418131 0.020545 0.054379 2.416635 0.167041 0.067246 2.406617 0.034202 -0.405072 2.543218 0.176096 -0.369695 2.290212 0.085118 -0.704775 2.603790 0.163208 -0.663777 2.186357 0.080985 -0.760112 2.551168 0.164857 -0.710072 2.104245 
0.089373 0.747770 2.404505 0.097344 0.554495 2.424446 -0.067234 0.443512 2.452009 0.255924 0.435450 2.411601 -0.099997 0.183443 2.410542 0.316313 0.169413 2.396729 -0.087043 -0.016728 2.396729 0.322100 -0.031469 2.330017 -0.079519 -0.106781 2.300840 0.309547 -0.118854 2.297066 0.099102 0.196931 2.444476 0.093074 0.130159 2.399536 0.020338 0.051088 2.400583 0.164163 0.064219 2.384747 0.033567 -0.406410 2.534391 0.173037 -0.375344 2.271903 0.085760 -0.709431 2.600185 0.161673 -0.665663 2.179361 0.080708 -0.760777 2.552256 0.162574 -0.712955 2.097711 
0.092658 0.740177 2.368691 0.098530 0.550795 2.405240 -0.065928 0.442113 2.429205 0.259041 0.429872 2.386627 -0.097995 0.178529 2.392339 0.321687 0.165867 2.375615 -0.087944 -0.024306 2.375615 0.324772 -0.035516 2.319458 -0.083662 -0.114640 2.290181 0.313248 -0.120628 2.272819 0.098723 0.193310 2.420690 0.092127 0.127263 2.375058 0.019060 0.050674 2.374026 0.162813 0.057668 2.360454 0.035485 -0.406530 2.509210 0.173863 -0.374680 2.252969 0.086753 -0.710614 2.598383 0.156620 -0.675150 2.165366 0.077339 -0.763600 2.553911 0.154664 -0.730194 2.088634 
0.094888 0.743900 2.353560 0.102937 0.550110 2.366518 -0.060850 0.438595 2.405853 0.261484 0.431248 2.364811 -0.098024 0.174070 2.367220 0.324123 0.166936 2.346736 -0.089644 -0.032795 2.346736 0.329022 -0.041770 2.305166 -0.086070 -0.120897 2.283810 0.317218 -0.122868 2.247586 0.100189 0.191778 2.389097 0.093319 0.124368 2.345870 0.020626 0.048540 2.349695 0.162743 0.055100 2.330582 0.036380 -0.404994 2.496709 0.173072 -0.375339 2.230540 0.085675 -0.664324 2.573779 0.154844 -0.686949 2.155176 0.078079 -0.756432 2.553998 0.151818 -0.742896 2.079061 
0.098963 0.739311 2.328550 0.103421 0.550317 2.352994 -0.057835 0.439002 2.383554 0.265694 0.424723 2.333300 -0.096985 0.169814 2.350892 0.325087 0.164147 2.323080 -0.091363 -0.040100 2.323080 0.331127 -0.040705 2.288473 -0.089935 -0.127591 2.271062 0.320128 -0.123980 2.213222 0.102755 0.190308 2.366709 0.095036 0.123741 2.321711 0.022901 0.047412 2.319662 0.164451 0.054558 2.307678 0.036047 -0.401014 2.481447 0.174096 -0.366557 2.203418 0.083560 -0.659465 2.561261 0.153800 -0.687630 2.147435 0.072331 -0.695468 2.488200 0.151330 -0.746344 2.073361 
0.103508 0.739340 2.299291 0.111259 0.551701 2.322119 -0.051952 0.438899 2.350657 0.268525 0.424869 2.312270 -0.094702 0.172715 2.333857 0.331917 0.161528 2.285396 -0.092781 -0.038657 2.285396 0.336585 -0.046413 2.278201 -0.091610 -0.126791 2.261818 0.322225 -0.129586 2.195995 0.105579 0.191707 2.336332 0.098568 0.125146 2.291377 0.025376 0.050244 2.292320 0.167486 0.055311 2.275813 0.036829 -0.398912 2.453286 0.174431 -0.373002 2.182250 0.085876 -0.645377 2.557822 0.154396 -0.692852 2.135590 0.072814 -0.738143 2.544470 0.150526 -0.753941 2.063426 
0.106872 0.742835 2.281602 0.113356 0.551881 2.301951 -0.050827 0.439043 2.330922 0.272784 0.426896 2.286028 -0.094121 0.173311 2.307027 0.334634 0.163677 2.268770 -0.094450 -0.036446 2.268770 0.338465 -0.046705 2.258688 -0.092327 -0.125962 2.242560 0.323546 -0.127658 2.159267 0.109396 0.193671 2.311307 0.101711 0.128454 2.264672 0.028179 0.053132 2.261020 0.171259 0.058526 2.250423 0.035589 -0.396284 2.422418 0.172369 -0.370420 2.176422 0.084449 -0.720425 2.563536 0.152637 -0.696459 2.129806 0.063045 -0.781176 2.536282 0.148152 -0.761404 2.061135 
0.109417 0.747471 2.253839 0.115415 0.555381 2.281065 -0.047757 0.441978 2.301087 0.275731 0.427871 2.260105 -0.094245 0.176345 2.295920 0.337428 0.170318 2.233303 -0.094099 -0.033881 2.233303 0.343860 -0.038436 2.237694 -0.091702 -0.124757 2.225895 0.332645 -0.117312 2.133272 0.111830 0.194167 2.287831 0.104799 0.128701 2.240124 0.031104 0.052457 2.237342 0.174872 0.059841 2.224636 0.031435 -0.399762 2.392434 0.178886 -0.366959 2.150747 0.085418 -0.721069 2.552410 0.152634 -0.696170 2.128596 0.062572 -0.785297 2.536809 0.148261 -0.761711 2.060499 
0.112864 0.746854 2.233452 0.121913 0.560683 2.250373 -0.044466 0.442516 2.281520 0.279818 0.430437 2.237505 -0.095153 0.181839 2.277359 0.341574 0.171403 2.215342 -0.094529 -0.031944 2.215342 0.345573 -0.029750 2.218988 -0.092079 -0.123116 2.206543 0.334437 -0.107407 2.103228 0.117454 0.196888 2.261280 0.109646 0.130491 2.213798 0.035712 0.053804 2.212447 0.179488 0.061742 2.198121 0.028997 -0.406951 2.338683 0.181133 -0.364315 2.144781 0.073175 -0.723189 2.524443 0.152044 -0.698638 2.126709 0.063344 -0.759013 2.451081 0.148482 -0.764620 2.059059 
0.115940 0.754352 2.212988 0.122584 0.561539 2.234489 -0.040980 0.444244 2.255077 0.282824 0.434865 2.212877 -0.095231 0.187814 2.256066 0.352078 0.177976 2.182554 -0.095926 -0.027203 2.182554 0.350654 -0.022437 2.193423 -0.091598 -0.107175 2.175829 0.338106 -0.100792 2.073410 0.119703 0.198914 2.242139 0.112424 0.133358 2.193517 0.038496 0.058018 2.189872 0.182986 0.063714 2.178579 0.034391 -0.392227 2.280124 0.180438 -0.364813 2.142899 0.067816 -0.695358 2.486375 0.151419 -0.701801 2.124919 0.058323 -0.731034 2.412917 0.148489 -0.767132 2.056639 
0.119705 0.754645 2.185099 0.124562 0.564604 2.208954 -0.038677 0.444979 2.237491 0.287024 0.436432 2.193346 -0.094996 0.189704 2.240388 0.352863 0.177236 2.159176 -0.094829 -0.029192 2.159176 0.352469 -0.020512 2.170579 -0.089473 -0.104404 2.159430 0.339808 -0.100896 2.050760 0.122954 0.201611 2.219131 0.115513 0.135656 2.170605 0.040906 0.061125 2.168166 0.187063 0.064161 2.155373 0.026710 -0.379640 2.248234 0.181200 -0.364877 2.138963 0.056982 -0.690792 2.444360 0.151609 -0.703087 2.125054 0.047078 -0.726540 2.371037 0.149229 -0.768565 2.056960 
0.118916 0.751455 2.162504 0.126686 0.565134 2.190796 -0.037431 0.445941 2.218723 0.287560 0.437092 2.170476 -0.093026 0.192419 2.229033 0.356948 0.189770 2.136247 -0.094380 -0.026230 2.136247 0.354648 -0.013919 2.153196 -0.087484 -0.104273 2.133129 0.344316 -0.092748 2.004290 0.125022 0.203606 2.201354 0.116838 0.138019 2.152557 0.042417 0.064496 2.150136 0.187912 0.065807 2.137344 0.020437 -0.370161 2.205556 0.179137 -0.364215 2.132740 0.053527 -0.678451 2.405629 0.151566 -0.703225 2.124974 0.054018 -0.747810 2.413554 0.149322 -0.769027 2.057253 
0.120134 0.754143 2.145696 0.129678 0.565847 2.172752 -0.035105 0.447506 2.196730 0.288181 0.437306 2.150375 -0.093407 0.193864 2.204044 0.359799 0.189085 2.109482 -0.094426 -0.020667 2.109482 0.357448 -0.007176 2.129256 -0.089733 -0.099019 2.116170 0.343769 -0.089323 1.988425 0.126092 0.202292 2.183458 0.117769 0.136367 2.134251 0.043177 0.063921 2.131193 0.188348 0.063850 2.120006 0.018707 -0.373343 2.179113 0.176792 -0.365460 2.125331 0.050530 -0.690590 2.366904 0.151753 -0.703925 2.124343 0.035762 -0.758727 2.370256 0.149359 -0.770653 2.057564 
0.121815 0.753935 2.117781 0.131352 0.565877 2.154010 -0.033157 0.448485 2.179038 0.290659 0.439829 2.133865 -0.091372 0.193810 2.190647 0.360794 0.192539 2.090862 -0.094869 -0.019596 2.090862 0.357833 -0.008640 2.113633 -0.088629 -0.098713 2.096124 0.345893 -0.086433 1.952233 0.126762 0.204527 2.165376 0.118369 0.139087 2.115949 0.043587 0.066691 2.113000 0.188741 0.066332 2.101354 0.013973 -0.364206 2.126232 0.176831 -0.366123 2.116325 0.057143 -0.683681 2.308915 0.151724 -0.703941 2.124295 0.033649 -0.754246 2.286956 0.150239 -0.771407 2.058176 
0.122895 0.752915 2.104018 0.131064 0.563793 2.134974 -0.031603 0.448956 2.162092 0.291645 0.437026 2.111703 -0.089575 0.193731 2.172112 0.364263 0.189767 2.062688 -0.094851 -0.017379 2.062688 0.356978 -0.009343 2.094515 -0.089598 -0.093472 2.073200 0.342929 -0.083397 1.927740 0.128524 0.203961 2.146111 0.119688 0.138935 2.096464 0.044890 0.067411 2.093327 0.190623 0.065620 2.081832 0.015187 -0.360353 2.096392 0.178362 -0.364467 2.105012 0.048760 -0.689461 2.239129 0.151558 -0.704531 2.124226 0.014848 -0.758194 2.229174 0.150735 -0.773659 2.059780 
0.125244 0.753244 2.083019 0.132137 0.561734 2.114892 -0.030494 0.449196 2.143091 0.292864 0.437611 2.099121 -0.087400 0.192821 2.155643 0.362302 0.195573 2.050645 -0.095233 -0.018988 2.050645 0.354439 -0.003956 2.078102 -0.089710 -0.094289 2.059951 0.340738 -0.075532 1.901704 0.128600 0.204395 2.129193 0.120587 0.139447 2.079764 0.045402 0.067602 2.078125 0.191840 0.066131 2.064538 0.021569 -0.359057 2.064256 0.182400 -0.364337 2.094868 0.051832 -0.702516 2.169416 0.150166 -0.704900 2.124191 0.041472 -0.770747 2.137526 0.149919 -0.774817 2.060556 
0.124869 0.751855 2.070067 0.133812 0.561444 2.100421 -0.030813 0.452664 2.129126 0.293091 0.437650 2.078875 -0.086914 0.192126 2.135445 0.362175 0.198404 2.030876 -0.096447 -0.021208 2.030876 0.351944 -0.002025 2.060992 -0.091493 -0.092892 2.042487 0.339636 -0.073172 1.882879 0.129937 0.205479 2.113570 0.120847 0.141134 2.063833 0.045415 0.069707 2.061196 0.191781 0.067196 2.049123 0.024629 -0.374272 2.042017 0.185654 -0.363306 2.085295 0.037817 -0.702833 2.113564 0.149149 -0.705985 2.123495 0.035309 -0.774566 2.061802 0.149615 -0.776725 2.069839 
0.125789 0.747260 2.047879 0.134159 0.559613 2.083068 -0.030750 0.448215 2.106616 0.293328 0.437446 2.064129 -0.085211 0.190533 2.119690 0.362442 0.197744 2.014009 -0.097233 -0.022187 2.014009 0.351390 0.002361 2.049141 -0.091910 -0.094515 2.030127 0.338976 -0.068619 1.865054 0.129523 0.202689 2.096247 0.121482 0.138184 2.046148 0.046073 0.067008 2.043590 0.192508 0.063995 2.031496 0.026045 -0.378705 2.010350 0.186586 -0.377348 2.077819 0.027242 -0.702255 2.062905 0.146761 -0.712904 2.120728 0.024773 -0.773098 2.008211 0.144118 -0.780820 2.059232 
0.123734 0.741479 2.032363 0.133978 0.556555 2.064646 -0.029332 0.446151 2.088979 0.292509 0.435879 2.044360 -0.084404 0.188729 2.098794 0.360724 0.195973 1.996438 -0.097441 -0.027510 1.996438 0.350332 0.002795 2.027495 -0.093315 -0.097155 2.013696 0.336693 -0.070817 1.846967 0.130247 0.199981 2.079383 0.121933 0.135328 2.029490 0.047012 0.065065 2.028579 0.192666 0.061084 2.013897 0.028143 -0.375694 1.980887 0.187593 -0.383635 2.073653 0.024998 -0.688169 1.994194 0.145505 -0.724914 2.120681 0.052230 -0.764221 1.966871 0.147830 -0.785105 2.060517 
0.123728 0.737117 2.012874 0.133130 0.555260 2.047515 -0.030243 0.446464 2.074317 0.292635 0.434072 2.029387 -0.084035 0.187875 2.084038 0.359509 0.197828 1.982466 -0.097120 -0.026061 1.982466 0.347905 0.002028 2.016795 -0.095003 -0.100092 2.000891 0.335282 -0.070485 1.833977 0.129248 0.199730 2.063080 0.120916 0.135172 2.013346 0.045722 0.065135 2.011109 0.191845 0.060249 1.998999 0.024453 -0.357382 1.939972 0.187502 -0.387536 2.067321 0.024959 -0.678861 1.930863 0.145291 -0.726021 2.116557 0.050872 -0.744340 1.916177 0.149935 -0.784387 2.057644 
0.121550 0.732215 1.998057 0.131940 0.552859 2.031823 -0.030494 0.442603 2.051349 0.290309 0.432401 2.011266 -0.084090 0.189260 2.068167 0.355600 0.193045 1.962260 -0.097829 -0.025778 1.962260 0.344518 -0.000929 1.997071 -0.095627 -0.101568 1.977179 0.331401 -0.071808 1.819831 0.128019 0.197854 2.046893 0.120418 0.133507 1.996888 0.045570 0.063990 1.995316 0.191289 0.058985 1.982027 0.028391 -0.322379 1.916245 0.188582 -0.367635 2.043659 0.027429 -0.656739 1.877619 0.146247 -0.725067 2.112947 0.033538 -0.718237 1.844966 0.151249 -0.780389 2.046496 
0.119225 0.726193 1.980471 0.130774 0.551631 2.011791 -0.031904 0.442034 2.035052 0.288416 0.430130 1.992335 -0.085980 0.187000 2.048200 0.354241 0.190659 1.946833 -0.098683 -0.025367 1.946833 0.342454 -0.003512 1.982374 -0.096251 -0.107601 1.961970 0.328211 -0.074863 1.805800 0.127349 0.197101 2.027857 0.119418 0.132674 1.978168 0.044688 0.063333 1.975264 0.190247 0.058222 1.964898 0.028252 -0.316611 1.897528 0.188010 -0.364542 2.035762 0.029165 -0.641425 1.833041 0.147629 -0.724583 2.107888 0.019505 -0.677297 1.759711 0.152051 -0.780593 2.044693 
0.116389 0.722190 1.965192 0.129635 0.549813 1.997481 -0.032845 0.436961 2.012754 0.287324 0.428501 1.976715 -0.087915 0.184311 2.033879 0.352134 0.184738 1.928339 -0.101371 -0.031539 1.928339 0.338781 -0.007045 1.961991 -0.095225 -0.112605 1.944632 0.322660 -0.079689 1.789014 0.125675 0.194436 2.011665 0.118717 0.130166 1.961290 0.043819 0.061005 1.958911 0.189914 0.055725 1.946787 0.029939 -0.312791 1.881260 0.186696 -0.364977 2.026631 0.032819 -0.631734 1.798732 0.149556 -0.723589 2.103033 0.024611 -0.667518 1.725213 0.152295 -0.782023 2.037205 
0.111560 0.714278 1.943382 0.126641 0.549010 1.976231 -0.035381 0.436038 1.996134 0.284243 0.425838 1.958939 -0.090383 0.184908 2.015024 0.348747 0.181852 1.914428 -0.101085 -0.031623 1.914428 0.336408 -0.009753 1.947155 -0.096983 -0.113536 1.931240 0.320805 -0.083576 1.776901 0.123432 0.193122 1.991456 0.116427 0.128590 1.941232 0.041679 0.059547 1.937975 0.187709 0.054306 1.928069 0.034289 -0.307287 1.863075 0.186290 -0.361682 2.011898 0.036542 -0.613619 1.769784 0.151824 -0.723371 2.100960 0.028098 -0.649441 1.696330 0.153486 -0.782103 2.036719 
0.108635 0.708923 1.927220 0.121926 0.545106 1.958877 -0.040654 0.435807 1.979353 0.281887 0.424649 1.942249 -0.095083 0.180904 1.993277 0.345673 0.177218 1.899094 -0.105004 -0.037271 1.899094 0.332063 -0.015264 1.927368 -0.099334 -0.116218 1.914282 0.317920 -0.089149 1.763028 0.121006 0.192473 1.972720 0.114541 0.128910 1.921941 0.039642 0.058811 1.917454 0.186864 0.054428 1.908332 0.040638 -0.307250 1.857786 0.185755 -0.359667 1.996424 0.041202 -0.606110 1.753189 0.154541 -0.721498 2.097335 0.032890 -0.641851 1.679701 0.154368 -0.782590 2.035009 
0.106514 0.705756 1.908217 0.116912 0.540528 1.936291 -0.044851 0.432024 1.955039 0.278296 0.421687 1.923740 -0.098707 0.178046 1.974025 0.342625 0.175706 1.883680 -0.109152 -0.039036 1.883680 0.328149 -0.018274 1.910577 -0.103395 -0.120925 1.892048 0.314797 -0.093060 1.748286 0.116266 0.188520 1.950083 0.110857 0.125114 1.899202 0.036435 0.055895 1.896265 0.183207 0.049754 1.884679 0.037403 -0.305962 1.823304 0.183158 -0.352392 1.974970 0.042115 -0.605232 1.741617 0.158383 -0.710578 2.087252 0.035131 -0.640965 1.668010 0.155517 -0.782075 2.033329 
0.103111 0.700834 1.888539 0.113480 0.537263 1.920149 -0.049197 0.427271 1.930594 0.275263 0.416580 1.905347 -0.101222 0.175240 1.950026 0.334817 0.167859 1.860829 -0.114421 -0.040440 1.860829 0.323472 -0.028730 1.891286 -0.107305 -0.122914 1.878539 0.312110 -0.101997 1.733082 0.111991 0.183929 1.929815 0.107517 0.120930 1.877853 0.032255 0.050906 1.868758 0.180637 0.045953 1.866874 0.037008 -0.305554 1.808288 0.181322 -0.348961 1.954922 0.041625 -0.605182 1.732648 0.159501 -0.701929 2.080612 0.036096 -0.640746 1.658866 0.156961 -0.780790 2.030449 
0.100858 0.698490 1.870829 0.109882 0.533152 1.897947 -0.052551 0.421901 1.906923 0.272405 0.412200 1.886395 -0.108291 0.168470 1.924743 0.331529 0.161261 1.845245 -0.120362 -0.045964 1.845245 0.321066 -0.034745 1.866191 -0.111185 -0.129715 1.853654 0.307664 -0.107760 1.715270 0.108120 0.178520 1.904205 0.104422 0.115814 1.851529 0.029598 0.045993 1.843576 0.177417 0.040760 1.839077 0.031438 -0.322237 1.781399 0.179629 -0.340431 1.922442 0.042512 -0.702538 1.710225 0.158348 -0.685698 2.065067 0.038069 -0.737978 1.636345 0.157197 -0.773698 2.031006 
0.096722 0.693768 1.850103 0.105298 0.529140 1.878549 -0.057302 0.416859 1.884469 0.267948 0.410444 1.868824 -0.114115 0.161941 1.896571 0.325864 0.160190 1.830608 -0.125969 -0.047707 1.830608 0.317987 -0.033986 1.842959 -0.116854 -0.129898 1.829452 0.305090 -0.111326 1.701563 0.103724 0.175544 1.881793 0.100845 0.113614 1.828380 0.026536 0.043632 1.818951 0.173612 0.038941 1.815340 0.028574 -0.325359 1.767928 0.177026 -0.356116 1.905771 0.040503 -0.706134 1.697501 0.156195 -0.693761 2.063219 0.037097 -0.741459 1.623552 0.158400 -0.775061 2.031671 
0.095377 0.692238 1.829832 0.100575 0.526790 1.856771 -0.062420 0.413874 1.856521 0.263771 0.406508 1.846647 -0.117929 0.158147 1.869853 0.320170 0.158347 1.812541 -0.130789 -0.050414 1.812541 0.315003 -0.037187 1.815227 -0.123874 -0.131003 1.807142 0.302727 -0.112479 1.687887 0.097875 0.172292 1.858661 0.095813 0.110386 1.804936 0.021492 0.041063 1.793599 0.168539 0.034901 1.793642 0.020952 -0.326716 1.745001 0.162118 -0.336705 1.847156 0.038100 -0.710139 1.691238 0.157766 -0.660963 2.028486 0.036078 -0.745448 1.617184 0.158484 -0.755336 2.028027 
0.091522 0.689195 1.805408 0.095457 0.526246 1.838501 -0.065006 0.414492 1.835617 0.258422 0.407400 1.828685 -0.122545 0.153460 1.835256 0.315848 0.158938 1.797507 -0.137435 -0.055712 1.797507 0.311708 -0.037288 1.784334 -0.130172 -0.130773 1.776689 0.298611 -0.114273 1.672532 0.093119 0.172056 1.836689 0.091655 0.110863 1.782146 0.018466 0.041351 1.769284 0.163625 0.036999 1.770847 0.021155 -0.326288 1.734762 0.165688 -0.330633 1.823494 0.034243 -0.710034 1.680313 0.157469 -0.651960 2.009365 0.032929 -0.746172 1.606092 0.156123 -0.687189 1.935212 
0.086706 0.690030 1.786923 0.089858 0.523660 1.811946 -0.069506 0.415382 1.811129 0.253592 0.408412 1.809366 -0.128464 0.154492 1.803242 0.310381 0.163253 1.781836 -0.143001 -0.055352 1.781836 0.307366 -0.035165 1.755883 -0.138018 -0.132177 1.750248 0.295535 -0.113411 1.660293 0.088564 0.172044 1.814071 0.088169 0.110757 1.760157 0.015734 0.040681 1.747166 0.159985 0.037575 1.750333 0.022308 -0.331910 1.724680 0.165631 -0.378659 1.788945 0.033808 -0.712370 1.675855 0.153786 -0.685890 1.994648 0.033653 -0.747702 1.601702 0.156887 -0.765308 2.004024 
0.082724 0.688122 1.764857 0.086559 0.523915 1.795319 -0.074875 0.415456 1.791067 0.250445 0.406864 1.791504 -0.134041 0.155295 1.775002 0.306530 0.164259 1.767726 -0.146799 -0.052407 1.767726 0.303542 -0.036283 1.715711 -0.141060 -0.127848 1.709417 0.291280 -0.113555 1.644204 0.083753 0.171326 1.794258 0.083504 0.110366 1.739726 0.010255 0.039158 1.724390 0.155596 0.037108 1.730754 0.019235 -0.337947 1.708456 0.179012 -0.354355 1.748799 0.034860 -0.714349 1.677575 0.152935 -0.658947 1.956886 0.035295 -0.749619 1.603352 0.153370 -0.694217 1.882663 
0.078957 0.686079 1.740636 0.082571 0.524468 1.777048 -0.078640 0.413850 1.766443 0.246661 0.407481 1.774437 -0.137521 0.162130 1.747703 0.304044 0.163212 1.750622 -0.143595 -0.046885 1.750622 0.300345 -0.035890 1.685569 -0.141838 -0.125632 1.674601 0.288822 -0.110701 1.630590 0.080638 0.171826 1.776335 0.081838 0.110826 1.721823 0.008996 0.039053 1.705716 0.154376 0.038280 1.714006 0.014023 -0.337240 1.698305 0.177571 -0.347994 1.714547 0.038093 -0.713859 1.676873 0.148772 -0.652371 1.922668 0.040203 -0.749152 1.602649 0.150882 -0.687663 1.848445 
0.077177 0.686585 1.725805 0.079415 0.520640 1.752377 -0.080700 0.412718 1.745790 0.241142 0.410434 1.756286 -0.141297 0.164929 1.721813 0.298761 0.167037 1.736844 -0.138897 -0.045124 1.736844 0.298111 -0.037856 1.642265 -0.138858 -0.117601 1.624177 0.288169 -0.109721 1.615586 0.079134 0.171896 1.757671 0.080959 0.110737 1.704052 0.009160 0.038580 1.686849 0.153216 0.039494 1.699198 0.011850 -0.338559 1.688442 0.174534 -0.345391 1.680941 0.039333 -0.713361 1.678259 0.147160 -0.648374 1.891072 0.041885 -0.748810 1.604088 0.149712 -0.683823 1.816901 
0.075807 0.683947 1.704965 0.076131 0.520707 1.738114 -0.084210 0.412286 1.726002 0.238412 0.410794 1.741920 -0.146049 0.168580 1.694451 0.295335 0.170549 1.721663 -0.136317 -0.043884 1.721663 0.297193 -0.033601 1.611761 -0.132921 -0.114106 1.594568 0.288229 -0.106913 1.599508 0.076128 0.171808 1.742198 0.079008 0.110871 1.688488 0.007061 0.037808 1.669931 0.151939 0.040128 1.684856 0.012445 -0.340007 1.678843 0.170277 -0.336975 1.647392 0.038427 -0.713207 1.677499 0.146682 -0.649061 1.845773 0.042220 -0.748633 1.603338 0.150474 -0.684487 1.771611 
0.073996 0.684093 1.687571 0.071691 0.520088 1.719065 -0.086159 0.412312 1.707263 0.232720 0.410691 1.720888 -0.149308 0.173224 1.668796 0.291459 0.170074 1.706526 -0.135445 -0.028899 1.706526 0.294899 -0.029739 1.577127 -0.129292 -0.102921 1.553361 0.287232 -0.105874 1.584428 0.074167 0.171841 1.725746 0.077137 0.110680 1.672389 0.005911 0.037724 1.654466 0.150169 0.040930 1.669446 0.011715 -0.340110 1.669307 0.167452 -0.333193 1.624597 0.037921 -0.711813 1.678082 0.147716 -0.653055 1.812006 0.041215 -0.747326 1.603900 0.152345 -0.722845 1.813696 
0.069996 0.680902 1.664825 0.069944 0.520007 1.703266 -0.090639 0.408720 1.689299 0.230374 0.409270 1.706468 -0.149826 0.170255 1.638159 0.289752 0.172860 1.691385 -0.133088 -0.027627 1.691385 0.292675 -0.028920 1.547569 -0.124158 -0.099934 1.522739 0.284576 -0.102911 1.569867 0.071456 0.171893 1.710018 0.074827 0.110767 1.656700 0.002767 0.037240 1.639045 0.148544 0.040931 1.653234 0.009163 -0.339274 1.660656 0.164956 -0.326117 1.591266 0.038762 -0.709957 1.680255 0.153870 -0.627460 1.745247 0.042795 -0.745484 1.606081 0.157903 -0.662988 1.671074 
0.066191 0.681851 1.651821 0.064983 0.517952 1.683827 -0.093353 0.404762 1.670346 0.226904 0.408632 1.688938 -0.149799 0.170799 1.617144 0.288368 0.175497 1.677755 -0.128441 -0.020814 1.677755 0.290878 -0.026466 1.513153 -0.115488 -0.092557 1.485044 0.282429 -0.102406 1.555979 0.068697 0.172117 1.694257 0.072647 0.110889 1.641487 0.000906 0.037260 1.624380 0.146922 0.041344 1.638815 0.006084 -0.337978 1.653324 0.162469 -0.325205 1.572271 0.040888 -0.707149 1.681313 0.160074 -0.595397 1.661548 0.045157 -0.742796 1.607175 0.164344 -0.631044 1.587409 
0.064902 0.681515 1.633492 0.062833 0.519882 1.670586 -0.092545 0.408702 1.653721 0.224675 0.407420 1.673788 -0.148084 0.172421 1.594010 0.286535 0.175317 1.660843 -0.126553 -0.016261 1.660843 0.288660 -0.028590 1.484173 -0.110751 -0.086561 1.457932 0.282310 -0.102291 1.541502 0.066683 0.172586 1.680207 0.071131 0.111195 1.627340 -0.000165 0.038656 1.609804 0.145273 0.041738 1.625348 0.002593 -0.335753 1.646697 0.159768 -0.330137 1.546600 0.048246 -0.703303 1.672966 0.163019 -0.598157 1.614632 0.053079 -0.738941 1.598822 0.167852 -0.633795 1.540489 
0.070421 0.673103 1.599257 0.059202 0.520386 1.652326 -0.094321 0.405575 1.635893 0.223603 0.404386 1.657202 -0.146772 0.170656 1.574369 0.283807 0.174482 1.644424 -0.122217 -0.016078 1.644424 0.287176 -0.029765 1.461588 -0.105274 -0.079680 1.431798 0.281869 -0.103930 1.527911 0.065005 0.172363 1.664577 0.070037 0.110448 1.612128 -0.001103 0.037894 1.594457 0.144816 0.040649 1.611074 0.000490 -0.334751 1.638469 0.158924 -0.329404 1.528171 0.049581 -0.701375 1.669224 0.167374 -0.688537 1.593101 0.054690 -0.737117 1.595115 0.172483 -0.724279 1.518992 
0.072449 0.674323 1.587343 0.057201 0.518053 1.633733 -0.095948 0.407901 1.620093 0.221670 0.400449 1.638077 -0.143864 0.168274 1.556769 0.281259 0.173443 1.626574 -0.115774 -0.014142 1.626574 0.285934 -0.034316 1.437216 -0.098390 -0.076288 1.410175 0.281943 -0.106867 1.514714 0.063711 0.171939 1.648149 0.068458 0.110059 1.596063 -0.002933 0.037700 1.578995 0.143713 0.039962 1.595185 -0.000352 -0.334307 1.629460 0.156369 -0.327007 1.510041 0.049640 -0.698614 1.667722 0.169220 -0.699187 1.525460 0.054150 -0.734443 1.593587 0.173730 -0.735016 1.451325 
0.073072 0.673605 1.571446 0.055872 0.518036 1.618822 -0.096368 0.405449 1.601704 0.219118 0.398466 1.620196 -0.140639 0.165643 1.540825 0.280590 0.171603 1.609084 -0.111975 -0.015428 1.609084 0.284887 -0.033793 1.419212 -0.093113 -0.073503 1.390236 0.280561 -0.110766 1.498744 0.063848 0.170489 1.632754 0.069015 0.108403 1.580549 -0.001878 0.036522 1.564261 0.144404 0.038802 1.579288 0.000047 -0.336284 1.620225 0.155710 -0.323158 1.488453 0.047870 -0.696987 1.666854 0.170600 -0.701611 1.469430 0.052522 -0.732811 1.592695 0.175252 -0.737435 1.395271 
0.082260 0.663564 1.539982 0.054054 0.515696 1.597447 -0.098739 0.405880 1.586171 0.218088 0.396430 1.602791 -0.137690 0.163375 1.524281 0.280338 0.169798 1.592456 -0.109155 -0.017333 1.592456 0.283879 -0.033394 1.402090 -0.089275 -0.072887 1.379189 0.281596 -0.109422 1.482459 0.063967 0.170745 1.614954 0.069162 0.108550 1.563554 -0.001691 0.036092 1.547792 0.145193 0.038891 1.562470 -0.000477 -0.339943 1.611764 0.156163 -0.320060 1.472610 0.046526 -0.694245 1.663815 0.167054 -0.701502 1.426743 0.050761 -0.730219 1.589674 0.171290 -0.737477 1.352602 
0.086397 0.666152 1.530584 0.054344 0.513684 1.579409 -0.097620 0.402600 1.567305 0.218858 0.389986 1.581831 -0.135542 0.161111 1.511298 0.281841 0.164385 1.570419 -0.106318 -0.020411 1.570419 0.283307 -0.038104 1.390720 -0.085600 -0.074083 1.368423 0.282150 -0.111129 1.466238 0.064838 0.168451 1.597274 0.069839 0.106083 1.546284 -0.001071 0.033794 1.531426 0.146092 0.036478 1.545110 0.000428 -0.342651 1.601894 0.155472 -0.317376 1.456581 0.045396 -0.693489 1.661731 0.166404 -0.695983 1.376518 0.049220 -0.729508 1.587558 0.170378 -0.737208 1.301602 
0.090631 0.663281 1.512931 0.054172 0.511669 1.561610 -0.098145 0.399759 1.550483 0.218917 0.386276 1.563459 -0.132745 0.153898 1.494335 0.282117 0.160609 1.553673 -0.103079 -0.029921 1.553673 0.283298 -0.041335 1.377923 -0.082289 -0.078788 1.358270 0.281611 -0.112031 1.448927 0.064784 0.166251 1.579079 0.069541 0.103853 1.528210 -0.001492 0.031203 1.514186 0.145915 0.034375 1.525869 0.000927 -0.343969 1.590582 0.151995 -0.322679 1.435737 0.045041 -0.692495 1.658970 0.165715 -0.698978 1.341910 0.048515 -0.728520 1.584751 0.169256 -0.736814 1.267365 
0.094518 0.661854 1.495542 0.055600 0.508547 1.540230 -0.097340 0.397778 1.532623 0.220214 0.385269 1.545225 -0.129469 0.148474 1.481496 0.281757 0.163501 1.537681 -0.101452 -0.036902 1.537681 0.282573 -0.040535 1.367499 -0.081389 -0.083975 1.351821 0.281052 -0.119441 1.432239 0.065331 0.165719 1.559638 0.069802 0.103395 1.509604 -0.001698 0.030436 1.495539 0.146311 0.033998 1.508014 0.001424 -0.346930 1.579280 0.150138 -0.326244 1.419092 0.041296 -0.689923 1.654496 0.163971 -0.698319 1.309783 0.044629 -0.726056 1.580292 0.167304 -0.734452 1.235579 
0.097668 0.659660 1.479030 0.057816 0.504848 1.520541 -0.096283 0.397052 1.517201 0.218105 0.384635 1.518655 -0.127182 0.145970 1.470240 0.283981 0.159957 1.516446 -0.100664 -0.042442 1.516446 0.283417 -0.045864 1.361657 -0.082307 -0.094742 1.344959 0.281692 -0.120263 1.415636 0.067258 0.163782 1.539659 0.069661 0.101722 1.490019 -0.001843 0.029080 1.478143 0.145289 0.033478 1.486537 0.003282 -0.350081 1.567260 0.147980 -0.325598 1.402140 0.041088 -0.686560 1.653200 0.161320 -0.696697 1.283982 0.041764 -0.722720 1.578910 0.162025 -0.733654 1.209494 
0.100719 0.655029 1.456905 0.060310 0.500965 1.499648 -0.095423 0.393863 1.498641 0.221236 0.379103 1.502362 -0.125064 0.141368 1.454967 0.286154 0.154855 1.493129 -0.100872 -0.051150 1.493129 0.283671 -0.048228 1.354347 -0.084878 -0.105265 1.340644 0.282214 -0.121786 1.394838 0.067947 0.161142 1.518986 0.070426 0.099193 1.469944 -0.002240 0.026527 1.457638 0.146680 0.029798 1.466598 0.003756 -0.353075 1.555391 0.145396 -0.334798 1.378109 0.041780 -0.683158 1.650859 0.166582 -0.702036 1.268996 0.043050 -0.719353 1.576566 0.167852 -0.738231 1.194702 
0.102982 0.653122 1.437102 0.062412 0.498950 1.479658 -0.093808 0.390579 1.480254 0.223757 0.370716 1.477422 -0.124169 0.136239 1.439587 0.287650 0.150722 1.471423 -0.101561 -0.061184 1.471423 0.284290 -0.051879 1.350280 -0.089248 -0.114825 1.338048 0.282152 -0.125256 1.372158 0.068072 0.158117 1.497881 0.069075 0.096020 1.448945 -0.004680 0.023778 1.437522 0.145188 0.025950 1.444835 0.004967 -0.355283 1.539851 0.145636 -0.336763 1.361294 0.042901 -0.680837 1.644514 0.158859 -0.703747 1.238274 0.042742 -0.717016 1.570171 0.158700 -0.739927 1.163931 
0.111825 0.650260 1.416782 0.071163 0.496159 1.459512 -0.088135 0.386225 1.458270 0.228654 0.379751 1.453113 -0.122523 0.133158 1.426715 0.288970 0.147613 1.448892 -0.103631 -0.068193 1.448892 0.286140 -0.055589 1.347370 -0.095007 -0.126476 1.334864 0.284381 -0.125699 1.352241 0.072943 0.158529 1.476421 0.072552 0.097334 1.427301 -0.001917 0.024508 1.417820 0.147537 0.028710 1.419986 0.006466 -0.361702 1.525397 0.144724 -0.338690 1.344016 0.041872 -0.675718 1.636522 0.155701 -0.700298 1.214416 0.040813 -0.711833 1.562127 0.154642 -0.736414 1.140021 
0.115792 0.641531 1.392927 0.075119 0.487404 1.435666 -0.084187 0.382938 1.439864 0.228697 0.381297 1.431424 -0.121929 0.132244 1.413359 0.293058 0.142719 1.420465 -0.107198 -0.072287 1.420465 0.287963 -0.061072 1.343384 -0.100020 -0.131451 1.332886 0.286510 -0.130444 1.325339 0.076127 0.155148 1.451034 0.074877 0.095401 1.401643 0.001546 0.023526 1.393251 0.148067 0.027815 1.392885 0.006366 -0.364565 1.507379 0.146640 -0.333728 1.329894 0.043418 -0.670259 1.627080 0.143427 -0.700037 1.193599 0.041416 -0.706284 1.552641 0.141416 -0.737062 1.118858 
0.119430 0.637782 1.373431 0.078748 0.483639 1.416194 -0.082418 0.380670 1.421948 0.229815 0.380793 1.406545 -0.119862 0.130212 1.400730 0.296866 0.140756 1.396217 -0.110531 -0.076744 1.396217 0.291484 -0.063174 1.338992 -0.104736 -0.134293 1.330181 0.292116 -0.129588 1.304167 0.078673 0.153440 1.428342 0.075873 0.094817 1.378168 0.003066 0.023336 1.369987 0.147500 0.027089 1.367609 0.008049 -0.355231 1.470459 0.150757 -0.333761 1.308376 0.035107 -0.600386 1.582661 0.122174 -0.698731 1.171411 0.070373 -0.650405 1.548012 0.118288 -0.736284 1.096436 
0.123018 0.640775 1.355967 0.082329 0.486607 1.398748 -0.073112 0.382160 1.396924 0.232865 0.379922 1.382753 -0.119410 0.129093 1.387637 0.299919 0.146924 1.369659 -0.113765 -0.079489 1.369659 0.294189 -0.057345 1.332790 -0.108991 -0.135749 1.325718 0.294172 -0.131518 1.276933 0.081378 0.151204 1.404457 0.078620 0.092400 1.352714 0.007081 0.021368 1.344037 0.148661 0.026899 1.341401 0.010057 -0.351106 1.446158 0.152176 -0.331033 1.290785 0.045278 -0.658221 1.601069 0.137398 -0.678017 1.104464 0.041833 -0.693887 1.526468 0.133836 -0.716414 1.028601 
0.132330 0.636636 1.300226 0.091635 0.482449 1.343027 -0.065824 0.383088 1.346442 0.240447 0.382203 1.324536 -0.120074 0.135489 1.357930 0.305292 0.157630 1.307299 -0.118045 -0.075219 1.307299 0.303141 -0.057578 1.315379 -0.115267 -0.132802 1.308567 0.303372 -0.129134 1.211545 0.095442 0.152034 1.345650 0.092228 0.095015 1.293471 0.021939 0.024935 1.284203 0.162726 0.028902 1.280660 0.009784 -0.326846 1.362036 0.166077 -0.387355 1.229388 0.041705 -0.648890 1.539043 0.168730 -0.716884 1.173272 0.036295 -0.684432 1.464537 0.163320 -0.752426 1.098766 
0.132419 0.634956 1.290966 0.091717 0.480745 1.333785 -0.063495 0.385539 1.338179 0.239533 0.382940 1.313679 -0.118151 0.142745 1.346070 0.306903 0.159251 1.294680 -0.118905 -0.067629 1.294680 0.304018 -0.055037 1.301329 -0.117171 -0.131349 1.295414 0.302436 -0.127600 1.191458 0.097329 0.151901 1.334351 0.094043 0.095688 1.281560 0.025031 0.026688 1.271414 0.164012 0.030332 1.268595 0.009249 -0.328348 1.335263 0.170031 -0.334971 1.219143 0.042958 -0.657120 1.500111 0.032890 -0.652644 1.327124 0.036911 -0.692606 1.425605 0.026843 -0.688130 1.252618 
0.136418 0.628274 1.263430 0.095709 0.474036 1.306273 -0.060056 0.385154 1.320390 0.237630 0.386050 1.289232 -0.116742 0.146754 1.331445 0.310434 0.163353 1.267994 -0.119477 -0.063033 1.267994 0.306125 -0.047653 1.283294 -0.117437 -0.132437 1.276278 0.300453 -0.123903 1.149600 0.103041 0.151192 1.310580 0.098607 0.095566 1.258387 0.029572 0.026862 1.251903 0.168650 0.032275 1.243098 0.006174 -0.337076 1.296461 0.170132 -0.335601 1.217543 0.047092 -0.639328 1.485331 0.018762 -0.673547 1.249292 0.039108 -0.674897 1.411023 0.010777 -0.709116 1.174984 
0.122165 0.633540 1.247488 0.081448 0.479269 1.290357 -0.058026 0.386086 1.303947 0.246333 0.386145 1.267828 -0.114842 0.149290 1.315039 0.313726 0.165459 1.244303 -0.121147 -0.059905 1.244303 0.308083 -0.040927 1.264154 -0.120022 -0.128953 1.254200 0.299363 -0.122278 1.121871 0.101434 0.154608 1.293941 0.098420 0.098782 1.240936 0.030805 0.029523 1.231604 0.171610 0.033838 1.226152 0.003262 -0.326765 1.262117 0.172803 -0.336636 1.209684 0.060335 -0.646809 1.434630 0.174020 -0.714617 1.180394 0.051333 -0.682400 1.360420 0.165018 -0.750208 1.106183 
0.111099 0.618063 1.197645 0.070373 0.463760 1.240541 -0.044063 0.389605 1.253746 0.258080 0.394860 1.216775 -0.110831 0.152181 1.274074 0.319484 0.181128 1.185416 -0.121537 -0.053858 1.185416 0.310848 -0.031005 1.209531 -0.117807 -0.115604 1.196858 0.294384 -0.111875 1.054353 0.101165 0.150311 1.246181 0.100183 0.096099 1.194851 0.034463 0.027774 1.192409 0.176482 0.030278 1.176341 -0.003590 -0.323079 1.197827 0.177479 -0.337865 1.192741 0.049577 -0.652906 1.357966 0.178502 -0.715629 1.197162 0.041860 -0.689174 1.287298 0.169037 -0.751324 1.123031 
0.110544 0.614066 1.187743 0.069810 0.459734 1.230665 -0.044336 0.386457 1.248786 0.259070 0.393218 1.208796 -0.108848 0.152919 1.264830 0.320232 0.181955 1.174186 -0.121426 -0.052527 1.174186 0.310931 -0.027671 1.198614 -0.116233 -0.113169 1.183423 0.293976 -0.107769 1.039992 0.101413 0.149487 1.239295 0.100023 0.095368 1.187777 0.034008 0.026440 1.183418 0.176870 0.029470 1.170710 -0.003431 -0.324567 1.184136 0.177718 -0.339242 1.185024 0.054591 -0.656287 1.339390 0.178585 -0.716615 1.187235 0.046465 -0.692143 1.269134 0.168380 -0.752400 1.113219 
0.110451 0.605059 1.165542 0.069711 0.450701 1.208490 -0.041661 0.383348 1.234806 0.260227 0.377313 1.186473 -0.105873 0.155697 1.244069 0.325233 0.175513 1.147049 -0.119866 -0.049105 1.147049 0.310362 -0.021389 1.176150 -0.113824 -0.108729 1.156425 0.294341 -0.099419 1.012700 0.101507 0.145595 1.222466 0.098943 0.091522 1.171754 0.032913 0.023618 1.170125 0.175797 0.025258 1.154112 -0.004590 -0.327530 1.156927 0.177324 -0.338995 1.175346 -0.045202 -0.707780 1.130986 0.178919 -0.719406 1.185364 -0.058375 -0.756143 1.057321 0.167066 -0.755399 1.111697 
0.107430 0.585090 1.117404 0.066688 0.430726 1.160371 -0.037287 0.374052 1.192104 0.259176 0.364587 1.146470 -0.101356 0.156070 1.195675 0.331808 0.166373 1.098031 -0.111483 -0.046883 1.098031 0.307612 -0.020698 1.120991 -0.107269 -0.113316 1.100326 0.288885 -0.088282 0.954304 0.097566 0.136353 1.181745 0.095380 0.083084 1.133680 0.028048 0.017726 1.135495 0.173718 0.015894 1.116423 -0.010070 -0.332494 1.098958 0.178696 -0.366935 1.152019 -0.051351 -0.711774 1.047746 0.183364 -0.725880 1.171828 -0.064005 -0.760466 0.973343 0.172052 -0.762239 1.098246 
0.107331 0.581934 1.109644 0.066587 0.427561 1.152632 -0.036897 0.370495 1.183948 0.261885 0.363333 1.138354 -0.101812 0.153834 1.186648 0.333267 0.164676 1.091319 -0.109920 -0.048955 1.091319 0.306230 -0.021487 1.111656 -0.105749 -0.115167 1.090420 0.287964 -0.086358 0.945953 0.098126 0.134803 1.173341 0.096217 0.081825 1.125729 0.028648 0.016087 1.124708 0.175205 0.014028 1.110204 -0.006244 -0.345253 1.077083 0.179995 -0.369135 1.148548 -0.042824 -0.724086 1.015057 0.184469 -0.726983 1.170750 -0.054182 -0.761250 0.941342 0.173188 -0.763351 1.097111 
