58
-0.014074 0.337443 3.460452 -0.012581 0.127846 3.432834 -0.162025 -0.008081 3.380814 0.166645 0.030909 3.425269 -0.197541 -0.280460 3.286520 0.268606 -0.252687 3.381902 -0.204938 -0.534136 3.381902 0.268249 -0.466660 3.139142 -0.207404 -0.618694 3.094547 0.271411 -0.526084 3.176480 0.006004 -0.227402 3.405576 0.015850 -0.283243 3.344638 -0.053767 -0.360500 3.323121 0.095796 -0.350631 3.329311 -0.080540 -0.837380 3.172343 0.076993 -0.870375 3.301906 -0.055715 -1.222427 3.231915 0.069733 -1.243430 3.307187 -0.046146 -1.250538 3.131839 0.079302 -1.271541 3.207111 
-0.015666 0.345114 3.448060 0.000354 0.134828 3.411867 -0.160389 -0.001626 3.350270 0.167065 0.039141 3.404213 -0.198758 -0.278539 3.282132 0.265957 -0.248946 3.338530 -0.226122 -0.480311 3.338530 0.273954 -0.463447 3.146820 -0.239563 -0.523782 3.123958 0.273116 -0.531767 3.129174 0.014048 -0.221807 3.381824 0.024418 -0.277909 3.321000 -0.044116 -0.353208 3.292630 0.101565 -0.347113 3.312022 -0.076492 -0.816612 3.129862 0.082443 -0.870048 3.292856 -0.069977 -1.179647 3.129703 0.066690 -1.250892 3.303241 -0.057929 -1.207697 3.029700 0.078738 -1.278942 3.203238 
-0.010531 0.358725 3.394684 0.000773 0.147384 3.365004 -0.155474 0.006049 3.335443 0.172891 0.036674 3.375569 -0.197255 -0.262612 3.258653 0.265135 -0.241172 3.323019 -0.229358 -0.477143 3.323019 0.272800 -0.465372 3.148322 -0.246781 -0.536145 3.110633 0.276921 -0.531716 3.121233 0.013771 -0.214855 3.347006 0.022414 -0.274025 3.287535 -0.046921 -0.349168 3.268115 0.099605 -0.343427 3.275062 -0.078194 -0.803632 3.109779 0.093060 -0.861029 3.266714 -0.069517 -1.165369 3.057919 0.067627 -1.249410 3.300824 -0.060222 -1.194580 2.957740 0.076922 -1.278622 3.200645 
-0.015078 0.343387 3.366695 0.001341 0.135899 3.335040 -0.157034 0.000310 3.294955 0.175074 0.036280 3.366637 -0.198811 -0.272285 3.235576 0.265994 -0.240695 3.294485 -0.223478 -0.527147 3.294485 0.267268 -0.468927 3.108432 -0.275604 -0.555633 3.118487 0.275741 -0.528048 3.088858 0.012746 -0.213516 3.320380 0.026161 -0.270532 3.262154 -0.043714 -0.347322 3.237425 0.105081 -0.341213 3.253213 -0.075028 -0.791373 3.081132 0.095172 -0.860825 3.257420 -0.066535 -1.135415 2.978562 0.069819 -1.241249 3.299474 -0.049152 -1.164772 2.879394 0.087202 -1.270606 3.200305 
-0.014872 0.341756 3.356192 0.001980 0.137958 3.328152 -0.152133 -0.000800 3.263711 0.175949 0.037924 3.316770 -0.201858 -0.274097 3.229070 0.268997 -0.239924 3.258422 -0.235323 -0.512905 3.258422 0.263837 -0.462296 3.113768 -0.267744 -0.563453 3.106606 0.269364 -0.526652 3.065389 0.014543 -0.216407 3.301372 0.024541 -0.272980 3.240335 -0.046188 -0.347887 3.211073 0.102991 -0.344188 3.233253 -0.065071 -0.777889 3.074488 0.097709 -0.823079 3.220652 -0.062728 -1.082927 2.937089 0.080559 -1.215726 3.305840 -0.050862 -1.110839 2.838276 0.092425 -1.243639 3.207026 
-0.011849 0.337337 3.329786 -0.001779 0.135717 3.289758 -0.153399 -0.001928 3.242438 0.173283 0.040931 3.292571 -0.208105 -0.279843 3.209536 0.265319 -0.210507 3.252767 -0.241557 -0.520931 3.252767 0.258468 -0.466641 3.106467 -0.271004 -0.573551 3.102859 0.266848 -0.528133 3.027385 0.009061 -0.217534 3.272109 0.018653 -0.275060 3.213493 -0.051525 -0.349824 3.195605 0.096469 -0.344830 3.197302 -0.066264 -0.759688 3.049633 0.103113 -0.787215 3.185204 -0.063083 -1.050441 2.891781 0.081502 -1.150384 3.289857 -0.051908 -1.079180 2.793172 0.092676 -1.179123 3.191248 
-0.018978 0.345981 3.284200 0.003858 0.144715 3.250594 -0.154456 -0.000943 3.214529 0.164662 0.037196 3.256260 -0.212031 -0.275117 3.189885 0.257064 -0.206625 3.218757 -0.245127 -0.524480 3.218757 0.256350 -0.471861 3.096564 -0.293078 -0.581557 3.121274 0.262664 -0.531958 3.003562 0.016739 -0.215913 3.224623 0.025301 -0.273849 3.163866 -0.043901 -0.347050 3.139227 0.100676 -0.342665 3.163066 -0.067371 -0.760665 3.026153 0.104871 -0.797239 3.176267 -0.057854 -1.047670 2.861588 0.083188 -1.172158 3.292350 -0.048689 -1.075788 2.762519 0.092352 -1.200276 3.193280 
-0.019679 0.339491 3.275504 -0.002032 0.137847 3.214822 -0.155684 -0.001028 3.162635 0.169671 0.035309 3.242944 -0.229400 -0.286426 3.178197 0.262610 -0.255807 3.172404 -0.253579 -0.514312 3.172404 0.251989 -0.476903 3.097314 -0.292630 -0.585648 3.119433 0.259678 -0.545870 2.980289 0.008079 -0.214470 3.201801 0.022866 -0.272752 3.144338 -0.046540 -0.346527 3.117044 0.099829 -0.344641 3.137115 -0.063994 -0.755107 2.993877 0.106125 -0.791902 3.143391 -0.051178 -1.038603 2.835505 0.079467 -1.125342 3.278501 -0.017516 -1.084922 2.758242 0.099185 -1.154463 3.181718 
-0.022593 0.339449 3.249065 -0.001917 0.140353 3.201709 -0.161421 -0.006499 3.140955 0.160980 0.028485 3.180652 -0.221614 -0.284943 3.122302 0.250712 -0.274524 3.121434 -0.257556 -0.520467 3.121434 0.249913 -0.491268 3.088054 -0.293241 -0.591858 3.119291 0.255848 -0.561826 2.958519 0.011032 -0.219545 3.171978 0.018918 -0.277189 3.110261 -0.051844 -0.350409 3.086420 0.096790 -0.348532 3.099945 -0.062678 -0.750635 2.942739 0.110170 -0.788164 3.115638 -0.040399 -1.136339 2.765208 0.080573 -1.122631 3.273355 -0.029544 -1.181664 2.659296 0.089060 -1.150039 3.175494 
-0.035863 0.342052 3.216879 -0.000334 0.145079 3.157858 -0.165493 -0.004315 3.099760 0.161006 0.028052 3.162443 -0.216765 -0.272149 3.087519 0.249915 -0.264029 3.112008 -0.257850 -0.523082 3.112008 0.243786 -0.486484 3.072569 -0.291684 -0.588914 3.118047 0.253799 -0.561755 2.944416 0.011041 -0.215832 3.120758 0.022763 -0.272138 3.059676 -0.047834 -0.346552 3.030211 0.101250 -0.342502 3.052214 -0.061049 -0.750589 2.907544 0.108236 -0.776263 3.077112 -0.037546 -1.144043 2.751403 0.081572 -1.130720 3.256355 -0.020643 -1.188699 2.648389 0.095972 -1.157458 3.160154 
-0.034035 0.358698 3.169090 -0.012077 0.158723 3.118309 -0.164329 0.015182 3.049543 0.148182 0.051516 3.114240 -0.226272 -0.280038 3.076304 0.249696 -0.250683 3.091705 -0.279241 -0.510795 3.091705 0.247253 -0.491105 3.090067 -0.293789 -0.593998 3.113393 0.254905 -0.568730 2.939300 0.005024 -0.204205 3.092922 0.018459 -0.262253 3.032844 -0.049028 -0.334629 3.000021 0.095756 -0.331215 3.029881 -0.063287 -0.737840 2.882032 0.106138 -0.764456 3.048358 -0.041435 -1.130049 2.723630 0.081568 -1.101263 3.201430 -0.024481 -1.175375 2.621526 0.097149 -1.128780 3.105630 
-0.038597 0.372267 3.125718 -0.020585 0.171308 3.092118 -0.161318 0.024868 3.024494 0.145196 0.058492 3.097438 -0.206305 -0.257694 2.965336 0.249947 -0.217688 3.072523 -0.280514 -0.510883 3.072523 0.246263 -0.501845 3.081728 -0.289860 -0.594936 3.103396 0.251965 -0.568105 2.929623 0.002936 -0.190102 3.051640 0.019663 -0.245488 2.989850 -0.043158 -0.314337 2.954884 0.096409 -0.312055 2.987049 -0.081702 -0.710834 2.825467 0.112151 -0.743609 3.003188 -0.041074 -1.118439 2.734671 0.082673 -1.102456 3.178599 -0.021016 -1.161340 2.636725 0.100519 -1.128852 3.082864 
-0.047831 0.385725 3.117759 -0.022135 0.186806 3.051673 -0.162733 0.044327 2.982143 0.138982 0.075646 3.046565 -0.187380 -0.216127 2.897576 0.246087 -0.229373 3.034772 -0.274527 -0.500201 3.034772 0.248622 -0.487555 3.012202 -0.266686 -0.557284 3.040826 0.251368 -0.565067 2.916391 0.002890 -0.183046 3.012424 0.018446 -0.240593 2.950626 -0.043582 -0.309109 2.922313 0.093130 -0.306172 2.942816 -0.085762 -0.708424 2.807912 0.108014 -0.812880 2.979378 -0.050567 -1.118190 2.714280 0.080604 -1.173706 3.159327 -0.032197 -1.161323 2.616002 0.096650 -1.200300 3.063331 
-0.051520 0.395538 3.085453 -0.034346 0.194978 3.019738 -0.165746 0.054597 2.934738 0.135980 0.078119 3.029103 -0.202518 -0.200227 2.902046 0.234444 -0.177223 3.022584 -0.283268 -0.450398 3.022584 0.250631 -0.479187 2.995482 -0.290421 -0.536929 3.004648 0.252366 -0.557819 2.897845 -0.012714 -0.174340 2.986405 0.007944 -0.232652 2.926924 -0.054645 -0.301575 2.896944 0.083663 -0.297496 2.923156 -0.078871 -0.704344 2.797487 0.106959 -0.750411 2.911285 -0.059984 -1.115599 2.702654 0.088828 -1.111917 3.085090 -0.033857 -1.160367 2.605858 0.113737 -1.139135 2.991018 
-0.054766 0.406070 3.048117 -0.042842 0.204134 2.985141 -0.167126 0.063797 2.914792 0.124285 0.084096 2.967265 -0.204205 -0.166891 2.836200 0.241101 -0.202321 2.979342 -0.288720 -0.457268 2.979342 0.255286 -0.466978 2.935346 -0.296593 -0.545293 2.942712 0.257809 -0.551897 2.872661 -0.010094 -0.162802 2.936620 0.005763 -0.218680 2.874363 -0.052128 -0.284085 2.846970 0.078666 -0.280663 2.866135 -0.078855 -0.702774 2.763723 0.104168 -0.775335 2.860129 -0.061049 -1.120828 2.705398 0.088339 -1.131180 3.055275 -0.047014 -1.150447 2.608319 0.102222 -1.157222 2.958467 
-0.061449 0.419646 3.011143 -0.035729 0.217530 2.960411 -0.174862 0.067173 2.872095 0.128891 0.101504 2.963050 -0.212149 -0.201282 2.798314 0.240258 -0.200506 2.969620 -0.285751 -0.421618 2.969620 0.263092 -0.430129 2.859885 -0.291999 -0.504061 2.865083 0.263326 -0.518538 2.870914 -0.014488 -0.150845 2.918053 0.004932 -0.207184 2.856371 -0.054792 -0.279060 2.831433 0.078100 -0.267244 2.844183 -0.077286 -0.699883 2.750009 0.101951 -0.703102 2.794985 -0.066215 -1.034096 2.706263 0.088791 -1.031430 2.919703 -0.028838 -1.108334 2.683852 0.111653 -1.058049 2.824700 
-0.063068 0.430485 2.976821 -0.041082 0.227601 2.926835 -0.172660 0.078635 2.845467 0.127532 0.123465 2.945992 -0.197171 -0.183737 2.723120 0.234139 -0.158438 2.945157 -0.251492 -0.455116 2.945157 0.265888 -0.430469 2.724362 -0.257740 -0.537560 2.729560 0.283145 -0.517587 2.855776 -0.018336 -0.132371 2.886938 0.002405 -0.187447 2.826684 -0.055514 -0.259341 2.791255 0.074922 -0.250063 2.824346 -0.081972 -0.691576 2.724971 0.106081 -0.724138 2.737273 -0.067295 -1.030670 2.702369 0.097320 -1.006405 2.834229 -0.031365 -1.106276 2.682300 0.122119 -1.033083 2.739733 
-0.065841 0.431091 2.953867 -0.050888 0.227502 2.892804 -0.177507 0.082466 2.821770 0.117414 0.098859 2.880735 -0.210891 -0.197633 2.721018 0.238770 -0.199331 2.898822 -0.246714 -0.465413 2.898822 0.266064 -0.427280 2.658932 -0.283376 -0.523824 2.716572 0.287196 -0.514599 2.817006 -0.029338 -0.146222 2.845548 -0.014741 -0.204141 2.782318 -0.071264 -0.270254 2.762522 0.056351 -0.265362 2.772581 -0.086392 -0.692711 2.708520 0.101162 -0.726769 2.685746 -0.067452 -1.030322 2.699961 0.088623 -1.086518 2.871681 -0.052676 -1.108433 2.666312 0.104692 -1.112908 2.774937 
-0.078046 0.433516 2.908011 -0.048208 0.230529 2.879630 -0.183495 0.084677 2.793838 0.118921 0.103074 2.865548 -0.217986 -0.205365 2.678963 0.237003 -0.195158 2.884514 -0.256768 -0.457052 2.884514 0.262325 -0.423843 2.634366 -0.310677 -0.517994 2.660714 0.280004 -0.494699 2.767530 -0.029007 -0.141576 2.833264 -0.012836 -0.198982 2.770544 -0.072400 -0.268584 2.723383 0.057997 -0.263108 2.768993 -0.085831 -0.704625 2.692304 0.092667 -0.711355 2.636916 -0.063641 -1.033212 2.697787 0.106107 -1.063269 2.758556 -0.060990 -1.111187 2.662876 0.124995 -1.089496 2.663333 
-0.074874 0.433903 2.884945 -0.042884 0.230579 2.839684 -0.191131 0.081862 2.764647 0.123859 0.120452 2.858847 -0.226565 -0.199779 2.669429 0.233890 -0.182147 2.857969 -0.265081 -0.431955 2.857969 0.256706 -0.417397 2.590857 -0.301514 -0.506418 2.582047 0.286657 -0.488261 2.758103 -0.033044 -0.135980 2.799017 -0.016113 -0.193058 2.737628 -0.078787 -0.267713 2.711171 0.059380 -0.258727 2.722426 -0.090149 -0.705084 2.686888 0.081688 -0.687898 2.597636 -0.034447 -1.038418 2.686984 0.115136 -0.990576 2.635149 -0.085792 -1.104302 2.672288 0.137538 -1.017060 2.541593 
-0.075083 0.443524 2.862604 -0.049621 0.239374 2.809104 -0.190873 0.085181 2.732994 0.116727 0.141569 2.820010 -0.238376 -0.187602 2.639795 0.227042 -0.159401 2.823728 -0.266662 -0.406645 2.823728 0.252396 -0.410526 2.537407 -0.285896 -0.488500 2.503409 0.281765 -0.496318 2.709449 -0.038667 -0.126972 2.763155 -0.023556 -0.183136 2.700747 -0.087673 -0.257080 2.677509 0.049779 -0.245497 2.685919 -0.095178 -0.707510 2.674496 0.080144 -0.669148 2.549941 -0.041063 -1.039359 2.683450 0.118340 -0.972136 2.550425 -0.090744 -1.106639 2.669099 0.137809 -0.998222 2.456049 
-0.067771 0.442858 2.808689 -0.056897 0.236780 2.773652 -0.187452 0.089983 2.692461 0.117185 0.120277 2.767001 -0.247075 -0.191468 2.598654 0.231403 -0.177996 2.788150 -0.259037 -0.407505 2.788150 0.255396 -0.403194 2.484063 -0.280087 -0.448868 2.446846 0.271561 -0.492635 2.674175 -0.039126 -0.136219 2.732804 -0.023326 -0.194457 2.670574 -0.087000 -0.270247 2.629762 0.050722 -0.253932 2.670476 -0.097360 -0.711280 2.659751 0.077659 -0.658914 2.522890 -0.046060 -1.039150 2.681564 0.132299 -1.059096 2.472753 -0.092669 -1.107398 2.662028 0.150870 -1.085487 2.378200 
-0.065186 0.445572 2.801399 -0.057482 0.240006 2.740195 -0.186483 0.093478 2.664171 0.120780 0.125407 2.763432 -0.250143 -0.168172 2.575528 0.232311 -0.176881 2.767104 -0.259307 -0.373954 2.767104 0.245325 -0.407104 2.440169 -0.265601 -0.436021 2.394833 0.264821 -0.496148 2.629252 -0.042632 -0.131994 2.704099 -0.023164 -0.190820 2.644144 -0.088470 -0.268029 2.615369 0.053997 -0.252398 2.636402 -0.101530 -0.709579 2.639512 0.080642 -0.652643 2.467802 -0.052101 -1.036922 2.678468 0.118724 -1.048312 2.400592 -0.091943 -1.109504 2.659305 0.143608 -1.075242 2.307573 
-0.065328 0.447174 2.739057 -0.058999 0.240806 2.713522 -0.194968 0.090170 2.638566 0.118239 0.135949 2.722000 -0.253619 -0.164505 2.538903 0.229684 -0.164285 2.733169 -0.248199 -0.364341 2.733169 0.245818 -0.406194 2.393144 -0.266514 -0.417310 2.335834 0.262233 -0.495890 2.597402 -0.039742 -0.125495 2.676507 -0.023055 -0.182448 2.615193 -0.089462 -0.259145 2.578486 0.055278 -0.246811 2.613926 -0.106229 -0.704879 2.617700 0.073295 -0.638860 2.461994 -0.055234 -1.035076 2.673054 0.120992 -1.025275 2.307690 -0.088232 -1.111338 2.654929 0.140677 -1.054694 2.212229 
-0.065917 0.449898 2.722549 -0.053101 0.243013 2.679160 -0.188395 0.088884 2.591325 0.119157 0.141101 2.693288 -0.246350 -0.163788 2.490910 0.226802 -0.164627 2.687440 -0.243491 -0.372499 2.687440 0.243392 -0.409733 2.358593 -0.256462 -0.408459 2.298764 0.257346 -0.499628 2.548484 -0.035251 -0.124119 2.642093 -0.015792 -0.181406 2.581866 -0.082265 -0.259227 2.548446 0.062760 -0.243189 2.579323 -0.107805 -0.700923 2.597054 0.066026 -0.628002 2.439594 -0.057206 -1.031967 2.663548 0.112802 -1.007766 2.270390 -0.087512 -1.109002 2.643765 0.138338 -1.046745 2.172344 
-0.059157 0.439417 2.672722 -0.056574 0.231969 2.635796 -0.189140 0.087666 2.568579 0.124921 0.126999 2.639515 -0.241447 -0.176031 2.448588 0.228586 -0.177474 2.658319 -0.241778 -0.391238 2.658319 0.243196 -0.409652 2.327320 -0.252510 -0.422634 2.240550 0.254514 -0.501371 2.528411 -0.030545 -0.132575 2.601404 -0.014376 -0.189513 2.540185 -0.080485 -0.265464 2.511457 0.065752 -0.253490 2.531381 -0.101348 -0.750536 2.578559 0.064953 -0.638723 2.407660 -0.060293 -1.031343 2.649228 0.096442 -0.995899 2.190278 -0.097399 -1.107565 2.641287 0.114773 -1.035332 2.086455 
-0.055710 0.438179 2.649750 -0.050138 0.232937 2.611234 -0.183020 0.090007 2.522972 0.122229 0.128755 2.613696 -0.236577 -0.169091 2.420609 0.226427 -0.168747 2.607585 -0.239179 -0.371678 2.607585 0.243543 -0.395875 2.276637 -0.250278 -0.381397 2.222756 0.246552 -0.484513 2.472279 -0.033178 -0.132163 2.571491 -0.015198 -0.188588 2.510215 -0.080162 -0.262728 2.477917 0.061243 -0.250758 2.505811 -0.119287 -0.687116 2.530819 0.065868 -0.632320 2.373911 -0.063433 -1.016376 2.629599 0.086842 -0.994668 2.168020 -0.091016 -1.096627 2.636868 0.110405 -1.035031 2.064871 
-0.055238 0.452867 2.607897 -0.037401 0.248097 2.564953 -0.180049 0.093518 2.504987 0.127400 0.124427 2.578009 -0.229120 -0.172813 2.376935 0.230484 -0.169477 2.587740 -0.257790 -0.330522 2.587740 0.240975 -0.398578 2.182965 -0.257618 -0.391458 2.110847 0.251624 -0.491825 2.447793 -0.024733 -0.124093 2.528124 -0.010067 -0.182741 2.466645 -0.075682 -0.255639 2.430883 0.064510 -0.246842 2.466149 -0.106176 -0.738988 2.521810 0.064337 -0.627278 2.332139 -0.065940 -1.010750 2.609715 0.071248 -0.992529 2.135445 -0.047798 -1.037541 2.514844 0.090008 -1.033796 2.031209 
-0.039346 0.446963 2.584957 -0.034700 0.243576 2.542363 -0.171648 0.096371 2.456283 0.125338 0.122593 2.521405 -0.224725 -0.168851 2.355975 0.230005 -0.165816 2.531645 -0.253669 -0.330687 2.531645 0.246703 -0.386991 2.166873 -0.250939 -0.388821 2.092648 0.252391 -0.479154 2.406003 -0.022690 -0.129467 2.489455 -0.009510 -0.185866 2.424691 -0.074768 -0.256529 2.397365 0.062975 -0.246247 2.413798 -0.112319 -0.722359 2.474004 0.063800 -0.627072 2.283323 -0.070907 -0.997969 2.580432 0.073872 -1.011863 2.143730 -0.054388 -1.023742 2.485074 0.091476 -1.054935 2.043670 
-0.028209 0.452108 2.539153 -0.027967 0.248489 2.498958 -0.167903 0.095110 2.425077 0.136367 0.132824 2.509650 -0.224434 -0.166602 2.321715 0.228079 -0.148645 2.491359 -0.237812 -0.348934 2.491359 0.237502 -0.375396 2.151765 -0.241668 -0.403695 2.075111 0.254728 -0.468093 2.373230 -0.017785 -0.121247 2.454585 -0.002180 -0.178504 2.392430 -0.068144 -0.252091 2.356687 0.072143 -0.241265 2.386559 -0.111355 -0.715098 2.435879 0.062879 -0.617005 2.243082 -0.068532 -0.989634 2.549686 0.077227 -1.002466 2.112967 -0.047858 -1.015992 2.455307 0.099522 -1.046178 2.015166 
-0.023154 0.465914 2.514452 -0.022033 0.262488 2.462290 -0.161363 0.109360 2.393014 0.141202 0.133423 2.444583 -0.216746 -0.154359 2.300096 0.229422 -0.144403 2.440661 -0.232780 -0.338758 2.440661 0.241611 -0.368225 2.132774 -0.233817 -0.369536 2.100268 0.251987 -0.461212 2.328457 -0.014139 -0.111885 2.408554 -0.004365 -0.168787 2.343300 -0.070124 -0.241429 2.326601 0.067001 -0.229461 2.328821 -0.111715 -0.704227 2.378413 0.064533 -0.611796 2.208173 -0.067556 -0.977503 2.508884 0.090688 -0.996864 2.086477 -0.054917 -1.003211 2.412940 0.104721 -1.039983 1.986343 
-0.014269 0.471823 2.469912 -0.020868 0.270296 2.426118 -0.162370 0.116316 2.359596 0.142857 0.141500 2.408684 -0.214383 -0.152562 2.261135 0.236501 -0.147520 2.402332 -0.228567 -0.357909 2.402332 0.247067 -0.364492 2.122566 -0.230185 -0.373197 2.094112 0.250943 -0.457611 2.271348 -0.009908 -0.106159 2.373512 0.000021 -0.163716 2.308885 -0.067797 -0.234448 2.274030 0.074353 -0.225043 2.297617 -0.108194 -0.693124 2.325552 0.071356 -0.606205 2.174795 -0.063460 -0.960533 2.454384 0.071747 -0.992291 2.061399 -0.051688 -0.986309 2.358398 0.083650 -1.036000 1.962192 
-0.014451 0.488104 2.443576 -0.006895 0.287391 2.382048 -0.154758 0.131067 2.315347 0.153501 0.168870 2.373067 -0.200255 -0.139429 2.229444 0.243332 -0.122104 2.357271 -0.224538 -0.360461 2.357271 0.248647 -0.343671 2.122999 -0.228455 -0.376914 2.090248 0.250069 -0.437861 2.252701 -0.002617 -0.087182 2.335626 0.007117 -0.145147 2.271622 -0.062399 -0.219218 2.244473 0.080393 -0.209408 2.263611 -0.111365 -0.634650 2.251383 0.074480 -0.596734 2.148891 -0.077892 -0.924754 2.376262 0.063307 -0.986390 2.064634 -0.064727 -0.950916 2.280522 0.076097 -1.025628 1.966971 
-0.001461 0.493705 2.396531 -0.009097 0.291630 2.355759 -0.152938 0.141070 2.293403 0.157721 0.176734 2.342994 -0.191636 -0.124337 2.205847 0.246532 -0.115672 2.316641 -0.215601 -0.359065 2.316641 0.256539 -0.333539 2.112715 -0.247972 -0.402377 2.068049 0.267285 -0.427650 2.194637 -0.000581 -0.076232 2.305225 0.008381 -0.131784 2.240686 -0.059527 -0.201507 2.213695 0.082133 -0.195960 2.222637 -0.115891 -0.615106 2.190431 0.081478 -0.597800 2.121805 -0.080116 -0.960736 2.319923 0.054627 -0.988526 2.080532 -0.069307 -0.986489 2.223729 0.065370 -1.015236 1.984302 
-0.004964 0.503705 2.369267 -0.004993 0.301823 2.314620 -0.150305 0.154953 2.257705 0.162440 0.182087 2.288715 -0.186788 -0.118236 2.169525 0.253008 -0.107716 2.271250 -0.216697 -0.359059 2.271250 0.253342 -0.342214 2.108212 -0.262476 -0.398059 2.072716 0.279490 -0.424335 2.146102 0.004976 -0.069858 2.271456 0.011351 -0.127484 2.207699 -0.057221 -0.196759 2.181631 0.084882 -0.194236 2.197339 -0.109598 -0.634982 2.145862 0.087801 -0.597421 2.100521 -0.053666 -0.982829 2.196848 0.041907 -0.984954 2.088876 -0.047161 -1.009033 2.100407 0.048412 -1.011158 1.992435 
-0.004770 0.510238 2.333209 0.000972 0.307738 2.290972 -0.147423 0.161561 2.230131 0.158875 0.191174 2.262204 -0.182637 -0.110957 2.147548 0.263340 -0.108891 2.225823 -0.220141 -0.359999 2.225823 0.256266 -0.339220 2.096132 -0.213494 -0.452408 2.076404 0.291860 -0.406219 2.098557 0.007647 -0.062233 2.242336 0.013311 -0.118704 2.177704 -0.054127 -0.188111 2.157680 0.083848 -0.181084 2.155432 -0.104925 -0.613062 2.083111 0.083101 -0.656581 2.075645 -0.068863 -0.978384 2.102774 0.041147 -0.976723 2.084566 -0.062293 -1.004117 2.006697 0.047717 -1.002456 1.988489 
0.002951 0.511981 2.300240 -0.004663 0.309669 2.248029 -0.144441 0.164138 2.192910 0.157760 0.191495 2.215900 -0.182703 -0.105981 2.130289 0.265231 -0.096640 2.188286 -0.226402 -0.356467 2.188286 0.261720 -0.345284 2.073777 -0.228362 -0.450731 2.064308 0.289854 -0.408383 2.049264 0.007912 -0.060495 2.206958 0.013292 -0.118151 2.143409 -0.052385 -0.186141 2.126569 0.084059 -0.181326 2.125669 -0.101271 -0.601130 2.025802 0.083541 -0.656449 2.072729 -0.067550 -0.970164 2.050088 0.039346 -0.979302 2.080410 -0.063166 -0.996217 1.954448 0.043730 -1.005355 1.984770 
-0.000116 0.517625 2.263385 0.001891 0.316592 2.220857 -0.145008 0.169569 2.175100 0.161501 0.194479 2.195303 -0.179604 -0.102983 2.101945 0.256326 -0.083782 2.134202 -0.228795 -0.353626 2.134202 0.259823 -0.333076 2.049363 -0.273481 -0.407049 2.045958 0.315273 -0.373767 2.000328 0.011237 -0.053841 2.178552 0.015595 -0.111433 2.114814 -0.051243 -0.180367 2.097711 0.086725 -0.175677 2.093292 -0.098050 -0.583386 1.973648 0.085657 -0.649885 2.058149 -0.064975 -0.962435 1.949622 0.036520 -0.972251 2.076880 -0.061287 -0.988309 1.854360 0.040207 -0.998126 1.981619 
0.003760 0.522339 2.226764 0.009156 0.323136 2.192352 -0.142442 0.179382 2.139694 0.163613 0.205637 2.159285 -0.182030 -0.097887 2.089522 0.262874 -0.087097 2.103776 -0.231660 -0.349061 2.103776 0.259546 -0.324125 2.024808 -0.275598 -0.400300 2.043938 0.281413 -0.377961 1.939447 0.013992 -0.046575 2.149979 0.017302 -0.103986 2.086154 -0.049998 -0.173049 2.069233 0.087147 -0.168190 2.066158 -0.093092 -0.569801 1.920387 0.090419 -0.644333 2.043851 -0.035185 -0.943509 1.888178 0.039350 -0.964962 2.058376 -0.031790 -0.969265 1.793301 0.042745 -0.990718 1.963498 
0.007342 0.526349 2.196491 0.006180 0.326892 2.146916 -0.142895 0.181632 2.110962 0.167220 0.198894 2.112001 -0.180484 -0.087415 2.047436 0.256388 -0.075543 2.052799 -0.270115 -0.310986 2.052799 0.262164 -0.299375 2.042910 -0.285957 -0.394851 2.042153 0.278467 -0.361099 1.898821 0.020083 -0.041790 2.109350 0.022109 -0.099748 2.046209 -0.045532 -0.169583 2.031264 0.094852 -0.164582 2.023891 -0.080659 -0.547651 1.882905 0.105754 -0.594411 2.012429 -0.011760 -0.927111 1.784689 0.032135 -0.948650 2.066792 -0.012068 -0.957209 1.689456 0.031075 -0.974609 1.972335 
0.002192 0.529037 2.153348 0.010239 0.329569 2.123207 -0.142182 0.186213 2.078744 0.168931 0.205754 2.094631 -0.199551 -0.098800 2.050946 0.256474 -0.073165 2.018415 -0.276421 -0.327419 2.018415 0.258657 -0.282945 2.033966 -0.294247 -0.390867 2.038787 0.272210 -0.349659 1.852302 0.018847 -0.036903 2.085617 0.022550 -0.094254 2.022576 -0.046011 -0.162914 2.005706 0.095030 -0.161062 2.002898 -0.077883 -0.538665 1.844214 0.106886 -0.591409 2.006639 0.002978 -0.906853 1.708540 0.060357 -0.948302 2.065482 0.006209 -0.934344 1.613577 0.063241 -0.974215 1.970984 
0.003047 0.533417 2.125735 0.008325 0.333302 2.083652 -0.137742 0.185780 2.034291 0.167929 0.206488 2.046709 -0.210702 -0.068505 2.051059 0.250031 -0.068179 1.974304 -0.271980 -0.321575 1.974304 0.256369 -0.283441 2.002602 -0.298470 -0.391347 2.034131 0.266852 -0.344078 1.807247 0.018918 -0.035962 2.047575 0.022367 -0.094212 1.984741 -0.045229 -0.161416 1.974467 0.094202 -0.160652 1.960029 -0.067412 -0.533035 1.812582 0.111368 -0.580176 1.986091 -0.064431 -0.902687 1.653727 0.039572 -0.949310 2.000179 -0.062464 -0.936184 1.556533 0.041480 -0.975399 1.905627 
0.009297 0.535540 2.085091 0.005352 0.335237 2.051679 -0.140194 0.186096 2.004060 0.168745 0.207499 2.021195 -0.234494 -0.019835 2.082465 0.246070 -0.070896 1.938228 -0.291330 -0.267095 1.938228 0.253511 -0.276893 2.041564 -0.300166 -0.360734 2.030924 0.261198 -0.339438 1.763310 0.017163 -0.034932 2.016557 0.021718 -0.093520 1.953877 -0.046256 -0.161314 1.940670 0.094733 -0.160761 1.931381 -0.058454 -0.531696 1.791132 0.114594 -0.573631 1.968752 -0.081462 -0.838453 1.520089 0.051686 -0.941161 2.027518 -0.078828 -0.871847 1.419777 0.054861 -0.967348 1.932940 
0.003049 0.532885 2.051931 0.009037 0.332353 2.004095 -0.141891 0.182922 1.963614 0.167570 0.204788 1.975477 -0.236915 -0.020282 2.057502 0.241241 -0.073680 1.893749 -0.295206 -0.300684 1.893749 0.250667 -0.286932 2.015431 -0.305675 -0.393774 2.017651 0.260023 -0.334591 1.721537 0.018809 -0.035301 1.976333 0.022074 -0.094493 1.914748 -0.046854 -0.162704 1.901233 0.095209 -0.161676 1.895491 -0.055404 -0.528536 1.751752 0.122836 -0.558949 1.936943 -0.053281 -0.871611 1.533424 0.060227 -0.920236 2.050843 -0.051414 -0.911905 1.431307 0.061795 -0.948188 1.956781 
0.000630 0.532383 2.015339 0.008461 0.331636 1.980012 -0.141110 0.185292 1.930135 0.163190 0.205844 1.947786 -0.213205 -0.068518 1.956027 0.237778 -0.069638 1.862701 -0.292598 -0.287276 1.862701 0.249929 -0.275195 2.003912 -0.306082 -0.381695 2.001418 0.255210 -0.336940 1.682204 0.018191 -0.038400 1.941234 0.022515 -0.096415 1.877793 -0.044584 -0.162701 1.861178 0.094113 -0.162634 1.858863 -0.054469 -0.540389 1.726171 0.127977 -0.553089 1.918018 0.241865 -0.763296 1.655260 0.077457 -0.909915 2.047588 0.245240 -0.789257 1.560492 0.080332 -0.939406 1.954369 
-0.006855 0.524679 1.974289 0.005068 0.323987 1.927721 -0.141713 0.177437 1.878832 0.159640 0.207459 1.902218 -0.229822 -0.011458 1.971914 0.252692 -0.076503 1.834645 -0.287218 -0.288381 1.834645 0.248144 -0.278428 1.969387 -0.303421 -0.382907 1.966790 0.248736 -0.336215 1.641800 0.021712 -0.044917 1.895467 0.027996 -0.103555 1.833807 -0.038810 -0.171263 1.816213 0.101579 -0.167557 1.818504 -0.057292 -0.540766 1.686542 0.154508 -0.542427 1.888298 -0.076025 -0.915293 1.542044 0.066588 -0.877547 2.046730 -0.072372 -0.958067 1.442294 0.068896 -0.911197 1.956331 
-0.008064 0.521727 1.937429 0.000903 0.322393 1.897424 -0.147709 0.175631 1.859105 0.158549 0.199515 1.866095 -0.243964 -0.100716 1.932100 0.238185 -0.086513 1.781509 -0.295021 -0.334897 1.781509 0.242558 -0.296588 1.930761 -0.311425 -0.429915 1.933352 0.244169 -0.336814 1.615462 0.021527 -0.046872 1.859387 0.025744 -0.104776 1.795725 -0.042304 -0.173241 1.777505 0.101703 -0.170931 1.776153 -0.062645 -0.540616 1.644345 0.152082 -0.542688 1.857934 -0.083304 -0.913740 1.496068 0.108978 -0.886240 2.016588 -0.084109 -0.955892 1.395998 0.107750 -0.922737 1.927451 
-0.016524 0.519165 1.898665 -0.007612 0.321556 1.848678 -0.148423 0.179506 1.806282 0.148325 0.200080 1.821587 -0.243452 -0.100820 1.890380 0.236487 -0.090425 1.753422 -0.287018 -0.336227 1.753422 0.240548 -0.298461 1.875815 -0.304012 -0.430023 1.889858 0.241952 -0.341656 1.590827 0.015337 -0.044751 1.810377 0.021876 -0.101933 1.747578 -0.042937 -0.167872 1.736240 0.095575 -0.165102 1.726197 -0.061611 -0.530971 1.593094 0.150752 -0.534834 1.808292 -0.080613 -0.900438 1.434436 -0.059687 -0.848086 1.879545 -0.078664 -0.942231 1.334047 -0.056921 -0.873994 1.784817 
-0.025005 0.522806 1.856441 -0.011241 0.326864 1.818085 -0.153412 0.178981 1.767587 0.139570 0.206199 1.784856 -0.246769 -0.100994 1.839105 0.232235 -0.084280 1.719497 -0.285722 -0.336477 1.719497 0.229568 -0.298277 1.834877 -0.299800 -0.432034 1.837680 0.239721 -0.342831 1.570854 0.012257 -0.042046 1.771309 0.018787 -0.098455 1.706333 -0.045277 -0.162419 1.685670 0.091895 -0.161191 1.688196 -0.057284 -0.526543 1.548046 0.149189 -0.532216 1.758904 -0.069534 -0.898037 1.394675 0.042793 -0.887324 1.861177 -0.067406 -0.939209 1.294451 0.037648 -0.918222 1.770183 
-0.028772 0.537685 1.824083 -0.019020 0.341645 1.774035 -0.167116 0.183761 1.719332 0.128764 0.210744 1.734556 -0.241597 -0.092334 1.769412 0.236346 -0.077188 1.696611 -0.286517 -0.325578 1.696611 0.234569 -0.294515 1.775060 -0.301868 -0.420904 1.783356 0.240086 -0.340262 1.558360 0.005350 -0.034973 1.722059 0.011662 -0.092667 1.656846 -0.051812 -0.158556 1.644970 0.084872 -0.155015 1.634618 -0.062323 -0.520849 1.505327 0.127866 -0.536485 1.699185 -0.073074 -0.891415 1.349566 0.032003 -0.898363 1.789957 -0.071531 -0.932249 1.249294 0.033119 -0.926923 1.696187 
-0.041372 0.545479 1.772121 -0.023922 0.349622 1.735481 -0.173287 0.197168 1.686401 0.120253 0.230518 1.699188 -0.243861 -0.058092 1.716982 0.235961 -0.067204 1.660687 -0.278937 -0.294071 1.660687 0.239079 -0.291552 1.705439 -0.284348 -0.391079 1.710540 0.243398 -0.339533 1.549330 0.006262 -0.021305 1.686059 0.012843 -0.077711 1.620671 -0.049261 -0.142399 1.593900 0.086120 -0.140199 1.606940 -0.063937 -0.505109 1.459458 0.121973 -0.523354 1.631639 -0.078994 -0.877216 1.308645 0.158355 -0.912164 1.643660 -0.078882 -0.917872 1.208921 0.160217 -0.949352 1.550289 
-0.045336 0.559413 1.745424 -0.039926 0.364787 1.693353 -0.175043 0.200541 1.631696 0.112565 0.234030 1.649221 -0.243296 -0.065728 1.654112 0.231833 -0.057701 1.631129 -0.287651 -0.299524 1.631129 0.238396 -0.284714 1.634052 -0.289319 -0.396871 1.628799 0.246671 -0.328723 1.531855 -0.001952 -0.015655 1.641051 0.007101 -0.073990 1.575433 -0.052759 -0.140033 1.563077 0.080711 -0.132328 1.554456 -0.062099 -0.568127 1.414939 0.119462 -0.513288 1.563991 -0.069199 -0.893537 1.285784 0.159089 -0.902864 1.560803 -0.067056 -0.918621 1.191531 0.162645 -0.941833 1.467399 
-0.053389 0.561112 1.701958 -0.039807 0.367962 1.663844 -0.181860 0.207089 1.600425 0.107774 0.250823 1.624958 -0.226824 -0.040716 1.565270 0.226905 -0.048661 1.594795 -0.284946 -0.271654 1.594795 0.243997 -0.279467 1.558403 -0.288553 -0.367778 1.541862 0.249412 -0.329509 1.524581 -0.004724 -0.009370 1.616037 0.004674 -0.067627 1.551187 -0.056249 -0.134492 1.529713 0.078243 -0.126111 1.533446 -0.050090 -0.567475 1.403371 0.114718 -0.504135 1.499622 -0.045394 -0.897612 1.290515 0.152344 -0.894095 1.451910 -0.041995 -0.922883 1.196329 0.157272 -0.935212 1.356883 
-0.060507 0.567116 1.673441 -0.045789 0.375569 1.624915 -0.189631 0.215262 1.558734 0.098335 0.263228 1.580445 -0.215173 -0.048419 1.482798 0.209175 -0.026834 1.543937 -0.294244 -0.273092 1.543937 0.247777 -0.259531 1.479597 -0.297755 -0.367710 1.455695 0.282641 -0.321724 1.484223 -0.015266 -0.000715 1.574530 -0.007732 -0.058383 1.509287 -0.066529 -0.125650 1.493607 0.062435 -0.117256 1.489276 -0.045867 -0.559484 1.378952 0.112807 -0.491272 1.440601 -0.030062 -0.891338 1.274745 0.164938 -0.878346 1.377443 -0.027952 -0.916396 1.180782 0.169138 -0.918920 1.282032 
-0.066649 0.572791 1.630369 -0.053138 0.382319 1.590714 -0.189971 0.218889 1.529402 0.096249 0.263360 1.555968 -0.216720 -0.056200 1.418635 0.216607 -0.031322 1.535681 -0.301030 -0.278412 1.535681 0.251443 -0.259702 1.395518 -0.307819 -0.368998 1.359655 0.285020 -0.323603 1.465157 -0.020889 0.001952 1.542087 -0.011725 -0.056820 1.477086 -0.070246 -0.123321 1.460076 0.058446 -0.114831 1.457265 -0.061893 -0.556679 1.348985 0.095285 -0.551099 1.368313 -0.055484 -0.889193 1.247260 0.123550 -0.885846 1.283574 -0.051528 -0.914307 1.153684 0.127507 -0.910960 1.189999 
-0.071683 0.570583 1.599543 -0.059611 0.381281 1.564812 -0.195899 0.224758 1.501074 0.085514 0.271647 1.514353 -0.223681 -0.044571 1.393372 0.204732 -0.014372 1.481631 -0.283816 -0.256556 1.481631 0.250529 -0.244763 1.291541 -0.283658 -0.275601 1.272306 0.284529 -0.308295 1.434202 -0.022530 0.006108 1.507494 -0.015380 -0.050136 1.440869 -0.072073 -0.116391 1.420286 0.054151 -0.106255 1.421989 -0.064276 -0.554153 1.342602 0.091669 -0.536630 1.312554 -0.058275 -0.891141 1.266333 0.120550 -0.867933 1.211843 -0.058841 -0.915696 1.172834 0.119984 -0.892488 1.118344 
-0.078872 0.572950 1.553354 -0.067437 0.384813 1.517883 -0.202141 0.228901 1.468580 0.082513 0.274230 1.488612 -0.234564 -0.037894 1.341827 0.206454 -0.016934 1.460639 -0.239660 -0.245140 1.460639 0.247483 -0.243802 1.213721 -0.299221 -0.256740 1.175483 0.289461 -0.301851 1.396606 -0.028706 0.013402 1.474400 -0.019545 -0.044169 1.410138 -0.076843 -0.112718 1.391095 0.051428 -0.099390 1.393393 -0.079154 -0.549073 1.314528 0.084735 -0.521845 1.258045 -0.080938 -0.885980 1.238968 0.110450 -0.848021 1.137100 -0.078886 -0.911163 1.145735 0.112503 -0.873204 1.043867 
-0.083375 0.571340 1.519570 -0.067802 0.385677 1.496346 -0.207741 0.229285 1.433120 0.082973 0.274358 1.457876 -0.243375 -0.039433 1.297347 0.198316 -0.007550 1.417191 -0.236588 -0.227319 1.417191 0.241763 -0.235310 1.140627 -0.255628 -0.267154 1.084476 0.287170 -0.290224 1.363580 -0.035150 0.015498 1.443784 -0.026713 -0.040163 1.378090 -0.086665 -0.110464 1.354305 0.044812 -0.096031 1.361961 -0.092570 -0.548056 1.304700 0.081390 -0.502748 1.186759 -0.097143 -0.886992 1.249861 0.109720 -0.817771 1.034638 -0.094098 -0.911650 1.156437 0.112765 -0.842428 0.941213 
