107
0.141143 0.783636 3.689861 0.132574 0.587480 3.710070 -0.013062 0.481161 3.722103 0.295628 0.484968 3.727634 -0.061907 0.213132 3.717906 0.367704 0.206954 3.741711 -0.049879 -0.009154 3.741711 0.371447 -0.007125 3.665834 -0.048072 -0.080134 3.663782 0.364809 -0.075253 3.637200 0.152220 0.238458 3.754277 0.156869 0.168289 3.730612 0.087832 0.097110 3.728513 0.234164 0.101173 3.733144 0.084175 -0.313132 3.794126 0.288354 -0.297316 3.674836 0.118216 -0.650425 3.817534 0.301115 -0.638752 3.645340 0.104702 -0.716173 3.787901 0.304301 -0.696955 3.594062 
0.141209 0.783817 3.687366 0.133471 0.585793 3.707139 -0.017271 0.483741 3.716139 0.296631 0.485971 3.721934 -0.063808 0.224908 3.702485 0.362079 0.214077 3.731483 -0.052126 0.000541 3.731483 0.374129 -0.002798 3.663935 -0.052160 -0.069146 3.650921 0.362675 -0.055418 3.636834 0.151520 0.239804 3.742666 0.155550 0.171173 3.720608 0.085573 0.098027 3.718594 0.232923 0.103054 3.721941 0.083814 -0.315529 3.789369 0.280199 -0.301781 3.664110 0.118583 -0.650452 3.816704 0.295284 -0.617932 3.594501 0.103120 -0.713947 3.782006 0.297096 -0.692913 3.529113 
0.138910 0.785479 3.663756 0.132679 0.583812 3.702687 -0.019944 0.484445 3.703013 0.297789 0.486505 3.717663 -0.071272 0.231119 3.689803 0.362069 0.212315 3.723295 -0.059507 -0.000598 3.723295 0.374179 -0.006338 3.655168 -0.054430 -0.070164 3.642843 0.354715 -0.061188 3.622948 0.149751 0.239876 3.734188 0.154404 0.171637 3.714808 0.084357 0.097425 3.712661 0.231900 0.103233 3.716139 0.083457 -0.312175 3.780109 0.275441 -0.316973 3.633107 0.119731 -0.644617 3.813885 0.281323 -0.647613 3.545610 0.106758 -0.709868 3.782777 0.292993 -0.717585 3.481335 
0.140700 0.779240 3.641815 0.131369 0.581758 3.693966 -0.020137 0.481386 3.697046 0.300107 0.485713 3.700830 -0.073812 0.218000 3.684808 0.364625 0.210407 3.709568 -0.068653 -0.005692 3.709568 0.382532 -0.053188 3.637069 -0.056778 -0.074898 3.630530 0.334455 -0.099781 3.603632 0.150044 0.238507 3.724806 0.154023 0.170070 3.708335 0.083988 0.095286 3.706565 0.231846 0.101501 3.710042 0.084403 -0.312079 3.772876 0.272498 -0.315892 3.627570 0.119564 -0.643612 3.812900 0.278509 -0.645517 3.537386 0.115061 -0.708198 3.778364 0.288366 -0.708945 3.461653 
0.139084 0.778428 3.624137 0.132053 0.582867 3.689626 -0.019338 0.480833 3.691217 0.300061 0.483091 3.692964 -0.072934 0.212467 3.670341 0.364821 0.207117 3.701048 -0.069864 -0.011715 3.701048 0.369847 -0.013647 3.623843 -0.059458 -0.068049 3.612966 0.358245 -0.083294 3.619321 0.150648 0.237754 3.715010 0.154434 0.168961 3.699523 0.085046 0.093386 3.694806 0.231572 0.101095 3.702391 0.084598 -0.314004 3.768224 0.270964 -0.318373 3.608959 0.116776 -0.648475 3.810603 0.270826 -0.640267 3.509427 0.095246 -0.717453 3.741688 0.281714 -0.702556 3.432146 
0.139105 0.779094 3.622866 0.140740 0.587611 3.678188 -0.016386 0.483343 3.681107 0.302745 0.483038 3.681119 -0.071298 0.215861 3.667221 0.360435 0.228674 3.683344 -0.076938 -0.005505 3.683344 0.373153 -0.003590 3.605503 -0.058554 -0.071329 3.602229 0.368090 -0.069399 3.596043 0.152828 0.239306 3.702410 0.155446 0.169931 3.688614 0.085076 0.094728 3.685186 0.231316 0.101681 3.690032 0.085912 -0.319713 3.753987 0.270845 -0.322868 3.599836 0.116926 -0.648656 3.809757 0.267828 -0.623485 3.499375 0.118114 -0.714128 3.762610 0.270926 -0.687552 3.422472 
0.141685 0.780018 3.609990 0.145612 0.582785 3.666171 -0.017555 0.481710 3.673823 0.305279 0.477248 3.671152 -0.070854 0.215328 3.661554 0.368706 0.224372 3.669272 -0.072337 -0.005289 3.669272 0.377646 -0.001179 3.596229 -0.054322 -0.075425 3.582799 0.375641 -0.080730 3.575532 0.151974 0.237377 3.684368 0.152964 0.168880 3.670261 0.080324 0.093246 3.665419 0.227674 0.098459 3.670311 0.084632 -0.319300 3.748229 0.268575 -0.317364 3.582518 0.116600 -0.646608 3.807935 0.266933 -0.622356 3.496211 0.116370 -0.686546 3.730603 0.270978 -0.684967 3.418224 
0.145979 0.777372 3.590199 0.150322 0.576050 3.652081 -0.012581 0.471125 3.646824 0.310559 0.469627 3.652568 -0.061579 0.207588 3.640602 0.377792 0.208791 3.655613 -0.069087 -0.015062 3.655613 0.377422 -0.014488 3.585132 -0.053348 -0.075186 3.565146 0.372455 -0.101308 3.564491 0.155639 0.233038 3.665515 0.156966 0.165277 3.651224 0.085062 0.088065 3.640812 0.230997 0.095876 3.655538 0.087080 -0.329791 3.732876 0.266399 -0.310461 3.568893 0.118304 -0.648192 3.805844 0.263900 -0.616608 3.481656 0.128167 -0.717887 3.776416 0.263548 -0.682042 3.405619 
0.149705 0.773404 3.579567 0.151037 0.574395 3.629969 -0.010725 0.466056 3.631085 0.311163 0.463471 3.635492 -0.059550 0.208693 3.639479 0.382144 0.204670 3.645835 -0.067089 -0.005711 3.645835 0.378080 -0.016458 3.552790 -0.057442 -0.099583 3.538530 0.372585 -0.062861 3.531278 0.156646 0.228045 3.645598 0.158002 0.159366 3.632436 0.085371 0.083282 3.627265 0.233059 0.090635 3.634074 0.087521 -0.331305 3.726623 0.261854 -0.313462 3.540257 0.118049 -0.652351 3.806727 0.264309 -0.616060 3.479339 0.120716 -0.724444 3.756410 0.262037 -0.683219 3.404372 
0.155082 0.777240 3.573541 0.159667 0.572875 3.602640 -0.007530 0.466475 3.620573 0.319395 0.463335 3.604897 -0.056661 0.210769 3.626271 0.383162 0.198214 3.616081 -0.054861 -0.003433 3.616081 0.391642 -0.022898 3.538520 -0.050228 -0.070988 3.538849 0.372285 -0.064169 3.528026 0.162274 0.226013 3.621465 0.161989 0.156932 3.610282 0.087468 0.081437 3.613782 0.237840 0.086272 3.602525 0.087617 -0.336824 3.716567 0.262560 -0.321308 3.532938 0.119343 -0.650781 3.800383 0.259096 -0.633387 3.450209 0.124122 -0.722829 3.764203 0.264224 -0.701973 3.376047 
0.161599 0.773369 3.553023 0.162120 0.571640 3.594619 -0.000083 0.468406 3.602224 0.322452 0.462066 3.576288 -0.050705 0.218950 3.609262 0.392787 0.193545 3.596437 -0.051660 0.002929 3.596437 0.401329 -0.027450 3.526811 -0.042615 -0.068261 3.500314 0.372371 -0.065716 3.510341 0.166816 0.224650 3.605054 0.166364 0.156013 3.591828 0.093888 0.080433 3.588514 0.240612 0.086811 3.588487 0.093131 -0.341650 3.701366 0.265105 -0.323738 3.525243 0.119506 -0.650825 3.797907 0.259153 -0.635562 3.445375 0.124223 -0.719045 3.763552 0.259276 -0.704704 3.371071 
0.166642 0.776371 3.537677 0.173565 0.578649 3.568827 0.005239 0.468619 3.585026 0.326181 0.464434 3.567869 -0.041620 0.212347 3.592716 0.395771 0.195463 3.565605 -0.043981 -0.004771 3.565605 0.406559 -0.027172 3.513567 -0.041653 -0.067245 3.500272 0.422067 -0.081800 3.485423 0.173842 0.228002 3.583437 0.173007 0.158400 3.571974 0.099074 0.081647 3.572699 0.246969 0.090185 3.567452 0.098396 -0.314435 3.666649 0.270966 -0.307947 3.508793 0.114777 -0.632269 3.776793 0.259234 -0.634850 3.444762 0.115797 -0.700355 3.745848 0.250053 -0.692451 3.394026 
0.172904 0.774228 3.520400 0.179766 0.582360 3.562526 0.006026 0.466779 3.576014 0.335178 0.460386 3.553417 -0.034980 0.208458 3.567153 0.402861 0.187248 3.552099 -0.043125 -0.008740 3.552099 0.404002 -0.034326 3.488377 -0.035854 -0.066060 3.492636 0.416717 -0.099564 3.466490 0.180420 0.231460 3.570954 0.179337 0.162100 3.557505 0.104452 0.085662 3.553924 0.253852 0.090917 3.553689 0.100629 -0.315296 3.657164 0.270806 -0.312137 3.501852 0.115128 -0.631462 3.772267 0.259639 -0.635261 3.442419 0.114894 -0.702750 3.749384 0.254640 -0.675165 3.364052 
0.175731 0.774653 3.517009 0.182887 0.586371 3.548294 0.023206 0.476557 3.549682 0.343225 0.466256 3.545448 -0.030496 0.213596 3.558270 0.407644 0.189115 3.535701 -0.034192 -0.004921 3.535701 0.400559 -0.027904 3.482896 -0.024513 -0.059881 3.480538 0.407181 -0.093222 3.430851 0.183622 0.235180 3.552775 0.183525 0.165971 3.537817 0.109730 0.091116 3.533697 0.257457 0.094696 3.533428 0.101799 -0.326031 3.642441 0.272968 -0.321722 3.474183 0.113563 -0.636110 3.767686 0.260642 -0.657665 3.412690 0.102730 -0.708069 3.740932 0.256928 -0.740615 3.354542 
0.189637 0.787044 3.477611 0.194181 0.587178 3.531328 0.026059 0.479055 3.543357 0.350417 0.469922 3.533192 -0.023076 0.217989 3.542018 0.413647 0.192687 3.513817 -0.020530 -0.001493 3.513817 0.418124 -0.015623 3.469515 -0.013895 -0.054177 3.457655 0.415434 -0.080621 3.383648 0.189932 0.238456 3.532921 0.188470 0.170223 3.515531 0.114247 0.094226 3.511090 0.260504 0.100186 3.509164 0.106070 -0.337504 3.612652 0.279534 -0.306526 3.461732 0.117384 -0.643030 3.761473 0.261618 -0.650992 3.413494 0.103491 -0.710646 3.729103 0.248954 -0.729654 3.359102 
0.193119 0.783761 3.476157 0.196975 0.586607 3.520577 0.029622 0.478828 3.532399 0.356942 0.467555 3.503997 -0.019777 0.218625 3.532121 0.416464 0.192786 3.488392 -0.017258 -0.001580 3.488392 0.416297 -0.021744 3.461929 -0.012303 -0.053212 3.452679 0.415287 -0.072614 3.384599 0.192777 0.235942 3.517078 0.189915 0.167862 3.496501 0.115041 0.093561 3.493150 0.262068 0.095769 3.486266 0.101375 -0.332153 3.586341 0.281280 -0.314059 3.453476 0.108360 -0.637703 3.739508 0.261359 -0.651652 3.413760 0.102090 -0.712536 3.708004 0.252310 -0.731504 3.351885 
0.196301 0.786242 3.470871 0.202144 0.585443 3.509117 0.034603 0.476864 3.517675 0.363431 0.464160 3.470671 -0.015745 0.219370 3.522309 0.423669 0.206009 3.460975 -0.015606 0.001546 3.460975 0.416307 -0.009207 3.443702 -0.011426 -0.054714 3.402106 0.412897 -0.078361 3.365151 0.197247 0.234480 3.506212 0.192708 0.166671 3.483734 0.117276 0.091891 3.482598 0.264678 0.095027 3.470924 0.102304 -0.331901 3.551249 0.287325 -0.315696 3.443549 0.108883 -0.631147 3.716913 0.260650 -0.652563 3.412251 0.105666 -0.712119 3.696872 0.251839 -0.732744 3.350639 
0.199492 0.787773 3.460676 0.206473 0.584901 3.475538 0.040342 0.475294 3.503519 0.361787 0.466616 3.461676 -0.013771 0.216781 3.508723 0.426786 0.204752 3.423368 -0.007960 0.009593 3.423368 0.414997 -0.007832 3.401870 -0.008534 -0.059497 3.393495 0.408158 -0.076874 3.324670 0.200547 0.231829 3.481741 0.196012 0.163167 3.459997 0.121937 0.090252 3.462068 0.266323 0.093089 3.448508 0.102522 -0.330864 3.519541 0.289114 -0.319396 3.434892 0.109917 -0.634466 3.712464 0.260197 -0.658612 3.407255 0.106519 -0.711144 3.692704 0.250334 -0.735254 3.349567 
0.206276 0.787193 3.428472 0.212390 0.586165 3.442556 0.048341 0.478055 3.470442 0.369977 0.469539 3.432885 -0.004072 0.217627 3.477757 0.430497 0.205255 3.389567 -0.003361 0.005172 3.389567 0.421590 -0.001060 3.383083 -0.003899 -0.063836 3.376597 0.410839 -0.062864 3.279346 0.205994 0.235888 3.453514 0.201705 0.167136 3.433044 0.126826 0.094243 3.433550 0.272680 0.095557 3.424242 0.100900 -0.318750 3.441249 0.288221 -0.323468 3.420090 0.107560 -0.627799 3.650641 0.260339 -0.661890 3.405500 0.112484 -0.701952 3.586554 0.247105 -0.734969 3.355679 
0.208264 0.789645 3.400569 0.215885 0.584936 3.422733 0.052958 0.480176 3.448527 0.372046 0.469721 3.416428 -0.003036 0.216745 3.471306 0.433779 0.211698 3.370372 -0.001713 0.007410 3.370372 0.421693 0.000835 3.368839 -0.002202 -0.061445 3.362686 0.411596 -0.061135 3.258521 0.208698 0.236991 3.438272 0.204729 0.168328 3.419282 0.129599 0.096430 3.421158 0.275875 0.096144 3.411277 0.101581 -0.315563 3.427746 0.288496 -0.323060 3.415024 0.119934 -0.609481 3.576870 0.260434 -0.661844 3.405270 0.108501 -0.691908 3.557486 0.247020 -0.734890 3.355689 
0.206000 0.788428 3.383788 0.218222 0.584877 3.414089 0.054145 0.483398 3.438433 0.374774 0.472661 3.401056 0.008604 0.219799 3.438249 0.435120 0.216103 3.351727 -0.002822 0.001608 3.351727 0.420982 0.007628 3.361457 -0.003053 -0.067222 3.356515 0.418609 -0.064664 3.232823 0.210627 0.239161 3.423675 0.206094 0.171695 3.403022 0.131057 0.099734 3.406673 0.276516 0.099067 3.390154 0.102889 -0.317401 3.396939 0.288503 -0.323933 3.410162 0.116952 -0.636012 3.525597 0.260269 -0.664529 3.403072 0.096329 -0.707443 3.499670 0.245522 -0.739462 3.363880 
0.202499 0.785422 3.365396 0.222007 0.586918 3.399232 0.054112 0.484679 3.428581 0.373171 0.473309 3.384101 0.010018 0.219520 3.435367 0.435160 0.221351 3.332854 -0.001873 0.004695 3.332854 0.420084 0.008392 3.348154 0.002333 -0.062800 3.334527 0.409856 -0.067209 3.212713 0.213050 0.239210 3.408557 0.207666 0.171367 3.387790 0.132968 0.099592 3.392747 0.277159 0.098870 3.374207 0.104989 -0.313975 3.365958 0.290449 -0.323029 3.407056 0.120811 -0.645823 3.470248 0.259535 -0.663766 3.403219 0.096799 -0.706202 3.429853 0.247032 -0.736110 3.362527 
0.204140 0.782689 3.354355 0.221956 0.587078 3.393862 0.055837 0.485962 3.417453 0.371600 0.470833 3.358982 0.011017 0.219292 3.430514 0.440751 0.224355 3.304653 -0.001705 0.004608 3.304653 0.416302 0.014414 3.343130 0.001491 -0.062599 3.328516 0.411834 -0.057956 3.188049 0.214174 0.237426 3.396224 0.207692 0.169819 3.372349 0.133828 0.099458 3.379250 0.276369 0.096195 3.352054 0.112912 -0.313922 3.336668 0.291714 -0.324403 3.402394 0.108756 -0.640112 3.400541 0.257799 -0.665196 3.402551 0.115117 -0.702161 3.359437 0.246722 -0.737110 3.363262 
0.203865 0.783149 3.342385 0.220868 0.581095 3.368767 0.056099 0.485054 3.401883 0.370554 0.470557 3.344759 0.011040 0.221820 3.415291 0.440893 0.220885 3.289270 -0.001919 0.004771 3.289270 0.414629 0.017759 3.335299 0.000296 -0.047121 3.325895 0.410864 -0.064271 3.175543 0.214075 0.235939 3.376180 0.207720 0.168897 3.353021 0.134324 0.098489 3.360694 0.276391 0.095953 3.335140 0.115054 -0.329035 3.310079 0.292544 -0.325620 3.390649 0.123615 -0.659159 3.360789 0.253184 -0.667198 3.397009 0.117581 -0.729134 3.311197 0.245845 -0.737004 3.359608 
0.201157 0.785698 3.330522 0.220785 0.583112 3.348601 0.059069 0.487002 3.389912 0.367782 0.466991 3.319846 0.010468 0.221948 3.401904 0.441174 0.222470 3.273296 -0.004583 0.004807 3.273296 0.416171 0.018054 3.322838 -0.004025 -0.052270 3.292482 0.409013 -0.055952 3.155438 0.215031 0.234924 3.359859 0.207689 0.167126 3.337497 0.134978 0.097929 3.345615 0.275904 0.095306 3.321344 0.118754 -0.318607 3.284857 0.292842 -0.333348 3.379876 0.133059 -0.656887 3.299032 0.253019 -0.666888 3.397608 0.113189 -0.718905 3.234590 0.248350 -0.737262 3.354588 
0.194977 0.787603 3.298998 0.218096 0.581193 3.325890 0.055904 0.482471 3.374541 0.368980 0.467958 3.308854 0.011590 0.220645 3.393525 0.440732 0.215549 3.259185 -0.007611 0.009549 3.259185 0.416200 0.010183 3.297994 -0.004213 -0.051573 3.288862 0.408380 -0.068491 3.134793 0.214262 0.233842 3.340053 0.207756 0.165871 3.318628 0.135064 0.095557 3.327147 0.276787 0.093006 3.302521 0.120834 -0.335120 3.256346 0.289622 -0.329495 3.369000 0.116317 -0.648660 3.231674 0.251732 -0.671678 3.395172 0.107635 -0.714298 3.155224 0.247527 -0.737623 3.353373 
0.193757 0.786664 3.291858 0.217923 0.582696 3.310329 0.051397 0.475724 3.348072 0.373505 0.465403 3.291550 0.010965 0.214028 3.376977 0.442268 0.212616 3.238627 -0.009870 -0.001408 3.238627 0.413796 0.003922 3.294083 -0.004265 -0.051942 3.287553 0.409943 -0.072519 3.119412 0.213593 0.233757 3.327671 0.208028 0.165172 3.307503 0.133847 0.093493 3.312990 0.278255 0.091495 3.295145 0.125727 -0.339041 3.240824 0.289155 -0.335782 3.359967 0.112954 -0.650979 3.157029 0.251402 -0.674428 3.394405 0.107227 -0.729133 3.092977 0.249949 -0.740161 3.344153 
0.190084 0.779692 3.256275 0.218124 0.582780 3.297380 0.047562 0.468918 3.317993 0.372296 0.468309 3.280317 0.008245 0.215282 3.361763 0.442016 0.213529 3.229656 -0.015570 -0.000574 3.229656 0.416676 0.006119 3.281256 -0.013814 -0.056489 3.275061 0.410096 -0.075788 3.111434 0.213312 0.232283 3.309852 0.209242 0.163643 3.288581 0.135002 0.090954 3.292539 0.280191 0.090056 3.276880 0.124357 -0.357028 3.190153 0.282836 -0.325837 3.323707 0.107296 -0.658168 3.089148 0.251422 -0.669635 3.391609 0.108638 -0.723214 3.011730 0.236366 -0.735693 3.360043 
0.189136 0.776608 3.247857 0.210477 0.582045 3.284293 0.045489 0.469248 3.304986 0.366235 0.466548 3.257120 0.005742 0.214215 3.349629 0.436609 0.207204 3.198518 -0.010099 -0.015441 3.198518 0.415113 -0.003379 3.252110 -0.005526 -0.083514 3.259012 0.410053 -0.074355 3.092481 0.209480 0.228886 3.290061 0.205292 0.160258 3.266306 0.132566 0.088720 3.272241 0.276491 0.085867 3.248672 0.124930 -0.356453 3.187018 0.283083 -0.328678 3.319439 0.109162 -0.648608 3.042496 0.251684 -0.665117 3.387753 0.105878 -0.709574 2.961957 0.239048 -0.734391 3.362824 
0.184525 0.774810 3.221403 0.204689 0.577466 3.263097 0.044578 0.467536 3.291537 0.355174 0.458815 3.228457 -0.000323 0.211167 3.311763 0.435550 0.209140 3.190596 -0.013251 -0.009414 3.190596 0.415539 0.001112 3.245145 -0.005702 -0.077474 3.244592 0.408567 -0.074358 3.071471 0.206682 0.222675 3.267337 0.201412 0.154046 3.242806 0.130539 0.084227 3.251388 0.271402 0.081545 3.224079 0.121364 -0.345455 3.160602 0.277530 -0.352809 3.309170 0.107583 -0.644247 3.022535 0.250766 -0.671598 3.384258 0.103915 -0.694322 2.934509 0.256145 -0.735285 3.321834 
0.179558 0.772128 3.204706 0.204180 0.575258 3.244088 0.037760 0.462693 3.266153 0.352159 0.454694 3.210685 -0.003442 0.208050 3.290638 0.433701 0.204622 3.177876 -0.016032 -0.016052 3.177876 0.413163 -0.002851 3.241846 -0.020396 -0.083794 3.234362 0.405933 -0.082223 3.055264 0.202317 0.219278 3.249509 0.196724 0.150508 3.223819 0.123900 0.080588 3.227456 0.266750 0.077596 3.208043 0.120813 -0.340599 3.148365 0.273907 -0.370346 3.303389 0.109714 -0.643077 2.981697 0.251003 -0.672779 3.384123 0.103184 -0.698089 2.896666 0.256258 -0.736023 3.324145 
0.175795 0.764671 3.188632 0.200912 0.569585 3.210976 0.034401 0.455816 3.241140 0.350253 0.452316 3.195723 -0.008450 0.197691 3.272894 0.429972 0.203240 3.158650 -0.023480 -0.027125 3.158650 0.412652 -0.006080 3.230319 -0.027944 -0.094623 3.222167 0.404927 -0.085624 3.043750 0.197511 0.215385 3.226119 0.192647 0.146142 3.202523 0.119066 0.076552 3.207827 0.263535 0.073235 3.189503 0.121365 -0.335364 3.110298 0.273691 -0.371302 3.294137 0.110185 -0.642410 2.976031 0.250956 -0.672666 3.384035 0.104997 -0.696466 2.890397 0.264495 -0.733896 3.342988 
0.162673 0.759723 3.151281 0.189250 0.571435 3.192474 0.023875 0.450134 3.203761 0.341226 0.447974 3.172477 -0.017304 0.188161 3.247070 0.429470 0.198834 3.147916 -0.031867 -0.034036 3.147916 0.410843 -0.006834 3.188479 -0.031496 -0.125824 3.201163 0.403344 -0.088729 3.028427 0.188509 0.211263 3.198210 0.185492 0.141508 3.171161 0.112398 0.071172 3.170186 0.257829 0.069382 3.159870 0.113486 -0.377872 3.066464 0.272159 -0.407461 3.282304 0.110844 -0.655867 2.958581 0.248828 -0.677809 3.377549 0.107166 -0.715254 2.876307 0.256268 -0.739240 3.335086 
0.162415 0.757732 3.141968 0.186647 0.567999 3.174638 0.020524 0.446268 3.187073 0.340426 0.447954 3.161385 -0.020790 0.186787 3.227752 0.421332 0.196607 3.127912 -0.033476 -0.036694 3.127912 0.408657 -0.012761 3.175302 -0.034869 -0.128789 3.162608 0.403009 -0.085798 3.016133 0.184413 0.208171 3.172147 0.181332 0.139911 3.141560 0.107540 0.069316 3.140874 0.253397 0.066221 3.125879 0.110261 -0.377271 3.058240 0.268877 -0.405769 3.267520 0.113622 -0.666685 2.945670 0.247192 -0.664347 3.362608 0.110371 -0.727395 2.864435 0.255479 -0.736890 3.345480 
0.158568 0.761620 3.129917 0.181380 0.566959 3.161725 0.012948 0.443789 3.166936 0.333970 0.446595 3.136486 -0.026654 0.187288 3.195535 0.416419 0.201114 3.111531 -0.041362 -0.038219 3.111531 0.405361 -0.010043 3.159038 -0.038345 -0.130963 3.148950 0.398541 -0.088055 3.002096 0.182205 0.206322 3.152379 0.179136 0.139019 3.117700 0.105038 0.067865 3.111039 0.252812 0.065773 3.104042 0.110425 -0.366152 3.052030 0.260292 -0.408276 3.229535 0.110874 -0.668246 2.941641 0.248848 -0.667548 3.361658 0.110618 -0.731865 2.862772 0.251575 -0.739661 3.341615 
0.150140 0.761385 3.098793 0.173336 0.569071 3.143246 0.006560 0.447073 3.150465 0.328921 0.449584 3.118854 -0.038490 0.194261 3.159045 0.404282 0.203138 3.081749 -0.050597 -0.031787 3.081749 0.403123 -0.008070 3.128022 -0.046624 -0.121438 3.101017 0.394104 -0.081379 2.972965 0.171233 0.209044 3.129286 0.167135 0.142833 3.091938 0.094194 0.070562 3.090208 0.237993 0.070602 3.071096 0.089676 -0.350409 3.006797 0.264440 -0.368548 3.171029 0.110332 -0.672555 2.940753 0.248498 -0.666455 3.353806 0.113509 -0.740340 2.873588 0.254596 -0.736171 3.327383 
0.149890 0.763821 3.086883 0.160969 0.576946 3.103925 -0.004436 0.448657 3.103385 0.324169 0.452284 3.092624 -0.042315 0.188755 3.139104 0.402994 0.200674 3.065951 -0.056116 -0.036500 3.065951 0.401783 -0.014637 3.100800 -0.056940 -0.126572 3.073602 0.394073 -0.082641 2.970803 0.163573 0.214147 3.103910 0.162505 0.146421 3.066685 0.088926 0.074516 3.059126 0.235798 0.072500 3.055312 0.088021 -0.348918 3.000225 0.262217 -0.369185 3.133888 0.110836 -0.671482 2.939593 0.249196 -0.675424 3.337628 0.114464 -0.740433 2.872566 0.251074 -0.748112 3.320706 
0.145815 0.762253 3.063146 0.161991 0.577631 3.091785 -0.006503 0.449167 3.093991 0.320284 0.455674 3.073496 -0.052063 0.200667 3.101142 0.400917 0.201979 3.061470 -0.066534 -0.017091 3.061470 0.394842 -0.004596 3.025497 -0.058373 -0.090044 3.027307 0.385719 -0.080173 2.940970 0.162124 0.214975 3.082701 0.159111 0.148688 3.042053 0.084336 0.076948 3.034971 0.232343 0.074619 3.027473 0.089656 -0.348491 2.993700 0.264883 -0.363378 3.083760 0.111108 -0.670981 2.938375 0.244458 -0.667965 3.296696 0.114803 -0.741232 2.873970 0.266308 -0.736980 3.314495 
0.134159 0.769201 3.025220 0.157118 0.578220 3.070490 -0.012731 0.455681 3.066971 0.314248 0.459875 3.058255 -0.065261 0.194833 3.054494 0.390689 0.205930 3.042047 -0.071351 -0.030931 3.042047 0.392998 -0.006246 3.018717 -0.062763 -0.096555 3.006815 0.382835 -0.079723 2.934268 0.155343 0.217715 3.064167 0.153702 0.151839 3.022728 0.078837 0.079533 3.013264 0.227244 0.078888 3.011197 0.089854 -0.348825 2.986806 0.259508 -0.350635 3.032181 0.111258 -0.670431 2.936769 0.250968 -0.654586 3.247140 0.114893 -0.741507 2.874230 0.249140 -0.692392 3.168184 
0.133003 0.769383 3.018750 0.146637 0.574356 3.054474 -0.017891 0.459504 3.050686 0.309321 0.462951 3.040155 -0.066101 0.197151 3.044202 0.390378 0.207596 3.034886 -0.076723 -0.018696 3.034886 0.390865 -0.002704 2.961533 -0.068276 -0.094617 2.940765 0.380231 -0.080596 2.927804 0.150566 0.218786 3.049059 0.149648 0.154241 3.005944 0.076214 0.080828 2.996895 0.223801 0.082184 2.992812 0.090869 -0.356087 2.978758 0.260610 -0.339954 2.987351 0.111743 -0.670763 2.935339 0.240554 -0.628754 3.219893 0.115825 -0.742962 2.874638 0.266388 -0.697559 3.230879 
0.135080 0.772424 3.007402 0.144909 0.572581 3.033494 -0.022415 0.465107 3.022408 0.305261 0.461002 3.019715 -0.072071 0.203213 3.018831 0.385500 0.206864 3.009030 -0.082130 -0.006386 3.009030 0.386157 -0.005708 2.919037 -0.069451 -0.090058 2.923540 0.377770 -0.079504 2.913691 0.146240 0.219616 3.031248 0.146182 0.155535 2.987705 0.072288 0.081444 2.978130 0.220481 0.083953 2.976542 0.090243 -0.356292 2.969352 0.259273 -0.336340 2.957823 0.110658 -0.667891 2.933111 0.236954 -0.630045 3.165708 0.116608 -0.742968 2.874198 0.273024 -0.695038 3.191462 
0.126480 0.777439 2.984351 0.136481 0.574716 3.009089 -0.026677 0.465304 3.006417 0.302318 0.463857 3.005602 -0.079922 0.205936 2.962727 0.371110 0.208713 2.983603 -0.086854 -0.015399 2.983603 0.382143 -0.004829 2.899745 -0.076537 -0.099677 2.857754 0.373127 -0.077835 2.891121 0.142231 0.222422 3.011974 0.143168 0.158144 2.968058 0.070384 0.083364 2.957672 0.218057 0.086308 2.959023 0.088709 -0.358631 2.961213 0.255198 -0.340210 2.925159 0.111042 -0.668282 2.931638 0.239478 -0.656012 3.120776 0.116633 -0.743408 2.874059 0.275104 -0.729522 3.116117 
0.121764 0.777329 2.948644 0.133647 0.579179 2.986963 -0.031283 0.465205 2.984113 0.299482 0.465897 2.987134 -0.080442 0.207430 2.947595 0.368012 0.208356 2.970147 -0.083977 0.001197 2.970147 0.378391 -0.006308 2.839709 -0.078134 -0.092082 2.822571 0.367575 -0.078613 2.863247 0.138364 0.225024 2.991693 0.139711 0.160369 2.947173 0.066744 0.084988 2.935770 0.214762 0.088263 2.939895 0.084863 -0.360443 2.952106 0.249627 -0.334966 2.891225 0.111646 -0.669109 2.931072 0.231008 -0.641808 3.053009 0.115643 -0.746611 2.879651 0.272613 -0.722808 3.063086 
0.121409 0.778508 2.936555 0.129592 0.578737 2.970958 -0.033762 0.467598 2.968044 0.298120 0.467207 2.973423 -0.087023 0.208760 2.920362 0.367309 0.208314 2.963172 -0.083223 0.002459 2.963172 0.372415 -0.002538 2.812638 -0.079476 -0.073530 2.781497 0.365215 -0.078593 2.856389 0.134976 0.226340 2.976469 0.136845 0.162217 2.931085 0.063939 0.086502 2.919398 0.212292 0.089909 2.923795 0.078128 -0.358407 2.941874 0.240772 -0.330995 2.859477 0.112822 -0.670320 2.931154 0.238232 -0.666916 3.003950 0.116208 -0.746579 2.878845 0.250190 -0.735698 2.978585 
0.117161 0.774783 2.913743 0.127413 0.576640 2.955070 -0.037049 0.470610 2.953484 0.294579 0.466160 2.952252 -0.090770 0.219779 2.875453 0.364651 0.211344 2.942890 -0.086892 0.015069 2.942890 0.371163 -0.003852 2.764430 -0.076339 -0.071379 2.751351 0.363482 -0.078825 2.847724 0.131474 0.225962 2.960794 0.132158 0.162402 2.914565 0.058635 0.086410 2.903033 0.207275 0.090141 2.906618 0.074122 -0.360169 2.938483 0.235880 -0.326963 2.814863 0.117051 -0.672581 2.928328 0.209825 -0.675241 2.931178 0.117613 -0.746843 2.878708 0.229368 -0.740022 2.900756 
0.114728 0.776528 2.897881 0.126488 0.575458 2.932805 -0.041198 0.467357 2.930271 0.288083 0.464343 2.927768 -0.092568 0.220870 2.868199 0.359690 0.208625 2.928212 -0.083398 0.016662 2.928212 0.365293 -0.002425 2.756652 -0.069553 -0.054698 2.713368 0.358454 -0.081909 2.825412 0.130050 0.226416 2.946111 0.130458 0.162166 2.900818 0.057076 0.085833 2.890869 0.205329 0.090938 2.894167 0.071864 -0.360193 2.933769 0.230942 -0.327935 2.799350 0.123946 -0.679921 2.919726 0.216375 -0.677133 2.880875 0.117414 -0.747521 2.878099 0.230452 -0.745250 2.849711 
0.114613 0.769858 2.871593 0.123345 0.572661 2.912247 -0.043941 0.460118 2.904059 0.285259 0.455950 2.906104 -0.091404 0.220802 2.849621 0.351793 0.202498 2.906238 -0.080312 0.028138 2.906238 0.364982 -0.011775 2.717431 -0.068462 -0.043695 2.682482 0.356671 -0.081024 2.814557 0.127769 0.220960 2.924553 0.129076 0.156393 2.878793 0.055071 0.079803 2.867931 0.205141 0.085745 2.873533 0.068016 -0.365115 2.925274 0.222019 -0.334420 2.767498 0.122768 -0.683582 2.916493 0.205336 -0.684188 2.839409 0.130537 -0.750719 2.859889 0.218859 -0.752851 2.791332 
0.111512 0.754758 2.712403 0.117979 0.560509 2.762393 -0.046776 0.449619 2.768393 0.280645 0.446026 2.754689 -0.078495 0.196525 2.728194 0.343701 0.187261 2.759446 -0.066731 -0.004023 2.759446 0.347665 -0.028540 2.611666 -0.055280 -0.071665 2.582604 0.343545 -0.096463 2.658410 0.122222 0.206098 2.779811 0.120986 0.139668 2.737784 0.045808 0.062177 2.732556 0.196998 0.070610 2.730079 0.066483 -0.424851 2.838989 0.200000 -0.353508 2.603409 0.119380 -0.690313 2.904775 0.174594 -0.642450 2.479499 0.090832 -0.776602 2.866002 0.178027 -0.701452 2.397147 
0.112780 0.752301 2.693013 0.117939 0.552904 2.722440 -0.046251 0.446481 2.742198 0.278319 0.433244 2.718319 -0.076762 0.191822 2.706916 0.341800 0.181267 2.729686 -0.068080 -0.016183 2.729686 0.346936 -0.036028 2.606174 -0.056914 -0.077812 2.580251 0.343108 -0.105902 2.644550 0.121891 0.204252 2.750936 0.119388 0.136947 2.712740 0.045472 0.060072 2.710242 0.193830 0.068102 2.706195 0.065212 -0.422039 2.837178 0.198660 -0.343519 2.586442 0.118500 -0.688817 2.897972 0.166884 -0.654263 2.465415 0.091818 -0.781185 2.865016 0.172477 -0.704647 2.377325 
0.111785 0.750022 2.668010 0.121141 0.554077 2.709785 -0.045751 0.444045 2.718669 0.281762 0.432028 2.701258 -0.076918 0.183007 2.687673 0.346845 0.168764 2.692492 -0.064186 -0.030552 2.692492 0.351141 -0.051265 2.602079 -0.058508 -0.086301 2.578281 0.341960 -0.112828 2.616131 0.122212 0.201622 2.723552 0.119850 0.135509 2.682064 0.044128 0.057357 2.679217 0.194581 0.065922 2.668951 0.065468 -0.424096 2.810139 0.194971 -0.350208 2.556746 0.116996 -0.683867 2.890325 0.164926 -0.657935 2.460821 0.094866 -0.779214 2.862720 0.162915 -0.715121 2.376746 
0.115436 0.746998 2.645778 0.124402 0.548656 2.683326 -0.044310 0.443315 2.700685 0.283931 0.432671 2.676147 -0.076851 0.177808 2.671702 0.347324 0.168052 2.673759 -0.065144 -0.038511 2.673759 0.355088 -0.049161 2.594479 -0.063688 -0.116620 2.572760 0.346529 -0.125820 2.588220 0.123550 0.198519 2.698740 0.119979 0.132754 2.658552 0.043755 0.055568 2.659221 0.194576 0.062373 2.644498 0.065085 -0.422138 2.804247 0.188777 -0.365479 2.530257 0.118638 -0.683336 2.879033 0.161941 -0.663289 2.451080 0.096823 -0.780015 2.854712 0.160931 -0.720994 2.366918 
0.117355 0.742024 2.615398 0.129363 0.545897 2.654517 -0.041947 0.441078 2.677139 0.284515 0.427090 2.635085 -0.074758 0.174135 2.658161 0.352147 0.167246 2.632554 -0.069269 -0.044966 2.632554 0.358038 -0.053995 2.590100 -0.066498 -0.121792 2.573117 0.346560 -0.131075 2.558370 0.124802 0.192662 2.667542 0.118001 0.126685 2.626443 0.043205 0.048422 2.623926 0.188853 0.058219 2.614265 0.063071 -0.422314 2.790157 0.189758 -0.365324 2.517592 0.113134 -0.683863 2.865074 0.160416 -0.669829 2.443098 0.092765 -0.782089 2.845026 0.149167 -0.743469 2.372985 
0.121060 0.741532 2.600092 0.129621 0.549291 2.629690 -0.038191 0.439333 2.652356 0.286270 0.426083 2.619276 -0.072838 0.172771 2.638639 0.355098 0.162680 2.611313 -0.071176 -0.050041 2.611313 0.359240 -0.054760 2.587773 -0.068544 -0.124252 2.572819 0.348949 -0.129188 2.515291 0.123565 0.192153 2.643871 0.117738 0.125265 2.603084 0.043933 0.048757 2.603280 0.187354 0.055435 2.589128 0.061322 -0.409170 2.721836 0.195281 -0.341020 2.481486 0.105986 -0.699742 2.857422 0.156870 -0.677807 2.431002 0.072850 -0.766655 2.845663 0.151598 -0.750461 2.359225 
0.126001 0.742405 2.571177 0.130432 0.551203 2.607527 -0.035627 0.441771 2.626563 0.289244 0.430832 2.585805 -0.072833 0.173268 2.621736 0.355273 0.168311 2.578611 -0.074717 -0.051282 2.578611 0.360887 -0.049337 2.582743 -0.068873 -0.124308 2.572638 0.354851 -0.117154 2.490552 0.126449 0.195848 2.612908 0.119897 0.130892 2.569225 0.045436 0.057186 2.564663 0.190723 0.059416 2.555229 0.058411 -0.404551 2.703188 0.194160 -0.347171 2.467891 0.103612 -0.745701 2.851104 0.155219 -0.677995 2.425565 0.094244 -0.784370 2.771632 0.150972 -0.754362 2.357769 
0.129054 0.746448 2.545587 0.134526 0.556376 2.576734 -0.033649 0.444001 2.611269 0.288436 0.429935 2.560595 -0.073468 0.178041 2.618032 0.353603 0.164742 2.530522 -0.076504 -0.046918 2.530522 0.361681 -0.053593 2.582411 -0.070511 -0.125076 2.573126 0.358496 -0.123993 2.460866 0.127718 0.200096 2.587471 0.119111 0.134330 2.544629 0.045218 0.060584 2.546140 0.187702 0.063333 2.526938 0.054497 -0.396039 2.651237 0.193312 -0.359081 2.449457 0.095088 -0.723927 2.824473 0.152010 -0.684089 2.415736 0.083261 -0.762786 2.745484 0.152188 -0.760290 2.347714 
0.129489 0.748273 2.531297 0.138067 0.559365 2.554923 -0.030014 0.447132 2.584172 0.290498 0.432801 2.536053 -0.074204 0.184246 2.611264 0.355430 0.169500 2.521290 -0.080214 -0.040182 2.521290 0.362909 -0.045298 2.570878 -0.071741 -0.122712 2.567020 0.355399 -0.120953 2.425774 0.130613 0.202866 2.566261 0.122077 0.137065 2.523004 0.048195 0.065134 2.521602 0.190432 0.064856 2.508835 0.051318 -0.382031 2.606136 0.190101 -0.360976 2.447309 0.094495 -0.700647 2.794004 0.152448 -0.684641 2.414409 0.083235 -0.739542 2.714870 0.152496 -0.761001 2.346442 
0.132235 0.754155 2.507027 0.139137 0.558982 2.536576 -0.027276 0.452856 2.561009 0.294465 0.438312 2.507903 -0.073745 0.193691 2.593994 0.360416 0.180775 2.476619 -0.090419 -0.026341 2.476619 0.360735 -0.034655 2.531177 -0.081622 -0.122722 2.532673 0.349784 -0.110684 2.371231 0.133539 0.205260 2.542197 0.124598 0.141200 2.496905 0.050324 0.069167 2.496901 0.193958 0.068813 2.478158 0.046745 -0.375042 2.562622 0.186493 -0.367172 2.440865 0.103151 -0.675473 2.768395 0.151678 -0.686418 2.412246 0.090761 -0.714111 2.689219 0.152837 -0.763100 2.344524 
0.129237 0.755216 2.473786 0.141902 0.562851 2.505814 -0.028056 0.453581 2.544781 0.295772 0.440539 2.487629 -0.074934 0.195097 2.576819 0.364228 0.182767 2.458216 -0.088702 -0.027061 2.458216 0.357569 -0.025239 2.523400 -0.079589 -0.123525 2.521232 0.346946 -0.107453 2.336506 0.133494 0.208497 2.519443 0.123407 0.143222 2.475628 0.047936 0.070903 2.477260 0.192778 0.069591 2.458441 0.041446 -0.368565 2.524292 0.184080 -0.364511 2.434955 0.091487 -0.680355 2.721384 0.151336 -0.687358 2.410244 0.078117 -0.719279 2.642613 0.152269 -0.763563 2.342142 
0.133207 0.757282 2.464976 0.143594 0.564867 2.491807 -0.026761 0.455423 2.528513 0.295998 0.440176 2.468672 -0.075557 0.196545 2.556871 0.364714 0.187554 2.420726 -0.089062 -0.024139 2.420726 0.355220 -0.023022 2.495946 -0.080317 -0.119127 2.478133 0.343608 -0.104916 2.312047 0.134191 0.210022 2.503617 0.123358 0.144966 2.459226 0.048025 0.073176 2.461265 0.191746 0.071108 2.441223 0.037086 -0.356735 2.489594 0.179867 -0.368278 2.430708 0.084153 -0.665178 2.692618 0.151581 -0.688198 2.409744 0.073309 -0.739216 2.711482 0.151831 -0.763736 2.341109 
0.136636 0.757585 2.438251 0.145888 0.565759 2.474372 -0.022836 0.455159 2.501240 0.298526 0.436608 2.437419 -0.074708 0.198655 2.542516 0.368080 0.184409 2.391400 -0.085100 -0.018276 2.391400 0.356845 -0.023707 2.466086 -0.078657 -0.114325 2.452842 0.346900 -0.082836 2.256979 0.136763 0.210050 2.483775 0.125265 0.145323 2.438279 0.049946 0.074835 2.440057 0.193465 0.070626 2.419411 0.036010 -0.340714 2.447740 0.174327 -0.372248 2.420342 0.076516 -0.658944 2.638856 0.151287 -0.688533 2.409002 0.061656 -0.697568 2.560379 0.151965 -0.762745 2.338989 
0.134398 0.759121 2.422174 0.145360 0.565863 2.449198 -0.020024 0.456048 2.483968 0.299014 0.441582 2.425397 -0.072094 0.201153 2.523365 0.368455 0.191489 2.375406 -0.081245 -0.015204 2.375406 0.354108 -0.011802 2.444864 -0.078200 -0.106321 2.410851 0.343499 -0.078961 2.234623 0.136368 0.212447 2.464996 0.125501 0.147198 2.420628 0.050411 0.077484 2.421935 0.193717 0.072789 2.404521 0.033584 -0.364731 2.439037 0.173279 -0.375375 2.410333 0.083270 -0.668122 2.600143 0.151229 -0.689184 2.408952 0.054247 -0.746958 2.583159 0.153572 -0.763407 2.338778 
0.135345 0.758056 2.402213 0.146234 0.565802 2.428140 -0.018333 0.457890 2.468959 0.300255 0.442796 2.409141 -0.071179 0.202171 2.495870 0.367242 0.198281 2.345341 -0.082031 -0.013076 2.345341 0.351813 0.001190 2.414176 -0.075559 -0.072268 2.398993 0.339702 -0.073163 2.197951 0.137731 0.212962 2.445570 0.126832 0.147507 2.402121 0.051646 0.078310 2.405183 0.195305 0.072700 2.385529 0.032639 -0.369465 2.396226 0.175077 -0.374070 2.398879 0.067890 -0.712025 2.506891 0.144724 -0.692454 2.413423 0.045948 -0.775494 2.472240 0.137140 -0.770435 2.372543 
0.136669 0.763645 2.376537 0.146293 0.566606 2.415185 -0.018817 0.459982 2.450758 0.300830 0.442731 2.386980 -0.070467 0.201919 2.479373 0.367436 0.204038 2.326776 -0.081607 -0.012594 2.326776 0.349674 0.007354 2.395648 -0.074500 -0.073558 2.373916 0.334882 -0.069963 2.168467 0.138268 0.213971 2.429666 0.126970 0.149015 2.385719 0.051807 0.079723 2.387883 0.195440 0.073909 2.368677 0.039102 -0.372733 2.372159 0.177074 -0.378062 2.390066 0.059551 -0.708076 2.452901 0.144668 -0.693073 2.412422 0.075741 -0.763604 2.397434 0.141790 -0.768241 2.351050 
0.136820 0.765154 2.361209 0.147379 0.567268 2.399863 -0.017924 0.459594 2.427129 0.301047 0.440483 2.369475 -0.069876 0.200014 2.457252 0.363939 0.202904 2.305298 -0.081709 -0.013876 2.305298 0.348576 0.008616 2.371938 -0.071511 -0.074001 2.346793 0.331647 -0.067828 2.143647 0.139149 0.211057 2.409865 0.128693 0.146028 2.364085 0.053655 0.076333 2.365184 0.197339 0.071483 2.346297 0.042862 -0.370210 2.333896 0.181435 -0.377678 2.380496 0.052673 -0.704608 2.407324 0.143165 -0.694610 2.409235 0.052430 -0.768659 2.352974 0.145476 -0.770305 2.350421 
0.137075 0.765314 2.348699 0.146598 0.566198 2.374123 -0.017861 0.457110 2.409581 0.302047 0.440129 2.355062 -0.069659 0.198165 2.434776 0.362785 0.203268 2.285153 -0.077499 -0.012655 2.285153 0.347197 0.007971 2.340606 -0.070431 -0.077400 2.327200 0.328785 -0.067932 2.120862 0.139231 0.211822 2.392561 0.129349 0.145864 2.348735 0.053991 0.075003 2.351243 0.198647 0.072118 2.332213 0.045939 -0.369302 2.309237 0.185754 -0.379482 2.373723 0.046772 -0.703189 2.355030 0.145146 -0.696593 2.402968 0.042234 -0.768718 2.294840 0.152562 -0.773584 2.348550 
0.137009 0.762683 2.325759 0.149093 0.566478 2.358463 -0.019038 0.458668 2.396183 0.302151 0.439625 2.335018 -0.068448 0.197479 2.410231 0.363001 0.203434 2.270556 -0.078822 -0.014968 2.270556 0.343308 0.013233 2.320941 -0.070063 -0.075466 2.296348 0.323651 -0.067343 2.101043 0.140968 0.212917 2.375026 0.130080 0.147394 2.331538 0.053975 0.076103 2.334403 0.199503 0.073339 2.314754 0.035801 -0.364953 2.261688 0.187917 -0.379863 2.365979 0.036419 -0.703994 2.288301 0.143069 -0.704492 2.397203 0.021332 -0.766846 2.236034 0.144375 -0.775670 2.342194 
0.137397 0.761087 2.313743 0.146514 0.565851 2.343485 -0.020756 0.456056 2.370947 0.300742 0.436947 2.318271 -0.068751 0.197825 2.395246 0.361806 0.199081 2.246732 -0.081208 -0.010065 2.246732 0.339425 0.006775 2.294680 -0.073061 -0.070686 2.280815 0.322377 -0.065692 2.088800 0.139147 0.210339 2.357982 0.129773 0.144637 2.313777 0.054114 0.073415 2.315176 0.199699 0.070576 2.297570 0.038401 -0.368106 2.249187 0.188861 -0.386852 2.358968 0.029687 -0.692717 2.213902 0.144420 -0.707235 2.391301 0.014959 -0.770128 2.148587 0.154298 -0.781921 2.339355 
0.134644 0.757456 2.290303 0.144740 0.563772 2.318593 -0.022295 0.455179 2.353177 0.299044 0.436875 2.300362 -0.071032 0.199178 2.366932 0.359430 0.197190 2.232763 -0.080775 -0.010810 2.232763 0.336260 0.005655 2.271377 -0.075698 -0.081592 2.257773 0.319464 -0.069000 2.071970 0.139151 0.208894 2.336259 0.130087 0.142766 2.293150 0.054768 0.071808 2.294428 0.200297 0.068649 2.278416 0.041471 -0.371089 2.221973 0.189464 -0.395350 2.352054 0.032575 -0.689474 2.152014 0.146369 -0.711933 2.384273 0.014339 -0.758250 2.078292 0.158566 -0.782210 2.333430 
0.132052 0.754594 2.271004 0.143037 0.561900 2.302495 -0.023970 0.451381 2.334376 0.296506 0.436281 2.280123 -0.073936 0.199376 2.348211 0.355899 0.194330 2.212412 -0.081143 -0.012773 2.212412 0.332985 -0.001290 2.258346 -0.076694 -0.083598 2.229896 0.316826 -0.070780 2.060079 0.138565 0.205528 2.319147 0.129518 0.139129 2.276216 0.054316 0.068571 2.277180 0.200085 0.065070 2.261975 0.034185 -0.366751 2.178708 0.188840 -0.399500 2.344104 0.030534 -0.676692 2.103025 0.146792 -0.712873 2.382941 0.026547 -0.737286 2.020401 0.160053 -0.783141 2.333492 
0.130413 0.751231 2.249454 0.136604 0.559553 2.282908 -0.026432 0.447355 2.309935 0.295369 0.433027 2.264640 -0.077741 0.195715 2.328434 0.354136 0.192109 2.201621 -0.082326 -0.016797 2.201621 0.332373 -0.002480 2.239619 -0.077860 -0.084601 2.218232 0.316035 -0.071793 2.051878 0.135449 0.201903 2.298942 0.128453 0.135192 2.255759 0.054158 0.064785 2.254557 0.199963 0.060702 2.242789 0.036306 -0.369764 2.168174 0.177319 -0.416021 2.311305 0.035843 -0.675666 2.053991 0.147631 -0.716505 2.375700 0.033750 -0.727464 1.965450 0.163089 -0.783235 2.336756 
0.125805 0.747964 2.228485 0.133316 0.556942 2.259024 -0.026411 0.443084 2.283679 0.292711 0.431434 2.246187 -0.079372 0.190942 2.299941 0.349650 0.186275 2.183846 -0.084964 -0.023649 2.183846 0.327625 -0.009482 2.217534 -0.079284 -0.093686 2.201229 0.311452 -0.081009 2.037585 0.133836 0.198063 2.277698 0.128288 0.130611 2.235545 0.055007 0.061308 2.235049 0.199772 0.056565 2.224127 0.040006 -0.372709 2.148191 0.176544 -0.418832 2.308571 0.041051 -0.674332 2.030040 0.148869 -0.720989 2.367962 0.033711 -0.720965 1.938822 0.155237 -0.784142 2.311960 
0.122053 0.744093 2.210225 0.130822 0.556189 2.241082 -0.030355 0.442448 2.269727 0.289935 0.429710 2.226627 -0.082226 0.188940 2.284424 0.346285 0.184380 2.167048 -0.087361 -0.025547 2.167048 0.326327 -0.015079 2.201860 -0.082769 -0.103045 2.175346 0.310562 -0.085874 2.026308 0.130709 0.196054 2.257090 0.124282 0.128636 2.214769 0.050713 0.059173 2.213726 0.195482 0.053586 2.202121 0.040752 -0.372917 2.126111 0.175685 -0.439427 2.304950 0.045789 -0.666725 2.006791 0.150384 -0.707893 2.372943 0.041561 -0.717437 1.917429 0.156440 -0.782618 2.310806 
0.117668 0.744924 2.192045 0.126211 0.553142 2.219679 -0.032998 0.437236 2.236590 0.288213 0.425679 2.209148 -0.087494 0.187359 2.254731 0.344241 0.179243 2.152631 -0.092565 -0.029248 2.152631 0.325248 -0.020951 2.179355 -0.086036 -0.108991 2.160405 0.309181 -0.093027 2.013019 0.125003 0.192338 2.234712 0.120745 0.124911 2.191986 0.047344 0.057136 2.188038 0.192305 0.048712 2.182057 0.042188 -0.362259 2.105573 0.173314 -0.443347 2.290266 0.050301 -0.664794 1.994690 0.155043 -0.738206 2.341217 0.044746 -0.719793 1.908065 0.168775 -0.803862 2.305586 
0.114784 0.737879 2.166385 0.124140 0.550512 2.198130 -0.037018 0.435425 2.221011 0.284350 0.425757 2.191775 -0.090533 0.184203 2.232085 0.340924 0.175241 2.138364 -0.095669 -0.033963 2.138364 0.323070 -0.027106 2.162645 -0.089571 -0.115568 2.141175 0.308895 -0.096698 2.004640 0.121946 0.191790 2.211765 0.117174 0.125082 2.168571 0.043860 0.057090 2.163944 0.188084 0.048917 2.158504 0.043179 -0.355489 2.086252 0.178952 -0.423431 2.271519 0.053760 -0.667131 1.988099 0.155434 -0.739512 2.339298 0.048860 -0.724497 1.904728 0.174622 -0.806923 2.310229 
0.111603 0.733116 2.149340 0.119689 0.548790 2.181174 -0.044668 0.431336 2.192259 0.278731 0.422215 2.169425 -0.095730 0.175199 2.201493 0.336807 0.172095 2.122741 -0.105196 -0.043339 2.122741 0.323642 -0.033433 2.134255 -0.098039 -0.119986 2.118442 0.310691 -0.100475 1.994693 0.116706 0.188631 2.188447 0.112777 0.122700 2.142967 0.039269 0.053507 2.135170 0.184003 0.047306 2.132904 0.041401 -0.354448 2.072953 0.176566 -0.408865 2.246954 0.053614 -0.667911 1.984432 0.158251 -0.732076 2.342163 0.052092 -0.727547 1.905713 0.173811 -0.798125 2.308355 
0.108628 0.735757 2.128656 0.112963 0.551638 2.154817 -0.047997 0.429843 2.170303 0.274079 0.421785 2.150469 -0.102378 0.171952 2.173565 0.333129 0.168996 2.106682 -0.112343 -0.047882 2.106682 0.323815 -0.038239 2.112068 -0.103407 -0.123370 2.103974 0.310896 -0.108228 1.980049 0.110971 0.188218 2.163864 0.107594 0.121532 2.117980 0.035451 0.053172 2.112720 0.177952 0.046032 2.106720 0.036959 -0.348335 2.049158 0.166058 -0.392455 2.193368 0.052910 -0.675607 1.975376 0.158876 -0.729000 2.339622 0.053230 -0.729912 1.909478 0.162837 -0.781756 2.285505 
0.103246 0.737505 2.109504 0.108912 0.552056 2.138902 -0.053560 0.430718 2.142668 0.269765 0.423032 2.131703 -0.108495 0.167172 2.141129 0.329096 0.167599 2.090106 -0.120163 -0.054691 2.090106 0.323919 -0.042125 2.090465 -0.112189 -0.128844 2.080592 0.311396 -0.107977 1.972352 0.106081 0.187927 2.141519 0.103974 0.122187 2.093475 0.031504 0.053429 2.085737 0.174850 0.047007 2.081002 0.026879 -0.346926 2.027411 0.169511 -0.389083 2.174557 0.051620 -0.675108 1.969185 0.159265 -0.728568 2.332696 0.053797 -0.730711 1.910017 0.168874 -0.790613 2.290350 
0.097592 0.738978 2.085756 0.103031 0.550927 2.114207 -0.055014 0.430784 2.119701 0.264460 0.425279 2.110069 -0.111122 0.168080 2.117096 0.325115 0.170201 2.077912 -0.126637 -0.052647 2.077912 0.322739 -0.042808 2.061393 -0.118730 -0.129883 2.057834 0.309946 -0.110059 1.960377 0.101413 0.189330 2.117216 0.099660 0.124225 2.068757 0.028271 0.054845 2.062010 0.169942 0.051319 2.055936 0.030516 -0.346528 2.021669 0.170096 -0.374670 2.119720 0.049246 -0.677269 1.962980 0.161626 -0.702788 2.298069 0.054629 -0.732004 1.910856 0.162179 -0.778500 2.295053 
0.090342 0.740105 2.044523 0.092627 0.553260 2.075389 -0.067080 0.430291 2.074468 0.259581 0.431024 2.074250 -0.117716 0.169516 2.059375 0.316486 0.177971 2.052106 -0.131316 -0.050405 2.052106 0.320926 -0.032701 1.999227 -0.120252 -0.128943 1.992124 0.307283 -0.106349 1.937946 0.093492 0.193068 2.075362 0.093645 0.129049 2.025091 0.021323 0.057029 2.013844 0.166332 0.055791 2.014322 0.029832 -0.359392 1.991765 0.191973 -0.363674 2.036869 0.047846 -0.674264 1.957295 0.163055 -0.673738 2.241172 0.055721 -0.734070 1.911273 0.163456 -0.712183 2.160612 
0.087305 0.737001 2.026628 0.087421 0.553451 2.053901 -0.070152 0.428893 2.050629 0.255014 0.430183 2.055639 -0.121592 0.170004 2.034821 0.314430 0.178276 2.034391 -0.130902 -0.046410 2.034391 0.319303 -0.034434 1.959781 -0.121941 -0.122315 1.945462 0.303597 -0.108570 1.924623 0.090180 0.191911 2.056812 0.091508 0.127325 2.006586 0.019643 0.055074 1.994765 0.164703 0.054985 1.997960 0.030491 -0.366930 1.982251 0.185805 -0.348754 1.992999 0.047584 -0.671726 1.954709 0.165347 -0.657348 2.200715 0.055972 -0.733867 1.911903 0.167046 -0.695898 2.120159 
0.081552 0.729240 1.999838 0.084606 0.552083 2.035542 -0.073340 0.429488 2.032944 0.251750 0.432673 2.039295 -0.127582 0.174844 2.004686 0.310894 0.179984 2.022619 -0.128006 -0.042133 2.022619 0.315736 -0.031827 1.931076 -0.125713 -0.117814 1.920080 0.301953 -0.105508 1.915266 0.087627 0.192923 2.040065 0.089206 0.128709 1.989706 0.017160 0.056010 1.976956 0.162756 0.056644 1.982035 0.028987 -0.369651 1.974405 0.185605 -0.345915 1.965898 0.047927 -0.669293 1.952257 0.166571 -0.655166 2.173349 0.056498 -0.733653 1.912810 0.168543 -0.693770 2.092761 
0.081432 0.725329 1.984082 0.080045 0.552403 2.014082 -0.076346 0.429132 2.010474 0.249302 0.433949 2.023169 -0.127438 0.176708 1.984675 0.307861 0.181949 2.009310 -0.124020 -0.035325 2.009310 0.313680 -0.030360 1.895712 -0.119030 -0.112294 1.870829 0.302297 -0.101306 1.898109 0.085155 0.194372 2.022635 0.088141 0.129913 1.972583 0.016741 0.056226 1.960282 0.162138 0.058533 1.965822 0.025859 -0.369415 1.965967 0.182613 -0.337563 1.914999 0.048059 -0.668983 1.950727 0.168541 -0.650159 2.118831 0.057235 -0.734581 1.913418 0.172057 -0.688904 2.038299 
0.080224 0.722200 1.966645 0.077387 0.552792 1.999407 -0.078353 0.432180 1.993679 0.245433 0.435939 2.001832 -0.130704 0.181075 1.954347 0.304448 0.183400 1.995384 -0.121801 -0.030108 1.995384 0.309123 -0.028656 1.863623 -0.111760 -0.101649 1.842804 0.299809 -0.099017 1.884672 0.084172 0.195550 2.007443 0.086814 0.131445 1.956973 0.015581 0.057533 1.943650 0.161218 0.060695 1.951095 0.023279 -0.370567 1.955230 0.183205 -0.335240 1.894097 0.048156 -0.669208 1.948893 0.170512 -0.664528 2.073894 0.057260 -0.735652 1.912999 0.187491 -0.753654 2.082671 
0.077177 0.716107 1.946965 0.074932 0.552204 1.979482 -0.082441 0.432470 1.976302 0.243884 0.436503 1.987063 -0.130562 0.180327 1.935120 0.302331 0.182635 1.978747 -0.119376 -0.025779 1.978747 0.306013 -0.029872 1.832105 -0.109186 -0.098237 1.809560 0.297227 -0.096254 1.873599 0.083121 0.197172 1.990983 0.086464 0.133091 1.940764 0.015338 0.057878 1.927793 0.161491 0.062580 1.935388 0.020479 -0.370226 1.944681 0.184475 -0.352483 1.873768 0.047922 -0.672175 1.947433 0.159506 -0.681989 2.031238 0.061625 -0.739390 1.914717 0.193461 -0.763558 2.033468 
0.074545 0.709608 1.927143 0.073742 0.549556 1.962775 -0.084826 0.431226 1.957659 0.241237 0.436140 1.968078 -0.131307 0.179832 1.909280 0.299985 0.181290 1.963042 -0.115749 -0.024031 1.963042 0.304775 -0.031348 1.801993 -0.105633 -0.092018 1.780950 0.294304 -0.092703 1.854522 0.081425 0.196995 1.975529 0.084633 0.133332 1.925275 0.013292 0.057792 1.912107 0.159740 0.063121 1.920471 0.019374 -0.372788 1.938686 0.177624 -0.352432 1.843363 0.048921 -0.682535 1.944239 0.161503 -0.693651 1.975189 0.067566 -0.748559 1.911839 0.195874 -0.760439 1.964488 
0.073695 0.709072 1.910057 0.072819 0.548505 1.943940 -0.086023 0.433011 1.942086 0.240267 0.436929 1.950683 -0.132555 0.182821 1.894098 0.297714 0.179350 1.944648 -0.113069 -0.015905 1.944648 0.303349 -0.034345 1.777125 -0.098492 -0.084991 1.743221 0.291526 -0.106012 1.839371 0.081510 0.197923 1.959412 0.084629 0.134268 1.909564 0.013283 0.058268 1.895208 0.160066 0.064156 1.906862 0.016894 -0.370577 1.932687 0.173729 -0.344058 1.810978 0.053211 -0.688793 1.941392 0.167262 -0.674379 1.916200 0.070289 -0.752973 1.904623 0.161009 -0.746844 1.894466 
0.072315 0.703948 1.886626 0.073431 0.546043 1.925436 -0.087018 0.434215 1.922671 0.238751 0.436789 1.932869 -0.131694 0.182810 1.873363 0.296292 0.178902 1.928057 -0.111236 -0.011917 1.928057 0.302508 -0.035006 1.749294 -0.095160 -0.080463 1.720762 0.290072 -0.106350 1.828512 0.080671 0.197458 1.942863 0.083832 0.133865 1.893624 0.012400 0.058007 1.880828 0.158951 0.063827 1.890279 0.015831 -0.372981 1.926906 0.171895 -0.342972 1.792541 0.052998 -0.691706 1.939693 0.171990 -0.661845 1.850974 0.069281 -0.755225 1.901370 0.142794 -0.731910 1.848350 
0.071697 0.701861 1.866930 0.071811 0.543538 1.905123 -0.087827 0.432391 1.904352 0.238219 0.431352 1.910356 -0.129833 0.182033 1.856441 0.294350 0.175029 1.906224 -0.109177 -0.010993 1.906224 0.303283 -0.040811 1.729555 -0.090704 -0.076900 1.700243 0.288537 -0.110322 1.811762 0.080628 0.195459 1.924198 0.083424 0.131605 1.875769 0.012096 0.055564 1.863018 0.158838 0.061584 1.873306 0.015127 -0.377151 1.919067 0.171695 -0.341741 1.774373 0.052639 -0.692406 1.937477 0.172796 -0.641577 1.789646 0.067387 -0.756760 1.899866 0.174786 -0.680737 1.709311 
0.071047 0.697185 1.845585 0.072513 0.540156 1.886566 -0.086845 0.430484 1.884994 0.237799 0.430436 1.893419 -0.129895 0.182690 1.837833 0.294487 0.176186 1.890522 -0.105919 -0.011368 1.890522 0.302864 -0.039497 1.713497 -0.087531 -0.074437 1.684051 0.289329 -0.111309 1.794741 0.080935 0.193418 1.906279 0.084041 0.129615 1.858592 0.012932 0.053641 1.846412 0.159218 0.060100 1.856135 0.015765 -0.381033 1.912265 0.171655 -0.336037 1.754325 0.053645 -0.692903 1.934786 0.171795 -0.625286 1.734282 0.065788 -0.758700 1.898703 0.174375 -0.664509 1.653951 
0.070694 0.696518 1.827740 0.071835 0.538468 1.866915 -0.086384 0.429304 1.865779 0.237965 0.427233 1.870756 -0.127534 0.180662 1.820260 0.294839 0.170620 1.866977 -0.103496 -0.013512 1.866977 0.302266 -0.045245 1.696235 -0.082965 -0.075445 1.667005 0.290663 -0.111262 1.777139 0.081242 0.191637 1.886918 0.083986 0.127610 1.839948 0.012902 0.051698 1.828188 0.159358 0.058148 1.837484 0.016314 -0.382797 1.903261 0.171997 -0.327670 1.736444 0.054029 -0.692567 1.932722 0.171387 -0.705532 1.681800 0.062232 -0.760594 1.899732 0.173147 -0.744829 1.601442 
0.069993 0.692982 1.806476 0.074451 0.534749 1.845381 -0.084578 0.427013 1.847397 0.237506 0.424659 1.849774 -0.127424 0.179780 1.804259 0.295927 0.168081 1.848218 -0.101530 -0.016283 1.848218 0.302743 -0.048177 1.684151 -0.082108 -0.078802 1.657224 0.292146 -0.114089 1.759421 0.082464 0.188382 1.866129 0.084511 0.124142 1.820073 0.013465 0.048875 1.809842 0.159103 0.055122 1.816874 0.017378 -0.385426 1.893294 0.172695 -0.322365 1.723416 0.054028 -0.692660 1.931827 0.171477 -0.704594 1.634482 0.060687 -0.761567 1.900274 0.172583 -0.745205 1.553922 
0.070504 0.689012 1.785827 0.078539 0.530539 1.824162 -0.082864 0.423770 1.825808 0.239637 0.420737 1.830628 -0.125162 0.176039 1.786268 0.296181 0.162904 1.825713 -0.100012 -0.023231 1.825713 0.301710 -0.053543 1.672185 -0.082123 -0.083918 1.647877 0.294519 -0.117436 1.736037 0.084412 0.184869 1.844729 0.086433 0.120631 1.799445 0.015015 0.044918 1.787568 0.160675 0.051635 1.797604 0.017761 -0.388613 1.881990 0.171721 -0.324244 1.705582 0.054074 -0.692537 1.929781 0.174895 -0.703077 1.600684 0.059600 -0.762557 1.900471 0.176665 -0.745575 1.519676 
0.070940 0.682968 1.762982 0.078628 0.525122 1.802829 -0.080937 0.420497 1.807702 0.242116 0.417483 1.807104 -0.123816 0.174542 1.770946 0.298140 0.161491 1.803515 -0.099492 -0.028188 1.803515 0.303670 -0.054679 1.663940 -0.082696 -0.097063 1.637045 0.294857 -0.119591 1.713265 0.085017 0.181252 1.822398 0.086248 0.117394 1.777564 0.014681 0.041955 1.767596 0.160543 0.048067 1.773599 0.019607 -0.391906 1.866675 0.172027 -0.320720 1.686926 0.053848 -0.693941 1.928140 0.178449 -0.695616 1.566875 0.057450 -0.764126 1.898842 0.179000 -0.745613 1.483796 
0.070217 0.681654 1.745577 0.081823 0.522175 1.781810 -0.079497 0.417728 1.785826 0.245819 0.412884 1.786936 -0.120853 0.169922 1.751874 0.299162 0.158658 1.781357 -0.098852 -0.037304 1.781357 0.306078 -0.056736 1.654801 -0.085212 -0.106247 1.631546 0.297889 -0.126532 1.689072 0.085502 0.178571 1.800837 0.086491 0.114726 1.756464 0.014156 0.038587 1.746516 0.160502 0.045010 1.752288 0.021514 -0.389636 1.850086 0.172749 -0.326291 1.657483 0.054074 -0.693781 1.925458 0.177731 -0.704616 1.554411 0.056209 -0.765179 1.899008 0.178662 -0.750574 1.472619 
0.074368 0.674918 1.718700 0.083641 0.517843 1.760286 -0.076160 0.411366 1.760952 0.248731 0.408315 1.762837 -0.117739 0.164954 1.736491 0.303040 0.156898 1.755504 -0.099189 -0.045327 1.755504 0.308330 -0.059090 1.646714 -0.087159 -0.116431 1.627427 0.299399 -0.128484 1.664296 0.086779 0.174252 1.776220 0.087746 0.110865 1.731383 0.015272 0.034997 1.719484 0.161662 0.041032 1.728143 0.024910 -0.388175 1.833444 0.173037 -0.323836 1.636954 0.054443 -0.692708 1.921076 0.182188 -0.702658 1.539039 0.054116 -0.766210 1.900999 0.183522 -0.755246 1.455949 
0.076632 0.671042 1.696562 0.086803 0.514062 1.738400 -0.073313 0.405263 1.739166 0.252078 0.402677 1.738478 -0.113384 0.159914 1.718307 0.306151 0.147303 1.725541 -0.098456 -0.054336 1.725541 0.310165 -0.069170 1.639778 -0.089593 -0.121339 1.624860 0.301921 -0.125144 1.635335 0.089235 0.168756 1.752041 0.089640 0.105378 1.706502 0.016584 0.029434 1.696144 0.163674 0.035595 1.700760 0.028100 -0.385258 1.810916 0.174165 -0.327450 1.610157 0.054076 -0.693180 1.917674 0.182607 -0.709876 1.538066 0.051956 -0.767340 1.900218 0.183277 -0.763924 1.455837 
0.082107 0.666572 1.672263 0.090051 0.509541 1.714417 -0.069726 0.400799 1.717735 0.254978 0.398253 1.714154 -0.110446 0.154427 1.701179 0.310971 0.146829 1.704534 -0.098609 -0.062782 1.704534 0.314183 -0.066908 1.632852 -0.092475 -0.125481 1.622331 0.305891 -0.127400 1.607642 0.091322 0.164124 1.725939 0.091027 0.101201 1.679416 0.018230 0.025355 1.668629 0.164116 0.031852 1.673016 0.027617 -0.388016 1.794416 0.176137 -0.332499 1.590343 0.053587 -0.691662 1.908091 0.184201 -0.715086 1.523342 0.049937 -0.767601 1.902403 0.184093 -0.769128 1.441406 
0.080350 0.666916 1.659204 0.097929 0.505042 1.689709 -0.065371 0.397525 1.694835 0.258496 0.398443 1.689845 -0.107259 0.149714 1.683712 0.314158 0.150868 1.674197 -0.099221 -0.070039 1.674197 0.317855 -0.064050 1.626178 -0.095100 -0.128120 1.618230 0.310205 -0.128285 1.580679 0.098548 0.162074 1.697965 0.097831 0.100402 1.650137 0.025749 0.024843 1.639535 0.169855 0.031422 1.641429 0.030687 -0.387262 1.764567 0.180086 -0.333354 1.562203 0.052065 -0.687732 1.897464 0.186454 -0.717212 1.516158 0.049076 -0.762847 1.884660 0.185832 -0.770762 1.434964 
0.088127 0.658548 1.625052 0.099972 0.504045 1.671749 -0.061239 0.395351 1.673836 0.259311 0.396540 1.663657 -0.105298 0.147927 1.667268 0.317189 0.150803 1.645964 -0.100342 -0.073238 1.645964 0.323146 -0.063026 1.617386 -0.097067 -0.133032 1.612391 0.318136 -0.129403 1.548878 0.101739 0.159201 1.675148 0.100372 0.097955 1.625910 0.028776 0.022935 1.614658 0.172036 0.030186 1.616819 0.032135 -0.383019 1.731878 0.179255 -0.335499 1.544058 0.051298 -0.686068 1.885359 0.190633 -0.719004 1.501189 0.050550 -0.762340 1.884974 0.188948 -0.772474 1.420379 
0.090562 0.662190 1.610239 0.104385 0.502124 1.645925 -0.057385 0.395102 1.650795 0.261618 0.394284 1.637597 -0.104182 0.147291 1.649300 0.323432 0.147710 1.614227 -0.100677 -0.074730 1.614227 0.326936 -0.066162 1.605325 -0.098817 -0.134102 1.603416 0.323255 -0.130473 1.516103 0.107654 0.157413 1.644481 0.106122 0.097115 1.593899 0.035847 0.022821 1.581161 0.177091 0.029706 1.583402 0.031303 -0.381532 1.701550 0.182687 -0.338387 1.516534 0.052660 -0.677632 1.858503 0.187585 -0.721541 1.508308 0.049764 -0.716198 1.777502 0.184846 -0.772289 1.427876 
0.090263 0.666630 1.597139 0.109732 0.503464 1.624633 -0.052789 0.393302 1.628176 0.264018 0.394222 1.613658 -0.102029 0.150621 1.635037 0.327937 0.150720 1.587529 -0.100328 -0.070990 1.587529 0.329839 -0.060952 1.588658 -0.098037 -0.132058 1.587977 0.329515 -0.126068 1.483333 0.111871 0.158893 1.622337 0.109794 0.098890 1.571173 0.038806 0.025480 1.561629 0.180796 0.031493 1.557392 0.028316 -0.367330 1.647670 0.186231 -0.335973 1.501489 0.051369 -0.672936 1.837955 0.183788 -0.718352 1.501104 0.048033 -0.711479 1.756933 0.180290 -0.770781 1.421650 
0.096129 0.667786 1.575530 0.112278 0.504076 1.602772 -0.049332 0.393293 1.607790 0.265425 0.391767 1.585999 -0.099790 0.152999 1.617185 0.334494 0.152556 1.557246 -0.098618 -0.068313 1.557246 0.333069 -0.058586 1.569462 -0.096086 -0.129521 1.568316 0.330244 -0.123242 1.449275 0.115406 0.159268 1.596499 0.112319 0.099950 1.544248 0.042151 0.028545 1.534833 0.182457 0.031803 1.528811 0.023017 -0.357795 1.606316 0.191198 -0.336523 1.486219 0.050207 -0.656456 1.797929 0.179982 -0.716692 1.504092 0.045054 -0.694917 1.716939 0.174153 -0.768593 1.425683 
0.100228 0.664407 1.545783 0.118702 0.503981 1.580199 -0.043466 0.389962 1.585724 0.269044 0.389171 1.562268 -0.097344 0.156613 1.601813 0.339556 0.153408 1.530440 -0.097581 -0.063291 1.530440 0.334966 -0.055963 1.546627 -0.093917 -0.125104 1.542199 0.331085 -0.117080 1.414778 0.118955 0.156331 1.572678 0.114925 0.096687 1.519810 0.044160 0.026601 1.513499 0.184298 0.027980 1.501179 0.020230 -0.351816 1.564047 0.192761 -0.340912 1.476085 0.048972 -0.648911 1.777196 0.179042 -0.719536 1.502857 0.043306 -0.687357 1.696210 0.172203 -0.771451 1.425738 
0.098804 0.666269 1.534058 0.121138 0.501971 1.558372 -0.039627 0.391581 1.568616 0.273869 0.387561 1.537400 -0.092436 0.158310 1.581983 0.344395 0.156626 1.502592 -0.097339 -0.060507 1.502592 0.338225 -0.050317 1.522327 -0.093034 -0.118712 1.514210 0.334702 -0.114700 1.381774 0.121259 0.155990 1.552152 0.115955 0.096621 1.499358 0.044896 0.026610 1.493531 0.185230 0.027526 1.480083 0.018813 -0.343202 1.524078 0.193890 -0.341115 1.467462 0.043834 -0.632231 1.746943 0.178177 -0.718571 1.499977 0.036304 -0.670713 1.666103 0.169121 -0.770551 1.423507 
0.104690 0.667400 1.515322 0.123451 0.502459 1.539342 -0.031453 0.392670 1.544987 0.276236 0.387623 1.516065 -0.088349 0.161026 1.566615 0.348710 0.160279 1.473501 -0.095917 -0.055331 1.473501 0.339959 -0.045433 1.497398 -0.091751 -0.117401 1.485965 0.339968 -0.112031 1.352192 0.122656 0.156305 1.532170 0.117479 0.097174 1.478869 0.046659 0.028499 1.475132 0.186197 0.028426 1.457758 0.016504 -0.337615 1.488529 0.194050 -0.339580 1.457585 0.042590 -0.611847 1.676244 0.178530 -0.715006 1.499690 0.035573 -0.650312 1.595320 0.169928 -0.766914 1.423610 
0.105723 0.670881 1.505976 0.126057 0.502218 1.518972 -0.027279 0.392170 1.528569 0.276691 0.385827 1.491922 -0.084563 0.159601 1.544930 0.352751 0.165734 1.443933 -0.095430 -0.055313 1.443933 0.340820 -0.040568 1.471436 -0.089082 -0.112748 1.454632 0.338902 -0.107892 1.319864 0.123768 0.155155 1.511434 0.116858 0.095994 1.457905 0.046602 0.028423 1.458374 0.183776 0.027321 1.432202 0.016163 -0.337995 1.456414 0.195594 -0.339099 1.449125 0.041137 -0.634220 1.669556 0.174926 -0.712985 1.496496 0.022097 -0.703772 1.694837 0.163354 -0.764944 1.420636 
0.109393 0.668496 1.483532 0.129008 0.500568 1.499304 -0.020484 0.392434 1.506587 0.276893 0.390487 1.470263 -0.080892 0.157952 1.524300 0.355134 0.166725 1.419217 -0.093800 -0.054354 1.419217 0.343081 -0.034973 1.442916 -0.085182 -0.109060 1.425675 0.338281 -0.100365 1.290932 0.125530 0.153792 1.492212 0.118127 0.094729 1.438588 0.048722 0.027341 1.440563 0.183776 0.027988 1.412457 0.012328 -0.338230 1.425174 0.196181 -0.336951 1.439607 0.029177 -0.582324 1.538342 0.173554 -0.708264 1.495377 0.019725 -0.620748 1.457762 0.161440 -0.760060 1.419880 
