43
-0.034111 0.611899 2.973365 -0.019775 0.437768 3.019664 -0.185058 0.320176 3.012935 0.127088 0.317029 2.995239 -0.205135 0.059588 2.982229 0.153118 0.072266 2.982752 -0.219120 -0.174200 2.982752 0.177712 -0.162164 2.914905 -0.214675 -0.247416 2.905630 0.167826 -0.251837 2.867195 -0.017625 0.081300 3.028538 -0.020031 0.018343 2.975287 -0.090450 -0.050361 2.969613 0.050373 -0.051879 2.961846 -0.098424 -0.536426 2.962881 0.080319 -0.522745 2.961569 -0.074825 -0.902879 3.000748 0.078277 -0.899739 2.958104 -0.092664 -0.963983 2.967066 0.078008 -0.945371 2.907667 
-0.033519 0.611864 2.971286 -0.019052 0.437613 3.016681 -0.184515 0.319951 3.011619 0.127620 0.316522 2.990981 -0.204937 0.059371 2.981938 0.154153 0.071577 2.980185 -0.218979 -0.174216 2.980185 0.178327 -0.162752 2.914859 -0.214528 -0.247424 2.905251 0.168684 -0.252289 2.866217 -0.016889 0.081356 3.026500 -0.019588 0.018328 2.973684 -0.090068 -0.050407 2.968589 0.050789 -0.051811 2.959922 -0.095589 -0.532425 2.943702 0.080401 -0.523059 2.959681 -0.073148 -0.900075 2.984965 0.078177 -0.899707 2.957926 -0.091707 -0.961742 2.950553 0.078015 -0.945063 2.907387 
-0.033075 0.611473 2.966620 -0.018091 0.437302 3.010818 -0.183953 0.319444 3.008696 0.128099 0.315808 2.983815 -0.204656 0.059048 2.981259 0.155730 0.070522 2.974967 -0.218792 -0.174202 2.974967 0.179142 -0.163203 2.914605 -0.214384 -0.247587 2.904289 0.169728 -0.252748 2.865027 -0.015904 0.081390 3.022322 -0.019004 0.018236 2.970328 -0.089541 -0.050555 2.966287 0.051309 -0.051838 2.956076 -0.093933 -0.528114 2.921309 0.080494 -0.523435 2.957320 -0.073534 -0.896090 2.951995 0.078086 -0.899682 2.957745 -0.092899 -0.957965 2.914165 0.078029 -0.944846 2.907172 
-0.032753 0.611036 2.960719 -0.017074 0.436889 3.003687 -0.183406 0.318834 3.004752 0.128489 0.315001 2.975152 -0.204307 0.058568 2.979894 0.157415 0.069295 2.968896 -0.218412 -0.174278 2.968896 0.180179 -0.163640 2.912900 -0.214381 -0.247881 2.902865 0.171019 -0.253261 2.863550 -0.014919 0.081349 3.016932 -0.018463 0.018050 2.965966 -0.089047 -0.050815 2.963244 0.051739 -0.051971 2.951008 -0.093197 -0.524100 2.897849 0.080563 -0.523881 2.954595 -0.075747 -0.891670 2.910763 0.077999 -0.899665 2.957555 -0.095441 -0.953123 2.865324 0.078047 -0.944712 2.907009 
-0.032810 0.610320 2.951503 -0.016251 0.436043 2.992018 -0.182906 0.318207 2.998019 0.128066 0.313644 2.960203 -0.204003 0.057665 2.975542 0.159110 0.067304 2.959205 -0.218247 -0.174433 2.959205 0.181438 -0.164536 2.910514 -0.214976 -0.248828 2.898636 0.172914 -0.253897 2.859110 -0.014160 0.080884 3.006880 -0.018410 0.017416 2.957415 -0.088969 -0.051457 2.956387 0.051553 -0.052431 2.941802 -0.094302 -0.522554 2.868850 0.080550 -0.524519 2.951118 -0.082135 -0.887542 2.855047 0.077915 -0.899621 2.957334 -0.102492 -0.947149 2.799417 0.078051 -0.944594 2.906895 
-0.034423 0.609386 2.936484 -0.016578 0.434901 2.975894 -0.183292 0.317327 2.984431 0.126821 0.312000 2.942192 -0.203953 0.057093 2.969230 0.160043 0.065407 2.943393 -0.218817 -0.173793 2.943393 0.182791 -0.166185 2.903843 -0.216383 -0.249519 2.892148 0.174988 -0.255133 2.851926 -0.014466 0.080428 2.992857 -0.019115 0.016750 2.945078 -0.089491 -0.052122 2.945848 0.050498 -0.052916 2.928674 -0.096520 -0.520718 2.839200 0.080353 -0.525160 2.946243 -0.089300 -0.883335 2.799671 0.077826 -0.899555 2.957069 -0.110037 -0.941898 2.736348 0.078041 -0.944510 2.906822 
-0.036401 0.608449 2.920375 -0.017235 0.433900 2.958516 -0.183979 0.316082 2.969226 0.125099 0.310809 2.922248 -0.204497 0.056374 2.959764 0.160802 0.063499 2.927012 -0.219694 -0.173441 2.927012 0.184098 -0.167820 2.896430 -0.218292 -0.250607 2.884553 0.177230 -0.256583 2.842690 -0.015129 0.080047 2.976434 -0.020227 0.016180 2.930237 -0.090459 -0.052719 2.932356 0.049078 -0.053279 2.913273 -0.099545 -0.518545 2.809834 0.079529 -0.525751 2.939195 -0.096238 -0.879887 2.749467 0.077729 -0.899457 2.956739 -0.117227 -0.937676 2.680195 0.078015 -0.944437 2.906759 
-0.040490 0.607419 2.896453 -0.019657 0.433298 2.934476 -0.186494 0.315859 2.947528 0.121580 0.310511 2.896295 -0.207077 0.055720 2.942401 0.159984 0.061881 2.902874 -0.222829 -0.172799 2.902874 0.183939 -0.169007 2.882504 -0.222711 -0.251977 2.870833 0.177868 -0.257658 2.824312 -0.018154 0.080255 2.952252 -0.023797 0.016258 2.907501 -0.093920 -0.052489 2.910621 0.045014 -0.053167 2.890010 -0.104220 -0.516020 2.778033 0.077215 -0.525909 2.926940 -0.102698 -0.876846 2.704618 0.077615 -0.899286 2.956112 -0.123911 -0.934222 2.631070 0.077991 -0.944359 2.906653 
-0.046124 0.606535 2.867425 -0.024813 0.432687 2.905284 -0.190909 0.315975 2.917531 0.115447 0.310753 2.864474 -0.212818 0.055593 2.915372 0.157060 0.060647 2.873108 -0.229414 -0.172489 2.873108 0.181117 -0.170669 2.859955 -0.230605 -0.251954 2.850784 0.176481 -0.258376 2.796076 -0.023919 0.080050 2.920868 -0.029966 0.015978 2.876982 -0.099777 -0.052375 2.880284 0.038266 -0.053157 2.859168 -0.110751 -0.515029 2.744359 0.070760 -0.526358 2.901509 -0.108633 -0.874276 2.664774 0.077442 -0.898771 2.953728 -0.130008 -0.931567 2.588318 0.077994 -0.944299 2.906337 
-0.055715 0.606691 2.827459 -0.034405 0.433516 2.866305 -0.200458 0.317622 2.876505 0.105789 0.313066 2.826567 -0.224466 0.055839 2.875408 0.147755 0.061035 2.830525 -0.242794 -0.173538 2.830525 0.171568 -0.171359 2.823917 -0.245337 -0.253039 2.815137 0.168188 -0.259165 2.746714 -0.034033 0.081558 2.878859 -0.040126 0.017544 2.835353 -0.109945 -0.050796 2.837090 0.027958 -0.051187 2.818324 -0.117386 -0.514685 2.708002 0.049378 -0.523586 2.841664 -0.114101 -0.872156 2.629126 0.075603 -0.893955 2.936567 -0.135433 -0.929437 2.551207 0.075580 -0.937745 2.884990 
-0.068173 0.606961 2.780926 -0.047271 0.434295 2.820811 -0.212543 0.318581 2.829460 0.093986 0.313740 2.783227 -0.240290 0.055260 2.829545 0.134863 0.059839 2.783038 -0.260499 -0.174384 2.783038 0.156914 -0.171310 2.778688 -0.265418 -0.253832 2.770853 0.154187 -0.258107 2.687096 -0.048200 0.082924 2.830831 -0.054485 0.018962 2.787428 -0.124609 -0.049271 2.787946 0.013417 -0.049642 2.770934 -0.124317 -0.515183 2.671898 0.019714 -0.517334 2.765071 -0.119053 -0.870321 2.597656 0.068949 -0.886512 2.899454 -0.139923 -0.927424 2.519417 0.071202 -0.934693 2.857627 
-0.080211 0.607113 2.736074 -0.059666 0.435094 2.778085 -0.224259 0.319577 2.785429 0.082468 0.314304 2.742637 -0.256250 0.055249 2.784854 0.122022 0.058834 2.738063 -0.278720 -0.174673 2.738063 0.142752 -0.171004 2.732565 -0.286508 -0.254748 2.721192 0.140194 -0.256821 2.630893 -0.061888 0.084203 2.785882 -0.068394 0.020318 2.742325 -0.139032 -0.047741 2.741193 -0.000505 -0.048210 2.726735 -0.134764 -0.514590 2.637208 -0.010168 -0.509356 2.686165 -0.123372 -0.868755 2.569972 0.055794 -0.879915 2.844741 -0.143842 -0.925648 2.491412 0.052229 -0.932441 2.808176 
-0.095005 0.607258 2.685351 -0.074262 0.436323 2.729335 -0.238919 0.320499 2.735668 0.068293 0.315586 2.697465 -0.275102 0.057111 2.735089 0.106711 0.059722 2.690131 -0.301814 -0.172989 2.690131 0.124584 -0.169575 2.677293 -0.312089 -0.252379 2.660548 0.122065 -0.253356 2.569948 -0.078136 0.086257 2.735767 -0.084869 0.022517 2.691905 -0.156159 -0.045431 2.688756 -0.016968 -0.045924 2.677840 -0.145886 -0.516074 2.605882 -0.039804 -0.505489 2.599550 -0.127015 -0.867964 2.542440 0.047485 -0.877890 2.797118 -0.147294 -0.924404 2.466297 0.027314 -0.931937 2.733136 
-0.108937 0.607625 2.638357 -0.087799 0.437487 2.684156 -0.252868 0.321716 2.689603 0.055054 0.316983 2.656024 -0.293009 0.058911 2.687751 0.092186 0.060314 2.645777 -0.324238 -0.170834 2.645777 0.108181 -0.168208 2.624009 -0.337357 -0.250078 2.599076 0.104986 -0.250533 2.514727 -0.093127 0.088440 2.689795 -0.100011 0.024901 2.645556 -0.171877 -0.042999 2.640665 -0.032085 -0.043504 2.632900 -0.155933 -0.518005 2.570265 -0.067799 -0.500594 2.515583 -0.130489 -0.866936 2.519257 0.018684 -0.872963 2.691913 -0.150508 -0.923194 2.443741 -0.001222 -0.930540 2.638480 
-0.122379 0.607889 2.592647 -0.101009 0.438542 2.639786 -0.266650 0.323605 2.645801 0.041955 0.319143 2.616844 -0.310531 0.060924 2.642079 0.076499 0.064509 2.603760 -0.346072 -0.168338 2.603760 0.092116 -0.166880 2.570519 -0.360539 -0.248105 2.541270 0.088919 -0.248066 2.463265 -0.107263 0.091054 2.645804 -0.114141 0.027766 2.601308 -0.186528 -0.040134 2.594485 -0.046056 -0.040628 2.590504 -0.168129 -0.517046 2.542393 -0.093123 -0.493769 2.437737 -0.134118 -0.865598 2.498480 -0.016118 -0.864391 2.577139 -0.153976 -0.921968 2.423586 -0.038091 -0.924493 2.531516 
-0.134938 0.608003 2.549871 -0.113985 0.439458 2.598099 -0.279884 0.325250 2.603633 0.028993 0.320545 2.578397 -0.327537 0.062722 2.597028 0.061964 0.065524 2.563293 -0.366660 -0.166451 2.563293 0.077019 -0.166200 2.517750 -0.382283 -0.246836 2.483305 0.074356 -0.245875 2.417571 -0.120927 0.093195 2.604014 -0.127776 0.030164 2.559094 -0.200476 -0.037758 2.550869 -0.059582 -0.038145 2.549573 -0.179991 -0.515281 2.516445 -0.114869 -0.484758 2.368784 -0.136821 -0.864638 2.480244 -0.053374 -0.850686 2.459956 -0.156385 -0.920658 2.405235 -0.075971 -0.907285 2.406029 
-0.147140 0.608083 2.508460 -0.127032 0.440041 2.558205 -0.292668 0.326250 2.563328 0.016364 0.321793 2.542021 -0.343480 0.064105 2.554402 0.048410 0.066716 2.526277 -0.384913 -0.164703 2.526277 0.063016 -0.165721 2.470073 -0.401432 -0.245621 2.430243 0.060277 -0.244735 2.375241 -0.133910 0.094962 2.564783 -0.140547 0.032145 2.519532 -0.213336 -0.035726 2.510051 -0.072220 -0.036068 2.511350 -0.189186 -0.508481 2.478983 -0.133398 -0.476150 2.310452 -0.139318 -0.862789 2.463314 -0.087620 -0.832108 2.351260 -0.158297 -0.917644 2.388044 -0.109951 -0.885096 2.290285 
-0.158803 0.608054 2.469467 -0.139903 0.440354 2.519279 -0.305542 0.326274 2.521576 0.003121 0.321875 2.504689 -0.358900 0.064806 2.510075 0.035713 0.067437 2.491916 -0.402168 -0.163227 2.491916 0.050556 -0.165314 2.419700 -0.418401 -0.244667 2.377898 0.047783 -0.243923 2.338171 -0.146528 0.095991 2.526546 -0.152805 0.033303 2.480929 -0.225627 -0.034531 2.470037 -0.084212 -0.034655 2.474497 -0.200545 -0.504194 2.453357 -0.149417 -0.468911 2.260164 -0.141638 -0.861569 2.448308 -0.112204 -0.824983 2.272314 -0.160137 -0.915645 2.373008 -0.134786 -0.877369 2.207332 
-0.170432 0.607200 2.430295 -0.151855 0.440269 2.483008 -0.317369 0.326012 2.483477 -0.009463 0.321293 2.469428 -0.372788 0.064848 2.468874 0.022687 0.068226 2.458101 -0.416982 -0.162167 2.458101 0.039150 -0.164900 2.374903 -0.433029 -0.243968 2.330886 0.036685 -0.243537 2.305326 -0.158251 0.096598 2.490642 -0.164260 0.034070 2.444546 -0.237090 -0.033820 2.432419 -0.095534 -0.033546 2.439273 -0.209169 -0.501166 2.431421 -0.163388 -0.462737 2.215603 -0.143776 -0.860320 2.434949 -0.134674 -0.818979 2.201251 -0.161760 -0.913550 2.359660 -0.157505 -0.870795 2.132710 
-0.182747 0.605888 2.389318 -0.164413 0.439722 2.442998 -0.329853 0.324596 2.441794 -0.023599 0.319928 2.429054 -0.386099 0.063174 2.424278 0.008531 0.068523 2.421038 -0.430317 -0.161990 2.421038 0.027975 -0.164033 2.328852 -0.445389 -0.244091 2.284112 0.026597 -0.243052 2.275467 -0.170738 0.096225 2.450569 -0.176595 0.033796 2.403764 -0.249185 -0.034036 2.391161 -0.108007 -0.033280 2.398949 -0.220545 -0.496407 2.405700 -0.176099 -0.456956 2.172096 -0.145983 -0.858858 2.422804 -0.154909 -0.814825 2.138075 -0.163430 -0.912375 2.349916 -0.177961 -0.866111 2.067180 
-0.194347 0.604847 2.350936 -0.176092 0.439285 2.405666 -0.341295 0.323114 2.402620 -0.036868 0.318877 2.390658 -0.397864 0.061498 2.382559 -0.004462 0.068417 2.386564 -0.441719 -0.162019 2.386564 0.017706 -0.164372 2.287390 -0.455944 -0.244135 2.242896 0.017539 -0.242996 2.248696 -0.182682 0.095657 2.412459 -0.188500 0.033320 2.364804 -0.260818 -0.034475 2.352004 -0.120233 -0.033123 2.359899 -0.231459 -0.491632 2.379878 -0.188281 -0.452401 2.135919 -0.148149 -0.857257 2.411861 -0.171965 -0.810931 2.080334 -0.165128 -0.909921 2.339338 -0.194890 -0.861529 2.006575 
-0.206280 0.604774 2.309487 -0.188572 0.439572 2.364131 -0.352990 0.322259 2.358962 -0.051576 0.317788 2.345870 -0.408947 0.059638 2.337768 -0.018129 0.067817 2.347302 -0.451478 -0.162347 2.347302 0.007938 -0.164275 2.245513 -0.464918 -0.243936 2.202185 0.008988 -0.243161 2.223697 -0.195511 0.095245 2.369255 -0.201393 0.032989 2.320509 -0.273196 -0.034425 2.308050 -0.133717 -0.032765 2.314756 -0.242889 -0.488567 2.343838 -0.199275 -0.447858 2.100353 -0.150433 -0.855361 2.401503 -0.187304 -0.807992 2.029855 -0.166760 -0.907796 2.329299 -0.210157 -0.858119 1.954095 
-0.220916 0.605186 2.254709 -0.202770 0.440357 2.306692 -0.364938 0.327433 2.309038 -0.068716 0.319085 2.285932 -0.420418 0.061914 2.282765 -0.033893 0.067379 2.291001 -0.461159 -0.161400 2.291001 -0.004611 -0.164484 2.196206 -0.474077 -0.242233 2.155241 -0.001685 -0.244426 2.186641 -0.209676 0.096332 2.311060 -0.216370 0.034412 2.261388 -0.287080 -0.031934 2.250124 -0.150038 -0.030938 2.254133 -0.263859 -0.474847 2.265449 -0.210219 -0.444016 2.063281 -0.167394 -0.842955 2.363889 -0.200603 -0.805034 1.985365 -0.183850 -0.892634 2.290689 -0.223675 -0.854531 1.907875 
-0.234436 0.605494 2.203176 -0.215485 0.440992 2.253017 -0.375730 0.332274 2.262230 -0.084279 0.319951 2.229434 -0.430365 0.063771 2.232910 -0.048761 0.066822 2.235652 -0.469432 -0.160829 2.235652 -0.016524 -0.164505 2.150287 -0.482262 -0.241448 2.111060 -0.012488 -0.246164 2.145696 -0.222263 0.096750 2.257063 -0.229769 0.035002 2.206659 -0.299470 -0.030302 2.197081 -0.164641 -0.030061 2.197642 -0.282083 -0.462117 2.185060 -0.219652 -0.441112 2.030171 -0.186901 -0.830833 2.317600 -0.212585 -0.802586 1.945313 -0.203549 -0.877751 2.243425 -0.235882 -0.851415 1.866210 
-0.247173 0.605753 2.152882 -0.227255 0.441598 2.200385 -0.385887 0.336740 2.216054 -0.098651 0.320500 2.174712 -0.439461 0.065223 2.184308 -0.062408 0.066436 2.180766 -0.476894 -0.160329 2.180766 -0.028170 -0.163968 2.106237 -0.489382 -0.240844 2.069919 -0.022651 -0.247355 2.101912 -0.233800 0.097167 2.205349 -0.242028 0.035503 2.154563 -0.310847 -0.028882 2.146252 -0.177921 -0.029274 2.144570 -0.299507 -0.449767 2.106778 -0.227564 -0.438650 2.000399 -0.205550 -0.825492 2.274772 -0.223853 -0.800674 1.909242 -0.222049 -0.870320 2.200559 -0.247255 -0.848799 1.828623 
-0.258835 0.606202 2.105960 -0.237868 0.442245 2.150824 -0.396495 0.337620 2.167338 -0.111922 0.320895 2.123056 -0.447773 0.064795 2.139994 -0.074658 0.065884 2.127792 -0.483628 -0.160041 2.127792 -0.039260 -0.163062 2.065198 -0.495813 -0.240258 2.030123 -0.032584 -0.247608 2.054518 -0.244545 0.097213 2.156379 -0.253131 0.035550 2.105138 -0.321211 -0.028122 2.098706 -0.189882 -0.028965 2.093320 -0.315581 -0.437974 2.028876 -0.234293 -0.436243 1.973043 -0.221780 -0.820016 2.230638 -0.234143 -0.799341 1.877045 -0.237596 -0.862290 2.156608 -0.257504 -0.846746 1.795012 
-0.269783 0.607152 2.061061 -0.247489 0.443070 2.104299 -0.406356 0.338373 2.123565 -0.123990 0.321592 2.074918 -0.455540 0.064475 2.097549 -0.085545 0.065328 2.077076 -0.489631 -0.159554 2.077076 -0.049642 -0.161958 2.025311 -0.501467 -0.239526 1.993643 -0.041916 -0.247456 2.003425 -0.253991 0.097509 2.110810 -0.263033 0.035825 2.059324 -0.330615 -0.027443 2.054354 -0.200360 -0.028511 2.046309 -0.329498 -0.427549 1.958629 -0.240098 -0.433966 1.948243 -0.239509 -0.815929 2.179183 -0.243351 -0.798402 1.848388 -0.254871 -0.856208 2.105364 -0.266674 -0.845153 1.765155 
-0.280058 0.607942 2.018606 -0.256494 0.443887 2.060337 -0.415443 0.338786 2.081110 -0.134877 0.322393 2.029633 -0.462449 0.064454 2.058289 -0.095184 0.064778 2.028296 -0.495011 -0.158793 2.028296 -0.058988 -0.160039 1.988382 -0.506552 -0.238675 1.958573 -0.050918 -0.246362 1.949209 -0.262701 0.097793 2.067945 -0.272069 0.036061 2.016291 -0.339130 -0.026874 2.013102 -0.209924 -0.028059 2.001787 -0.342402 -0.417555 1.892364 -0.245115 -0.431728 1.925423 -0.258685 -0.812447 2.116766 -0.251511 -0.797720 1.823488 -0.273270 -0.851091 2.044306 -0.274675 -0.843977 1.739389 
-0.290274 0.608674 1.973407 -0.265120 0.444770 2.014308 -0.424522 0.339140 2.036449 -0.145426 0.323427 1.982790 -0.469156 0.064434 2.017262 -0.103657 0.065919 1.976937 -0.500419 -0.157801 1.976937 -0.068735 -0.155257 1.949150 -0.511790 -0.237944 1.921427 -0.061631 -0.242056 1.882907 -0.271217 0.098262 2.023288 -0.280924 0.036481 1.971604 -0.347583 -0.026192 1.970012 -0.219237 -0.027438 1.955940 -0.354760 -0.409384 1.831850 -0.249248 -0.429318 1.903232 -0.278584 -0.808858 2.030143 -0.258807 -0.796925 1.801781 -0.292201 -0.847128 1.956836 -0.281740 -0.842818 1.717176 
-0.299308 0.609293 1.932311 -0.272678 0.445482 1.971830 -0.432471 0.339143 1.995166 -0.154759 0.324172 1.939934 -0.475203 0.064349 1.979573 -0.111037 0.067514 1.929858 -0.505244 -0.156954 1.929858 -0.077487 -0.149642 1.913199 -0.516450 -0.237385 1.886888 -0.072207 -0.235367 1.818225 -0.278812 0.098559 1.982253 -0.288837 0.036702 1.930644 -0.355158 -0.025724 1.930643 -0.227572 -0.027006 1.913910 -0.365616 -0.402408 1.778403 -0.252785 -0.427173 1.883124 -0.295874 -0.805893 1.950016 -0.265149 -0.796390 1.783601 -0.308491 -0.843981 1.876070 -0.287750 -0.841914 1.698720 
-0.307728 0.609849 1.892888 -0.279647 0.445979 1.931674 -0.440010 0.339179 1.956318 -0.163287 0.324676 1.899174 -0.480754 0.064155 1.943150 -0.117688 0.069407 1.885121 -0.509672 -0.156212 1.885121 -0.086022 -0.142871 1.878316 -0.520576 -0.236791 1.853373 -0.082202 -0.228582 1.756945 -0.285979 0.098741 1.942773 -0.296388 0.036878 1.891173 -0.362556 -0.025392 1.892320 -0.235472 -0.026723 1.873404 -0.375246 -0.396702 1.731338 -0.255762 -0.425303 1.864002 -0.310519 -0.803034 1.871659 -0.270598 -0.795959 1.768608 -0.322132 -0.840890 1.795975 -0.292833 -0.840972 1.683585 
-0.315497 0.610212 1.855735 -0.286102 0.446261 1.893790 -0.447297 0.338178 1.917208 -0.170957 0.325255 1.861399 -0.485951 0.063807 1.908562 -0.123603 0.071503 1.843838 -0.513838 -0.155648 1.843838 -0.093825 -0.136211 1.845089 -0.524431 -0.236546 1.821242 -0.092032 -0.220493 1.697696 -0.292772 0.098754 1.905589 -0.303329 0.036871 1.854006 -0.369402 -0.025280 1.856030 -0.242655 -0.026644 1.835604 -0.383954 -0.391814 1.688594 -0.258192 -0.423624 1.845844 -0.321748 -0.800759 1.801364 -0.275460 -0.795570 1.755928 -0.331722 -0.838421 1.724495 -0.297131 -0.840096 1.670916 
-0.322617 0.610159 1.820499 -0.292102 0.446360 1.857988 -0.453959 0.337303 1.881328 -0.178061 0.325466 1.825317 -0.490745 0.063444 1.875471 -0.128953 0.073484 1.804825 -0.517647 -0.155139 1.804825 -0.101201 -0.129777 1.812026 -0.527942 -0.237019 1.789459 -0.101040 -0.213318 1.643734 -0.299085 0.098448 1.869504 -0.309906 0.036584 1.817813 -0.375953 -0.025413 1.820520 -0.249446 -0.026985 1.798515 -0.391568 -0.387719 1.649197 -0.260113 -0.422081 1.827758 -0.332211 -0.799548 1.741075 -0.279697 -0.794983 1.745387 -0.341260 -0.837185 1.663843 -0.300873 -0.839096 1.660625 
-0.329152 0.609819 1.787053 -0.297586 0.446301 1.824049 -0.460344 0.336118 1.845624 -0.184226 0.325847 1.792828 -0.495161 0.063280 1.842949 -0.133894 0.075121 1.767915 -0.521285 -0.154521 1.767915 -0.108075 -0.123989 1.781149 -0.531066 -0.237434 1.759941 -0.109324 -0.206994 1.593881 -0.305035 0.098178 1.835153 -0.315808 0.036369 1.783333 -0.381958 -0.025560 1.785673 -0.255424 -0.027309 1.763981 -0.398391 -0.384205 1.613703 -0.261665 -0.420670 1.808260 -0.341707 -0.798492 1.683515 -0.283227 -0.794138 1.736126 -0.349497 -0.836237 1.605391 -0.303625 -0.837776 1.651897 
-0.335518 0.608456 1.751675 -0.303473 0.446289 1.788337 -0.465598 0.338643 1.811207 -0.190600 0.325831 1.757300 -0.499951 0.065219 1.806035 -0.139482 0.076254 1.729177 -0.524922 -0.152234 1.729177 -0.114903 -0.119565 1.744607 -0.534476 -0.236704 1.726636 -0.117054 -0.202457 1.546316 -0.311170 0.098043 1.798089 -0.322216 0.036385 1.746089 -0.388162 -0.025004 1.747849 -0.262171 -0.027414 1.726850 -0.405091 -0.381018 1.578677 -0.262758 -0.419081 1.778833 -0.349549 -0.797137 1.633309 -0.286777 -0.793451 1.725665 -0.356767 -0.834880 1.554783 -0.306748 -0.836654 1.641582 
-0.341285 0.606993 1.718917 -0.308933 0.446284 1.755585 -0.471013 0.336994 1.772489 -0.196298 0.325999 1.724957 -0.504682 0.065966 1.770718 -0.144669 0.077177 1.693810 -0.529051 -0.150812 1.693810 -0.121161 -0.115826 1.710977 -0.538225 -0.236671 1.694878 -0.124013 -0.198722 1.504366 -0.317228 0.097543 1.763445 -0.327969 0.035956 1.711072 -0.393769 -0.025187 1.711853 -0.268113 -0.027762 1.692144 -0.410660 -0.378709 1.547216 -0.264977 -0.418288 1.742996 -0.357465 -0.796414 1.589806 -0.289042 -0.792387 1.716105 -0.363828 -0.834167 1.510878 -0.308019 -0.834950 1.632140 
-0.346446 0.605625 1.687659 -0.314274 0.446227 1.723879 -0.475908 0.335359 1.736344 -0.201309 0.326210 1.695019 -0.509740 0.066244 1.735081 -0.149615 0.077873 1.660997 -0.533123 -0.149727 1.660997 -0.126786 -0.112877 1.675336 -0.542384 -0.237024 1.662521 -0.130188 -0.195750 1.467276 -0.322976 0.096818 1.730145 -0.333316 0.035252 1.677522 -0.399043 -0.025732 1.677312 -0.273514 -0.028406 1.659021 -0.415419 -0.377049 1.518573 -0.268990 -0.418904 1.701893 -0.364919 -0.795795 1.551496 -0.289064 -0.789900 1.707024 -0.370552 -0.833501 1.472232 -0.306674 -0.831585 1.623162 
-0.351353 0.603678 1.653100 -0.320431 0.446336 1.690710 -0.480413 0.333865 1.696605 -0.206517 0.326423 1.663047 -0.516164 0.066402 1.695803 -0.155069 0.077202 1.627576 -0.538789 -0.148868 1.627576 -0.132558 -0.111647 1.636690 -0.547362 -0.237771 1.625898 -0.135697 -0.193464 1.434356 -0.329174 0.095907 1.694932 -0.338835 0.034319 1.641994 -0.404288 -0.026360 1.640275 -0.279044 -0.029064 1.624498 -0.419834 -0.375397 1.492234 -0.275906 -0.418662 1.651772 -0.373891 -0.794820 1.517212 -0.295061 -0.791584 1.672764 -0.378697 -0.832352 1.437711 -0.310798 -0.832706 1.589562 
-0.355870 0.601549 1.620609 -0.326257 0.446464 1.660312 -0.484526 0.332048 1.659907 -0.211250 0.326649 1.633835 -0.522306 0.066458 1.659209 -0.160018 0.076459 1.597615 -0.544275 -0.148196 1.597615 -0.137683 -0.110699 1.599116 -0.552508 -0.237728 1.590321 -0.140643 -0.191424 1.405106 -0.334759 0.095132 1.662849 -0.343692 0.033528 1.609627 -0.408840 -0.026933 1.606161 -0.283863 -0.029561 1.593323 -0.423669 -0.374010 1.468146 -0.284446 -0.417703 1.602912 -0.383189 -0.793515 1.486894 -0.304227 -0.792768 1.633532 -0.387261 -0.830718 1.407211 -0.317933 -0.833414 1.551065 
-0.359798 0.599142 1.585003 -0.332695 0.446777 1.627685 -0.488343 0.329536 1.620361 -0.216321 0.326197 1.602223 -0.529446 0.066681 1.619310 -0.165229 0.076974 1.568429 -0.551319 -0.146921 1.568429 -0.142305 -0.109498 1.556454 -0.559313 -0.235665 1.547346 -0.145100 -0.189334 1.378987 -0.340285 0.094294 1.629047 -0.348246 0.032591 1.575635 -0.413011 -0.027633 1.569957 -0.288211 -0.029984 1.561532 -0.426596 -0.373146 1.444483 -0.292191 -0.415020 1.537723 -0.394147 -0.787881 1.457488 -0.312312 -0.791285 1.566932 -0.394966 -0.821497 1.378921 -0.323516 -0.830908 1.485432 
-0.363257 0.596806 1.552005 -0.338742 0.447136 1.597773 -0.492055 0.327342 1.584591 -0.220992 0.326076 1.573403 -0.536164 0.067243 1.582538 -0.170011 0.077479 1.542221 -0.558515 -0.144972 1.542221 -0.146621 -0.108484 1.515483 -0.566493 -0.232867 1.503284 -0.149196 -0.187513 1.355395 -0.345275 0.093911 1.598212 -0.352293 0.032208 1.544612 -0.416702 -0.027843 1.536873 -0.291999 -0.029969 1.532494 -0.429158 -0.372335 1.422794 -0.297630 -0.412774 1.493203 -0.405060 -0.781455 1.431048 -0.320149 -0.788837 1.502204 -0.402840 -0.810579 1.353317 -0.329076 -0.827568 1.421333 
-0.365889 0.593942 1.516549 -0.345752 0.447246 1.565338 -0.496290 0.324761 1.546875 -0.226244 0.326022 1.542599 -0.544299 0.067879 1.541957 -0.175111 0.077819 1.516016 -0.567635 -0.142073 1.516016 -0.150781 -0.107809 1.467057 -0.574955 -0.227972 1.451712 -0.153066 -0.186089 1.334229 -0.350164 0.093763 1.565916 -0.355985 0.032066 1.512389 -0.419949 -0.027814 1.501861 -0.295232 -0.029758 1.503388 -0.431685 -0.371807 1.402079 -0.302851 -0.409876 1.449518 -0.416688 -0.774380 1.406552 -0.328225 -0.785077 1.435396 -0.412313 -0.797778 1.329183 -0.335049 -0.823612 1.354568 
-0.368057 0.591141 1.483758 -0.352227 0.447261 1.535409 -0.500083 0.322198 1.512391 -0.231282 0.325845 1.513802 -0.551870 0.068572 1.504725 -0.179864 0.078103 1.492151 -0.576209 -0.139058 1.492151 -0.154684 -0.107399 1.422166 -0.582819 -0.222602 1.403283 -0.156774 -0.185082 1.315349 -0.354489 0.093604 1.536375 -0.359195 0.031905 1.482892 -0.422701 -0.027784 1.470067 -0.298020 -0.029538 1.476328 -0.436253 -0.371728 1.382365 -0.307625 -0.407036 1.409124 -0.432535 -0.765547 1.385717 -0.335680 -0.781414 1.372800 -0.424773 -0.783637 1.309088 -0.340671 -0.819937 1.291864 
