99
-0.203211 0.482995 3.702299 -0.183811 0.267912 3.702495 -0.385262 0.162710 3.705650 -0.022047 0.164265 3.701978 -0.446351 -0.124770 3.677515 0.119658 -0.111996 3.731712 -0.454491 -0.377529 3.731712 0.128862 -0.365088 3.570605 -0.454712 -0.449941 3.535349 0.146982 -0.426476 3.577209 -0.164411 -0.122427 3.704391 -0.160752 -0.191545 3.643044 -0.240204 -0.275679 3.627658 -0.072277 -0.269680 3.629897 -0.227334 -0.793858 3.563276 -0.044525 -0.761266 3.610305 -0.216131 -1.103465 3.370037 -0.057057 -1.157475 3.760352 -0.229253 -1.142299 3.287640 -0.040424 -1.189132 3.683944 
-0.211264 0.483521 3.683463 -0.192093 0.270096 3.683873 -0.394158 0.165067 3.684774 -0.028317 0.164749 3.684060 -0.455011 -0.123703 3.653248 0.112464 -0.110841 3.715868 -0.463510 -0.370985 3.715868 0.123424 -0.361280 3.540247 -0.462619 -0.445124 3.503350 0.140261 -0.423740 3.563119 -0.171041 -0.119451 3.683566 -0.167055 -0.188033 3.621932 -0.246407 -0.272195 3.605289 -0.077955 -0.266402 3.609361 -0.230166 -0.791120 3.552511 -0.046540 -0.755069 3.571583 -0.216027 -1.103733 3.367837 -0.058455 -1.152935 3.719110 -0.227984 -1.142015 3.284760 -0.039430 -1.187932 3.654588 
-0.218890 0.483941 3.665030 -0.199892 0.272273 3.666124 -0.402515 0.167162 3.664073 -0.034529 0.165176 3.665196 -0.463030 -0.122575 3.629358 0.105079 -0.110097 3.699240 -0.471634 -0.365181 3.699240 0.118240 -0.358120 3.511697 -0.469998 -0.440594 3.471798 0.133302 -0.421281 3.548383 -0.177355 -0.116613 3.663425 -0.173155 -0.184669 3.601418 -0.252402 -0.268919 3.583579 -0.083555 -0.263160 3.589242 -0.232940 -0.788672 3.542175 -0.048821 -0.748900 3.534380 -0.215901 -1.104399 3.366208 -0.059904 -1.147252 3.663983 -0.227424 -1.144849 3.286001 -0.041090 -1.187922 3.612671 
-0.226207 0.484377 3.646511 -0.207370 0.274409 3.648133 -0.410280 0.168962 3.643955 -0.040305 0.165737 3.646987 -0.470874 -0.120976 3.605967 0.097795 -0.109081 3.682966 -0.479301 -0.359258 3.682966 0.113272 -0.355024 3.484164 -0.476565 -0.436183 3.442418 0.126905 -0.419021 3.534740 -0.183476 -0.113884 3.643541 -0.179035 -0.181478 3.581284 -0.258102 -0.265914 3.562793 -0.089051 -0.259983 3.569157 -0.235627 -0.786428 3.532406 -0.051312 -0.742722 3.493817 -0.215789 -1.105273 3.365010 -0.061420 -1.140269 3.599922 -0.227097 -1.148315 3.288309 -0.040588 -1.186081 3.559517 
-0.233153 0.484724 3.627485 -0.214320 0.276364 3.630625 -0.417494 0.170552 3.623578 -0.045623 0.166283 3.629711 -0.478470 -0.118928 3.581313 0.091021 -0.108106 3.667818 -0.485705 -0.353216 3.667818 0.108566 -0.352096 3.455889 -0.482117 -0.431058 3.410714 0.120974 -0.416966 3.521995 -0.189401 -0.111338 3.624348 -0.184631 -0.178490 3.561920 -0.263663 -0.263077 3.542378 -0.094231 -0.257026 3.550237 -0.238287 -0.784380 3.523024 -0.053746 -0.737431 3.455791 -0.215634 -1.106356 3.364141 -0.062040 -1.131531 3.525684 -0.226954 -1.152215 3.291334 -0.042430 -1.177312 3.479422 
-0.239501 0.485062 3.608268 -0.220835 0.278131 3.613487 -0.423926 0.171822 3.602205 -0.050546 0.166817 3.612450 -0.485169 -0.117405 3.558019 0.084817 -0.107453 3.653368 -0.491227 -0.348106 3.653368 0.104284 -0.349569 3.429322 -0.486843 -0.426951 3.381347 0.115618 -0.415154 3.510367 -0.195100 -0.109092 3.605675 -0.189924 -0.175841 3.543146 -0.268897 -0.260562 3.522684 -0.099153 -0.254373 3.532023 -0.240817 -0.782615 3.514045 -0.056427 -0.733034 3.420123 -0.215401 -1.107948 3.363620 -0.062451 -1.123210 3.446421 -0.226714 -1.156423 3.294026 -0.043922 -1.168459 3.392757 
-0.245154 0.485571 3.589063 -0.226680 0.280112 3.594107 -0.429631 0.172863 3.580790 -0.054981 0.167267 3.595321 -0.491464 -0.115500 3.533328 0.079053 -0.106797 3.639591 -0.495879 -0.343748 3.639591 0.100226 -0.347206 3.404594 -0.490751 -0.422954 3.355037 0.110638 -0.413376 3.498481 -0.200635 -0.106922 3.586707 -0.195054 -0.173462 3.524321 -0.274036 -0.258315 3.503248 -0.103984 -0.252028 3.513925 -0.243302 -0.781035 3.505256 -0.059313 -0.729570 3.384518 -0.215257 -1.109718 3.363425 -0.063087 -1.114231 3.364372 -0.226804 -1.161067 3.297489 -0.042193 -1.163890 3.308714 
-0.249826 0.486203 3.569657 -0.232297 0.282043 3.573139 -0.434563 0.173622 3.557148 -0.058378 0.167649 3.576625 -0.497158 -0.113778 3.508677 0.073531 -0.106354 3.625073 -0.499461 -0.339845 3.625073 0.096209 -0.345012 3.380220 -0.493575 -0.420018 3.328943 0.105698 -0.411972 3.486132 -0.206060 -0.104732 3.565700 -0.200009 -0.171032 3.503491 -0.279095 -0.256163 3.481522 -0.108597 -0.249745 3.494075 -0.245810 -0.779981 3.496447 -0.062412 -0.726419 3.346760 -0.215122 -1.111776 3.363290 -0.063156 -1.102871 3.270124 -0.226962 -1.165448 3.300187 -0.041025 -1.154137 3.210160 
-0.253798 0.486714 3.548483 -0.237315 0.283905 3.552747 -0.438782 0.174189 3.534604 -0.061534 0.167755 3.556262 -0.502227 -0.111647 3.484300 0.068106 -0.106302 3.608915 -0.502150 -0.336132 3.608915 0.092447 -0.343538 3.355975 -0.495748 -0.417038 3.304728 0.101101 -0.410623 3.473925 -0.210848 -0.102809 3.545020 -0.204512 -0.168907 3.482834 -0.283673 -0.254310 3.460307 -0.112861 -0.247659 3.474027 -0.248241 -0.779283 3.487885 -0.065358 -0.723220 3.311784 -0.215089 -1.114043 3.363462 -0.064184 -1.089560 3.185341 -0.227205 -1.169836 3.302951 -0.040468 -1.142346 3.118487 
-0.256840 0.487209 3.525779 -0.241501 0.285348 3.531160 -0.441954 0.174413 3.510652 -0.064053 0.167886 3.536581 -0.506560 -0.109523 3.461639 0.063080 -0.106408 3.591604 -0.504134 -0.332715 3.591604 0.089015 -0.342436 3.333377 -0.497182 -0.414373 3.281604 0.096906 -0.409951 3.459632 -0.215211 -0.101138 3.523996 -0.208461 -0.167071 3.462018 -0.287726 -0.252759 3.439076 -0.116625 -0.245826 3.453916 -0.250632 -0.778930 3.479189 -0.067944 -0.720543 3.276353 -0.215120 -1.116403 3.363787 -0.065054 -1.078504 3.106253 -0.227654 -1.174332 3.305920 -0.042050 -1.130098 3.032942 
-0.258979 0.487597 3.504307 -0.245040 0.286688 3.510064 -0.443956 0.174371 3.485910 -0.065662 0.167974 3.516786 -0.509969 -0.107817 3.438142 0.058481 -0.106691 3.573148 -0.505406 -0.330010 3.573148 0.085680 -0.341700 3.311883 -0.498049 -0.412016 3.260021 0.093151 -0.409454 3.445781 -0.219076 -0.099708 3.502930 -0.211862 -0.165470 3.441063 -0.291250 -0.251428 3.417461 -0.119877 -0.244246 3.433723 -0.252920 -0.778851 3.470289 -0.070405 -0.718168 3.243564 -0.215235 -1.118646 3.364166 -0.066010 -1.068871 3.038475 -0.228757 -1.179126 3.309884 -0.043216 -1.121485 2.959937 
-0.259890 0.487849 3.481959 -0.247744 0.287727 3.487763 -0.444801 0.174244 3.460241 -0.066411 0.168190 3.496920 -0.512579 -0.106108 3.414305 0.054567 -0.107110 3.554987 -0.505658 -0.327693 3.554987 0.082674 -0.341127 3.291046 -0.498276 -0.410170 3.240110 0.089443 -0.410750 3.429780 -0.222468 -0.098468 3.481088 -0.214738 -0.164076 3.419426 -0.294292 -0.250313 3.395518 -0.122662 -0.242860 3.412648 -0.255086 -0.779122 3.461149 -0.072685 -0.716350 3.211180 -0.215372 -1.120968 3.364662 -0.067131 -1.059901 2.978449 -0.229064 -1.182922 3.312128 -0.044341 -1.113720 2.896050 
-0.259624 0.488222 3.459015 -0.249380 0.288514 3.464363 -0.444829 0.174212 3.435054 -0.066278 0.168415 3.475548 -0.514063 -0.105045 3.390830 0.051584 -0.108025 3.535594 -0.504990 -0.326228 3.535594 0.080145 -0.341094 3.270679 -0.497458 -0.409589 3.220486 0.086228 -0.411621 3.413773 -0.225040 -0.097342 3.458407 -0.216946 -0.162797 3.396926 -0.296611 -0.249317 3.372526 -0.124962 -0.241541 3.390948 -0.257150 -0.779914 3.451493 -0.074794 -0.714600 3.181230 -0.215483 -1.123192 3.365102 -0.068102 -1.052248 2.926429 -0.229615 -1.187015 3.314629 -0.045417 -1.107101 2.840785 
-0.258437 0.488624 3.435289 -0.249948 0.289380 3.440195 -0.443630 0.174079 3.409398 -0.065181 0.168491 3.453611 -0.514915 -0.103786 3.368557 0.049160 -0.109076 3.514932 -0.503626 -0.324695 3.514932 0.078044 -0.341461 3.250690 -0.496284 -0.408549 3.202218 0.083698 -0.412774 3.397643 -0.226799 -0.096197 3.434573 -0.218355 -0.161492 3.373195 -0.298213 -0.248243 3.348368 -0.126506 -0.240211 3.367826 -0.259153 -0.780547 3.440240 -0.076627 -0.712700 3.152734 -0.215626 -1.125309 3.365473 -0.068989 -1.045732 2.881027 -0.230669 -1.191349 3.317913 -0.046565 -1.100562 2.792447 
-0.255014 0.489443 3.408281 -0.247683 0.290787 3.412215 -0.440348 0.174626 3.380444 -0.062000 0.169326 3.427377 -0.514123 -0.101325 3.343581 0.048118 -0.109859 3.487856 -0.501496 -0.322809 3.487856 0.076727 -0.341223 3.230196 -0.494192 -0.407420 3.182350 0.081739 -0.415496 3.369447 -0.226783 -0.094692 3.406454 -0.218194 -0.159819 3.345016 -0.298526 -0.246909 3.320759 -0.126660 -0.238306 3.338803 -0.261192 -0.780915 3.425158 -0.078145 -0.710393 3.123827 -0.215791 -1.127211 3.365678 -0.069771 -1.040049 2.840570 -0.231777 -1.195381 3.321284 -0.047579 -1.094979 2.749474 
-0.250090 0.490895 3.378623 -0.243741 0.292661 3.382124 -0.435833 0.175413 3.350768 -0.057926 0.170244 3.400594 -0.511830 -0.099479 3.316674 0.048362 -0.109904 3.459218 -0.497821 -0.321709 3.459218 0.076121 -0.340369 3.207993 -0.491384 -0.405851 3.161652 0.080418 -0.417763 3.342149 -0.225364 -0.092872 3.376847 -0.216633 -0.157933 3.315498 -0.297042 -0.245201 3.290381 -0.125841 -0.236332 3.310032 -0.263222 -0.780797 3.407948 -0.079411 -0.707924 3.095755 -0.215913 -1.128955 3.365777 -0.070396 -1.034956 2.804109 -0.232417 -1.198401 3.323189 -0.048338 -1.090146 2.710869 
-0.244439 0.492656 3.350294 -0.239111 0.294999 3.351682 -0.430264 0.176521 3.320947 -0.052308 0.172196 3.372721 -0.508967 -0.097474 3.290951 0.049840 -0.109627 3.429809 -0.493649 -0.320428 3.429809 0.076774 -0.339451 3.185597 -0.488250 -0.404161 3.141794 0.080527 -0.418021 3.312184 -0.222931 -0.090640 3.346998 -0.214066 -0.155667 3.285727 -0.294888 -0.243354 3.261084 -0.123567 -0.233817 3.279808 -0.264747 -0.780099 3.387531 -0.080191 -0.705089 3.069561 -0.216019 -1.130499 3.365706 -0.071013 -1.030506 2.771265 -0.233090 -1.201199 3.324932 -0.049121 -1.085775 2.676121 
-0.237845 0.495082 3.321606 -0.234026 0.297350 3.322649 -0.424407 0.177881 3.292593 -0.046177 0.174493 3.344366 -0.505212 -0.094535 3.265467 0.052918 -0.108612 3.395972 -0.489022 -0.318390 3.395972 0.078641 -0.337890 3.163209 -0.484679 -0.402366 3.122389 0.081829 -0.419288 3.274748 -0.219628 -0.088347 3.317304 -0.210750 -0.153244 3.255881 -0.291780 -0.241119 3.230899 -0.120715 -0.231259 3.249900 -0.266268 -0.779201 3.364276 -0.080725 -0.702438 3.045477 -0.216121 -1.132029 3.365518 -0.071641 -1.026781 2.742458 -0.233722 -1.203862 3.326481 -0.050098 -1.081801 2.645683 
-0.229635 0.498056 3.290376 -0.226686 0.300494 3.289595 -0.417130 0.180303 3.262379 -0.038008 0.177913 3.310960 -0.499864 -0.090081 3.237944 0.057808 -0.105659 3.357060 -0.482794 -0.315231 3.357060 0.082255 -0.333459 3.137539 -0.479201 -0.398497 3.098095 0.085172 -0.415427 3.228246 -0.214443 -0.085072 3.283537 -0.205895 -0.149818 3.221982 -0.287294 -0.237841 3.196841 -0.116406 -0.227824 3.215756 -0.267412 -0.776748 3.331390 -0.080800 -0.699681 3.021792 -0.216489 -1.133365 3.363431 -0.072313 -1.023854 2.717892 -0.233645 -1.204545 3.322114 -0.051395 -1.078316 2.619815 
-0.220935 0.501376 3.259810 -0.219203 0.303792 3.257184 -0.409063 0.183264 3.232129 -0.029637 0.181554 3.277673 -0.493796 -0.085306 3.210428 0.063398 -0.102187 3.317285 -0.476370 -0.311652 3.317285 0.086706 -0.329145 3.112185 -0.473879 -0.394548 3.074258 0.089363 -0.411163 3.181574 -0.208998 -0.081533 3.250521 -0.200784 -0.146135 3.188893 -0.282454 -0.234115 3.163623 -0.111921 -0.224199 3.182545 -0.268399 -0.770033 3.289005 -0.080646 -0.696989 2.999795 -0.217256 -1.132821 3.358128 -0.073022 -1.021712 2.697682 -0.233464 -1.201428 3.312071 -0.052872 -1.075335 2.598633 
-0.212497 0.504847 3.231186 -0.211578 0.307318 3.225983 -0.400837 0.186268 3.202952 -0.021071 0.185270 3.245010 -0.487248 -0.080665 3.183053 0.069939 -0.098224 3.276551 -0.469365 -0.307574 3.276551 0.092203 -0.323491 3.084904 -0.468137 -0.390190 3.050290 0.093846 -0.406261 3.135887 -0.203111 -0.077887 3.218262 -0.195265 -0.142345 3.156476 -0.277327 -0.230232 3.131707 -0.106812 -0.220473 3.149101 -0.268989 -0.761223 3.241699 -0.080372 -0.694449 2.979567 -0.218341 -1.130269 3.349518 -0.073703 -1.020372 2.681966 -0.233264 -1.195065 3.297201 -0.054499 -1.072887 2.582271 
-0.203640 0.508495 3.202060 -0.204040 0.310608 3.196444 -0.393015 0.189300 3.175635 -0.012532 0.188983 3.213529 -0.480546 -0.075854 3.156861 0.077040 -0.093888 3.236860 -0.462721 -0.303412 3.236860 0.097781 -0.318015 3.058936 -0.461984 -0.385394 3.024864 0.099934 -0.399016 3.084967 -0.197082 -0.074295 3.187218 -0.189675 -0.138528 3.125201 -0.272185 -0.226256 3.100698 -0.101544 -0.216857 3.116832 -0.269889 -0.753131 3.195827 -0.080007 -0.692058 2.960913 -0.220085 -1.127512 3.337975 -0.074375 -1.019765 2.670529 -0.233719 -1.188374 3.278874 -0.056310 -1.070943 2.570552 
-0.195113 0.512152 3.173822 -0.196660 0.313743 3.168583 -0.385092 0.192502 3.149156 -0.004282 0.192754 3.183536 -0.474053 -0.071286 3.132763 0.084075 -0.089023 3.199035 -0.456244 -0.299037 3.199035 0.104106 -0.311367 3.033871 -0.456020 -0.380719 3.000427 0.106014 -0.392131 3.038110 -0.191145 -0.070807 3.157637 -0.184152 -0.134784 3.095347 -0.267086 -0.222294 3.071223 -0.096354 -0.213278 3.085847 -0.270464 -0.744289 3.145968 -0.079647 -0.689910 2.943985 -0.222091 -1.123080 3.321136 -0.074977 -1.019819 2.663147 -0.235345 -1.186154 3.267702 -0.058083 -1.069484 2.563164 
-0.186891 0.515782 3.146942 -0.189525 0.316982 3.142258 -0.377477 0.195662 3.124268 0.003743 0.196819 3.153408 -0.467517 -0.066788 3.109875 0.091771 -0.083103 3.161624 -0.449938 -0.294680 3.161624 0.110506 -0.304493 3.009598 -0.450223 -0.376155 2.977309 0.112718 -0.384359 2.992700 -0.185136 -0.067404 3.129418 -0.178712 -0.131172 3.066859 -0.262086 -0.218465 3.043445 -0.091175 -0.209727 3.055856 -0.270905 -0.735292 3.096074 -0.079247 -0.688036 2.928537 -0.223534 -1.118039 3.297382 -0.075443 -1.020397 2.659412 -0.238019 -1.183301 3.252831 -0.060027 -1.068431 2.559739 
-0.179220 0.519158 3.121919 -0.182698 0.320257 3.117267 -0.370275 0.198772 3.101167 0.011265 0.200736 3.125526 -0.461178 -0.062388 3.088590 0.099152 -0.077392 3.126537 -0.443854 -0.290089 3.126537 0.117118 -0.296596 2.986070 -0.444426 -0.371620 2.954621 0.119822 -0.375940 2.946588 -0.179450 -0.064050 3.103035 -0.173596 -0.127671 3.040297 -0.257358 -0.214710 3.017478 -0.086353 -0.206368 3.028143 -0.270934 -0.726379 3.046669 -0.078747 -0.686323 2.914416 -0.225637 -1.113331 3.263925 -0.075847 -1.021437 2.658838 -0.242897 -1.180443 3.228407 -0.061945 -1.067786 2.559741 
-0.172110 0.522514 3.098398 -0.176149 0.323476 3.093340 -0.363384 0.201854 3.079256 0.018458 0.204724 3.099409 -0.454850 -0.058335 3.068070 0.106291 -0.071851 3.092912 -0.438021 -0.285946 3.092912 0.123893 -0.288548 2.963723 -0.439022 -0.367372 2.933430 0.126285 -0.368331 2.905646 -0.174047 -0.060743 3.078272 -0.168744 -0.124264 3.015441 -0.252926 -0.211126 2.993484 -0.081739 -0.203119 3.002069 -0.270598 -0.716999 2.996438 -0.078202 -0.684809 2.901595 -0.227230 -1.106245 3.216731 -0.076188 -1.022859 2.660949 -0.248189 -1.175364 3.190729 -0.063761 -1.067516 2.562644 
-0.165545 0.525768 3.076190 -0.169854 0.326744 3.070600 -0.356826 0.204921 3.058363 0.025172 0.208443 3.075328 -0.448982 -0.054563 3.049146 0.113107 -0.066704 3.061684 -0.432639 -0.282066 3.061684 0.130116 -0.281419 2.942995 -0.434051 -0.363382 2.913816 0.132690 -0.360333 2.865308 -0.168821 -0.057451 3.054814 -0.163991 -0.120896 2.991897 -0.248609 -0.207639 2.970893 -0.077155 -0.199912 2.977302 -0.270044 -0.707046 2.947239 -0.077619 -0.683459 2.889930 -0.229064 -1.098935 3.155281 -0.076552 -1.024723 2.665306 -0.253977 -1.168991 3.137957 -0.065444 -1.067713 2.567860 
-0.159399 0.528875 3.054956 -0.163888 0.329809 3.049334 -0.350747 0.207867 3.038903 0.031420 0.212038 3.051393 -0.443301 -0.051133 3.031195 0.119450 -0.061895 3.033136 -0.427627 -0.278618 3.033136 0.136113 -0.274244 2.923691 -0.429522 -0.359666 2.895602 0.138482 -0.353056 2.829108 -0.163658 -0.054386 3.032680 -0.159407 -0.117758 2.969685 -0.244373 -0.204310 2.949394 -0.072775 -0.196939 2.954100 -0.268927 -0.696635 2.900112 -0.076995 -0.682255 2.879336 -0.229288 -1.090812 3.083028 -0.077825 -1.026899 2.670644 -0.251844 -1.154620 3.049243 -0.068264 -1.068313 2.574108 
-0.153784 0.531707 3.034256 -0.158397 0.332579 3.029550 -0.345098 0.210630 3.020536 0.037076 0.215293 3.029173 -0.437919 -0.047966 3.014286 0.125565 -0.057110 3.005974 -0.423050 -0.275514 3.005974 0.141464 -0.267811 2.905735 -0.425386 -0.356219 2.878681 0.143712 -0.346277 2.794906 -0.158906 -0.051575 3.011959 -0.155187 -0.114851 2.948849 -0.240455 -0.201172 2.929259 -0.068763 -0.194204 2.932220 -0.267546 -0.685713 2.854566 -0.076369 -0.681175 2.869692 -0.232398 -1.077923 2.997935 -0.079022 -1.029165 2.677013 -0.252343 -1.134490 2.946927 -0.070874 -1.069072 2.581338 
-0.148783 0.534402 3.014975 -0.153233 0.335312 3.010703 -0.339912 0.213311 3.003279 0.042208 0.218262 3.007523 -0.432844 -0.045132 2.998395 0.131140 -0.052654 2.980929 -0.418971 -0.272761 2.980929 0.146358 -0.261670 2.889001 -0.421453 -0.353315 2.861861 0.148386 -0.339945 2.763831 -0.154326 -0.048905 2.992317 -0.151178 -0.112126 2.929131 -0.236724 -0.198200 2.910304 -0.064942 -0.191661 2.911512 -0.265981 -0.674750 2.812186 -0.075726 -0.680194 2.860915 -0.235652 -1.059604 2.907121 -0.080016 -1.031511 2.684194 -0.253098 -1.108892 2.840607 -0.073317 -1.070013 2.589349 
-0.144370 0.536852 2.997219 -0.148389 0.337858 2.991351 -0.335230 0.215789 2.987000 0.046837 0.221070 2.986984 -0.428118 -0.042638 2.983398 0.136221 -0.048529 2.957328 -0.415309 -0.270372 2.957328 0.150622 -0.256232 2.873458 -0.417946 -0.350772 2.846462 0.152461 -0.334197 2.735856 -0.150052 -0.046310 2.973508 -0.147484 -0.109560 2.910420 -0.233309 -0.195439 2.892656 -0.061411 -0.189306 2.891816 -0.264242 -0.664551 2.773394 -0.075032 -0.679292 2.852882 -0.237579 -1.051589 2.838914 -0.080832 -1.033946 2.691898 -0.253555 -1.097215 2.763634 -0.075518 -1.071196 2.597853 
-0.140485 0.539146 2.980255 -0.144000 0.340101 2.973592 -0.330874 0.218156 2.970845 0.050917 0.223660 2.967359 -0.423739 -0.040441 2.969394 0.140806 -0.044751 2.935579 -0.412139 -0.268473 2.935579 0.154459 -0.251253 2.858617 -0.414864 -0.348628 2.832099 0.156001 -0.329036 2.710637 -0.146148 -0.043993 2.955827 -0.144086 -0.107219 2.892741 -0.230150 -0.192886 2.876020 -0.058171 -0.187153 2.873059 -0.262330 -0.654723 2.737703 -0.074332 -0.678458 2.845471 -0.239244 -1.043258 2.771316 -0.081474 -1.036362 2.699800 -0.253584 -1.085969 2.687871 -0.077358 -1.072434 2.606439 
-0.137075 0.541193 2.962756 -0.140062 0.342181 2.956771 -0.326944 0.220252 2.955037 0.054432 0.226081 2.948720 -0.419663 -0.038689 2.955818 0.144915 -0.041204 2.915329 -0.409388 -0.266873 2.915329 0.157846 -0.246682 2.844819 -0.412141 -0.346832 2.818511 0.159087 -0.324364 2.687747 -0.142493 -0.041931 2.938546 -0.140870 -0.105121 2.875368 -0.227065 -0.190519 2.859320 -0.055109 -0.185222 2.854900 -0.260488 -0.645730 2.705340 -0.073597 -0.677693 2.838627 -0.240598 -1.034564 2.704479 -0.082049 -1.038732 2.707719 -0.253192 -1.075007 2.613277 -0.078992 -1.073706 2.614943 
-0.134169 0.543033 2.945604 -0.136449 0.344019 2.940355 -0.323493 0.222178 2.940050 0.057426 0.228381 2.930340 -0.415857 -0.037408 2.942104 0.148560 -0.037975 2.895998 -0.406967 -0.265772 2.895998 0.160858 -0.242676 2.831243 -0.409758 -0.345401 2.805756 0.161733 -0.320206 2.666815 -0.139115 -0.040044 2.921894 -0.137988 -0.103200 2.858675 -0.224316 -0.188342 2.843543 -0.052376 -0.183486 2.837152 -0.258626 -0.637392 2.675673 -0.072818 -0.676971 2.832235 -0.241964 -1.025832 2.640546 -0.082585 -1.041033 2.715284 -0.253091 -1.064310 2.542609 -0.080595 -1.075025 2.623031 
-0.131881 0.544716 2.928632 -0.133617 0.345496 2.923625 -0.320590 0.223974 2.925236 0.060061 0.230526 2.913052 -0.412405 -0.036409 2.928773 0.151713 -0.035176 2.877834 -0.404911 -0.264962 2.877834 0.163262 -0.239243 2.818523 -0.407715 -0.344246 2.793819 0.163946 -0.316553 2.647707 -0.136164 -0.038281 2.905476 -0.135428 -0.101396 2.842257 -0.221866 -0.186353 2.827994 -0.049847 -0.181902 2.819855 -0.256839 -0.629930 2.648767 -0.072058 -0.676527 2.826142 -0.243015 -1.017485 2.580631 -0.083038 -1.043206 2.722418 -0.252657 -1.054219 2.476962 -0.081953 -1.076320 2.630652 
-0.130064 0.546095 2.912141 -0.131358 0.346741 2.906798 -0.318263 0.225513 2.909958 0.061954 0.232338 2.895053 -0.409290 -0.035693 2.915176 0.154352 -0.032731 2.860548 -0.403328 -0.264537 2.860548 0.165193 -0.236330 2.805511 -0.406170 -0.343447 2.781867 0.165715 -0.313389 2.629957 -0.133615 -0.036757 2.889049 -0.133270 -0.099838 2.825869 -0.219791 -0.184588 2.812347 -0.047668 -0.180552 2.802953 -0.255150 -0.623174 2.623975 -0.071256 -0.676113 2.820227 -0.243920 -1.010265 2.526416 -0.083416 -1.045154 2.728812 -0.252298 -1.045565 2.418046 -0.083185 -1.077482 2.637499 
-0.128964 0.547259 2.894443 -0.129519 0.347823 2.890320 -0.316441 0.226831 2.894075 0.063264 0.233851 2.877525 -0.406641 -0.035345 2.900984 0.156609 -0.030575 2.844285 -0.402232 -0.264464 2.844285 0.166699 -0.233775 2.792838 -0.405131 -0.343111 2.769418 0.167146 -0.310645 2.613817 -0.131499 -0.035556 2.872495 -0.131479 -0.098605 2.809232 -0.218016 -0.183085 2.796361 -0.045897 -0.179510 2.785728 -0.253544 -0.617079 2.601051 -0.070454 -0.675803 2.814426 -0.244596 -1.004005 2.477284 -0.083782 -1.046939 2.734637 -0.251744 -1.038073 2.365002 -0.084268 -1.078551 2.643734 
-0.128604 0.548116 2.876620 -0.128303 0.348762 2.873576 -0.315281 0.227945 2.877886 0.063783 0.235112 2.859568 -0.404620 -0.035526 2.884992 0.158218 -0.028647 2.828495 -0.401761 -0.264983 2.828495 0.167803 -0.231633 2.779003 -0.404580 -0.343213 2.756898 0.168264 -0.308284 2.599130 -0.129876 -0.034510 2.855664 -0.130180 -0.097525 2.792338 -0.216664 -0.181745 2.780300 -0.044631 -0.178599 2.768020 -0.251951 -0.611398 2.579429 -0.069703 -0.675802 2.808414 -0.245024 -0.998713 2.433718 -0.084100 -1.048570 2.739932 -0.251128 -1.031773 2.318192 -0.085254 -1.079540 2.649410 
-0.129060 0.548762 2.858186 -0.127879 0.349567 2.855609 -0.315045 0.228667 2.859714 0.063688 0.236178 2.841601 -0.403220 -0.035828 2.869041 0.159263 -0.027062 2.813086 -0.401813 -0.265732 2.813086 0.168393 -0.229982 2.764905 -0.404654 -0.343587 2.743396 0.168968 -0.306322 2.585518 -0.128859 -0.033504 2.837874 -0.129322 -0.096476 2.774517 -0.215704 -0.180426 2.762850 -0.043728 -0.177732 2.749923 -0.250368 -0.606243 2.559297 -0.069014 -0.675978 2.802020 -0.245102 -0.994069 2.394404 -0.084415 -1.050175 2.744744 -0.250195 -1.026233 2.276076 -0.086103 -1.080570 2.654575 
-0.130540 0.549294 2.838464 -0.128088 0.350233 2.837472 -0.315532 0.229542 2.840809 0.062511 0.237158 2.822429 -0.402597 -0.036446 2.851056 0.159490 -0.025901 2.797371 -0.402777 -0.267013 2.797371 0.168287 -0.228932 2.748540 -0.405804 -0.344387 2.727248 0.169312 -0.304708 2.572946 -0.128407 -0.032656 2.819515 -0.129047 -0.095555 2.756065 -0.215277 -0.179171 2.744649 -0.043413 -0.176976 2.731253 -0.248837 -0.601414 2.539900 -0.068346 -0.676232 2.794872 -0.245152 -0.990042 2.359545 -0.084711 -1.051666 2.749125 -0.249398 -1.021402 2.238715 -0.086902 -1.081543 2.659266 
-0.132818 0.549871 2.818323 -0.129089 0.350938 2.818696 -0.317152 0.230446 2.821306 0.060635 0.238077 2.802933 -0.402803 -0.036961 2.830959 0.159113 -0.024854 2.782126 -0.404582 -0.268190 2.782126 0.167654 -0.228114 2.730837 -0.407368 -0.345153 2.710473 0.169177 -0.303504 2.561233 -0.128649 -0.031701 2.800355 -0.129433 -0.094494 2.736786 -0.215525 -0.177854 2.725489 -0.043700 -0.176138 2.711691 -0.247435 -0.597034 2.521917 -0.067749 -0.676797 2.786498 -0.245186 -0.986424 2.328063 -0.084968 -1.052996 2.752996 -0.248672 -1.017066 2.204959 -0.087612 -1.082407 2.663412 
-0.135925 0.550778 2.797652 -0.131116 0.351781 2.798204 -0.320156 0.231425 2.799729 0.057750 0.238934 2.782354 -0.403874 -0.037245 2.809832 0.157784 -0.023796 2.766505 -0.407144 -0.269701 2.766505 0.166601 -0.227527 2.710108 -0.409847 -0.346166 2.689920 0.168455 -0.302586 2.550048 -0.129777 -0.030476 2.779702 -0.130601 -0.093147 2.716067 -0.216464 -0.176389 2.705197 -0.044767 -0.174949 2.690456 -0.246226 -0.592848 2.504227 -0.067460 -0.676990 2.775709 -0.245263 -0.983149 2.299661 -0.085199 -1.054083 2.756286 -0.248023 -1.013186 2.174481 -0.088260 -1.083068 2.666952 
-0.139868 0.551933 2.776336 -0.134365 0.352677 2.775978 -0.324115 0.232585 2.777015 0.053964 0.239862 2.760932 -0.405910 -0.037322 2.786117 0.155589 -0.022824 2.750143 -0.410470 -0.270172 2.750143 0.164804 -0.227285 2.686922 -0.412635 -0.346560 2.667553 0.167094 -0.301983 2.539132 -0.131676 -0.029105 2.757930 -0.132427 -0.091679 2.694334 -0.218033 -0.174840 2.683623 -0.046349 -0.173649 2.668678 -0.245226 -0.589087 2.487599 -0.067422 -0.677110 2.762525 -0.245330 -0.980208 2.273943 -0.085405 -1.055049 2.759232 -0.247360 -1.009827 2.146925 -0.088835 -1.083650 2.670115 
-0.145111 0.553322 2.752947 -0.138111 0.353666 2.754343 -0.328937 0.234034 2.752951 0.049174 0.241225 2.738448 -0.408840 -0.036914 2.761186 0.152478 -0.021911 2.733253 -0.414540 -0.269923 2.733253 0.162198 -0.227268 2.661673 -0.416550 -0.346088 2.639842 0.165360 -0.301339 2.528458 -0.134436 -0.027638 2.735238 -0.135141 -0.089977 2.671369 -0.220580 -0.172989 2.660123 -0.048840 -0.172000 2.645567 -0.244459 -0.585574 2.471379 -0.067671 -0.676835 2.745905 -0.245363 -0.977595 2.250698 -0.085623 -1.055659 2.761427 -0.246638 -1.007046 2.122279 -0.089338 -1.083925 2.672492 
-0.150669 0.554871 2.730242 -0.143401 0.355131 2.730911 -0.334334 0.235710 2.728612 0.043989 0.242698 2.716285 -0.412882 -0.035792 2.734469 0.148439 -0.020705 2.715647 -0.419159 -0.269025 2.715647 0.158954 -0.227159 2.633915 -0.420798 -0.345226 2.611821 0.163053 -0.300765 2.517905 -0.138151 -0.025737 2.711472 -0.138605 -0.087914 2.647560 -0.223698 -0.170869 2.636047 -0.051986 -0.169990 2.621864 -0.243823 -0.582336 2.456245 -0.068052 -0.675989 2.724689 -0.245332 -0.975334 2.229778 -0.085848 -1.055935 2.762724 -0.245847 -1.004842 2.100483 -0.089750 -1.083924 2.673929 
-0.156911 0.556668 2.707054 -0.149080 0.356818 2.707989 -0.340695 0.237630 2.702546 0.037623 0.244444 2.692603 -0.417825 -0.034120 2.705314 0.143575 -0.019334 2.697249 -0.424891 -0.266953 2.697249 0.154866 -0.226974 2.602746 -0.426192 -0.343104 2.577987 0.159857 -0.300141 2.506457 -0.142247 -0.023805 2.687652 -0.142399 -0.085810 2.623571 -0.227097 -0.168747 2.611346 -0.055450 -0.167807 2.598170 -0.243418 -0.579458 2.441915 -0.068247 -0.674603 2.700713 -0.245205 -0.973478 2.211107 -0.086050 -1.055441 2.762262 -0.244957 -1.003262 2.081468 -0.090018 -1.083207 2.673545 
-0.163541 0.558720 2.683423 -0.155125 0.358756 2.685205 -0.347240 0.239587 2.676606 0.031031 0.246179 2.669270 -0.423228 -0.032166 2.676378 0.138190 -0.017669 2.678409 -0.431026 -0.263884 2.678409 0.150263 -0.226558 2.569591 -0.431343 -0.340572 2.543948 0.155784 -0.299330 2.493721 -0.146768 -0.021812 2.663475 -0.146555 -0.083647 2.599179 -0.230904 -0.166581 2.585754 -0.059211 -0.165477 2.574422 -0.243272 -0.576988 2.428104 -0.068099 -0.671734 2.670354 -0.244992 -0.972085 2.194685 -0.086514 -1.053011 2.758056 -0.243994 -1.002302 2.065242 -0.090357 -1.080630 2.669343 
-0.170574 0.560755 2.659713 -0.162222 0.360947 2.661233 -0.354225 0.241793 2.650497 0.023788 0.248144 2.645343 -0.429498 -0.029197 2.645214 0.132184 -0.015877 2.659316 -0.437296 -0.260198 2.659316 0.145029 -0.225821 2.534937 -0.436970 -0.337455 2.505596 0.151267 -0.298433 2.480906 -0.151838 -0.019581 2.638927 -0.151186 -0.081302 2.574548 -0.235147 -0.164257 2.559812 -0.063337 -0.162948 2.550827 -0.243352 -0.574812 2.415015 -0.067928 -0.667092 2.635370 -0.244752 -0.971087 2.180425 -0.086995 -1.048919 2.750607 -0.243070 -1.001858 2.051683 -0.090624 -1.076481 2.661842 
-0.178131 0.562959 2.634959 -0.169605 0.363260 2.637359 -0.361367 0.244050 2.624153 0.016669 0.250198 2.622621 -0.436224 -0.025314 2.613728 0.125678 -0.013823 2.639682 -0.443791 -0.255775 2.639682 0.139482 -0.224810 2.499780 -0.442357 -0.333686 2.467531 0.145631 -0.296949 2.466254 -0.157311 -0.017250 2.614578 -0.156055 -0.078872 2.550214 -0.239603 -0.161850 2.534123 -0.067691 -0.160326 2.527717 -0.243620 -0.572952 2.402570 -0.067569 -0.661197 2.597118 -0.244463 -0.970515 2.168357 -0.087577 -1.041806 2.736665 -0.242058 -1.001885 2.040823 -0.090597 -1.069400 2.647798 
-0.185538 0.565261 2.610991 -0.177086 0.365640 2.613848 -0.368597 0.246384 2.598181 0.009363 0.252290 2.599918 -0.442957 -0.021335 2.583018 0.118932 -0.011489 2.620234 -0.450346 -0.250621 2.620234 0.133551 -0.223420 2.464398 -0.447712 -0.329254 2.428423 0.139722 -0.295378 2.451355 -0.162878 -0.014887 2.590718 -0.161018 -0.076428 2.526381 -0.244148 -0.159490 2.508898 -0.072142 -0.157655 2.505178 -0.244047 -0.571370 2.390767 -0.067094 -0.654682 2.556895 -0.244173 -0.970299 2.158238 -0.088312 -1.033990 2.719829 -0.241102 -1.002326 2.032290 -0.090668 -1.061671 2.630810 
-0.192862 0.567544 2.587239 -0.184464 0.367960 2.591079 -0.375874 0.248997 2.572565 0.002225 0.254439 2.578143 -0.450215 -0.016712 2.551011 0.111804 -0.008923 2.600557 -0.456768 -0.244649 2.600557 0.127415 -0.221962 2.427947 -0.452805 -0.324266 2.389289 0.133338 -0.293520 2.434741 -0.168488 -0.012478 2.567410 -0.165953 -0.073895 2.503091 -0.248707 -0.156991 2.483932 -0.076541 -0.154957 2.483325 -0.244643 -0.570107 2.379458 -0.066688 -0.647516 2.515155 -0.243865 -0.970479 2.150090 -0.089863 -1.025437 2.695808 -0.240130 -1.003038 2.026042 -0.091263 -1.053267 2.606568 
-0.200014 0.569782 2.563904 -0.192153 0.370323 2.567716 -0.382933 0.251497 2.547012 -0.004743 0.256605 2.557103 -0.457421 -0.012024 2.519949 0.104281 -0.006238 2.580823 -0.462822 -0.238697 2.580823 0.121253 -0.220395 2.392181 -0.457685 -0.319247 2.351075 0.126855 -0.291633 2.417703 -0.174167 -0.010001 2.544432 -0.170829 -0.071363 2.480301 -0.253117 -0.154590 2.459800 -0.080890 -0.152178 2.462030 -0.245382 -0.569083 2.368756 -0.066435 -0.638831 2.470794 -0.243459 -0.970994 2.143985 -0.092099 -1.012098 2.658948 -0.239014 -1.004077 2.022182 -0.092112 -1.040216 2.569486 
-0.206859 0.572082 2.541381 -0.199404 0.372554 2.545709 -0.389663 0.253920 2.522547 -0.011518 0.258680 2.536498 -0.464499 -0.007287 2.489404 0.097031 -0.003597 2.562046 -0.468587 -0.232596 2.562046 0.115260 -0.218628 2.356491 -0.462320 -0.313939 2.312715 0.120473 -0.289526 2.400753 -0.179630 -0.007633 2.522365 -0.175554 -0.068904 2.458333 -0.257433 -0.152283 2.436259 -0.085105 -0.149465 2.441590 -0.246243 -0.568267 2.358543 -0.066142 -0.629318 2.426604 -0.242975 -0.971756 2.139718 -0.093630 -0.994733 2.608425 -0.237867 -1.005321 2.020372 -0.092190 -1.023166 2.518601 
-0.213360 0.574341 2.519627 -0.206468 0.374789 2.524346 -0.396202 0.256278 2.498294 -0.018056 0.260724 2.516744 -0.471322 -0.002646 2.459492 0.089813 -0.000929 2.543482 -0.473793 -0.226709 2.543482 0.109206 -0.216903 2.321993 -0.466571 -0.308733 2.276969 0.114352 -0.287545 2.384329 -0.185018 -0.005340 2.500955 -0.180132 -0.066540 2.437057 -0.261586 -0.150072 2.413295 -0.089185 -0.146854 2.422015 -0.247192 -0.567719 2.348813 -0.066283 -0.619730 2.383243 -0.242409 -0.972707 2.137005 -0.094710 -0.986489 2.572800 -0.236597 -1.006676 2.020244 -0.092156 -1.015126 2.482728 
-0.219373 0.576558 2.498523 -0.213157 0.377070 2.503395 -0.402400 0.258632 2.474582 -0.024415 0.262646 2.497410 -0.477791 0.001868 2.430602 0.082673 0.001150 2.525054 -0.478593 -0.220915 2.525054 0.103420 -0.215495 2.288835 -0.470299 -0.303595 2.242301 0.108402 -0.285777 2.368065 -0.190167 -0.003131 2.480262 -0.184478 -0.064317 2.416539 -0.265503 -0.148042 2.391173 -0.093089 -0.144355 2.403269 -0.248302 -0.567298 2.339535 -0.066614 -0.609758 2.340268 -0.241699 -0.973778 2.135785 -0.095497 -0.979023 2.531463 -0.235174 -1.008107 2.021698 -0.091764 -1.007898 2.441135 
-0.225073 0.578691 2.477654 -0.219511 0.379158 2.482963 -0.408196 0.260923 2.451813 -0.030413 0.264435 2.478903 -0.484038 0.006368 2.402562 0.075857 0.002914 2.507287 -0.482810 -0.215450 2.507287 0.097709 -0.214346 2.257393 -0.473527 -0.298735 2.210200 0.102785 -0.284363 2.352443 -0.195105 -0.001067 2.460176 -0.188615 -0.062241 2.396644 -0.269205 -0.146200 2.369863 -0.096837 -0.141968 2.385004 -0.249511 -0.567044 2.330716 -0.067449 -0.600537 2.299415 -0.240858 -0.974919 2.135920 -0.094484 -0.972764 2.482897 -0.233616 -1.009553 2.024536 -0.089497 -1.001898 2.392280 
-0.230283 0.580753 2.457660 -0.225510 0.381119 2.463364 -0.413590 0.263113 2.429396 -0.035992 0.266130 2.461068 -0.489761 0.010574 2.376360 0.069364 0.004394 2.490199 -0.486416 -0.210467 2.490199 0.092386 -0.213477 2.227831 -0.476294 -0.294050 2.180193 0.097524 -0.283219 2.337517 -0.199894 0.000880 2.440836 -0.192594 -0.060278 2.377490 -0.272776 -0.144490 2.349185 -0.100458 -0.139710 2.367534 -0.250777 -0.567106 2.322324 -0.068195 -0.591507 2.260225 -0.239960 -0.976090 2.137203 -0.093126 -0.967050 2.429634 -0.231981 -1.010973 2.028501 -0.086795 -0.996441 2.338760 
-0.235055 0.582606 2.437676 -0.231042 0.383074 2.444117 -0.418490 0.265248 2.407935 -0.041273 0.267781 2.443356 -0.495057 0.014520 2.351253 0.063254 0.005778 2.473955 -0.489491 -0.205920 2.473955 0.087265 -0.212771 2.200084 -0.478558 -0.289750 2.152175 0.092631 -0.282280 2.323329 -0.204346 0.002735 2.422043 -0.196312 -0.058446 2.358874 -0.276058 -0.142933 2.329360 -0.103927 -0.137549 2.350433 -0.252034 -0.567416 2.314392 -0.069145 -0.583257 2.223463 -0.239029 -0.977269 2.139415 -0.090940 -0.961806 2.370718 -0.230389 -1.012354 2.033289 -0.083389 -0.991472 2.279595 
-0.239250 0.584331 2.416628 -0.236146 0.384895 2.423674 -0.422870 0.267321 2.384541 -0.046187 0.269275 2.424764 -0.499902 0.018410 2.325711 0.057095 0.006673 2.456713 -0.491926 -0.201929 2.456713 0.082424 -0.212609 2.173029 -0.480375 -0.285987 2.125529 0.087985 -0.281927 2.309521 -0.208609 0.004415 2.402162 -0.199764 -0.056811 2.339197 -0.279053 -0.141574 2.308430 -0.107216 -0.135573 2.332378 -0.253376 -0.568205 2.306201 -0.070675 -0.574918 2.186631 -0.238016 -0.978346 2.142437 -0.087554 -0.955894 2.300723 -0.228650 -1.013580 2.038804 -0.078532 -0.985977 2.209324 
-0.242816 0.585930 2.395288 -0.240817 0.386514 2.402395 -0.426681 0.269174 2.361730 -0.050630 0.270494 2.406130 -0.504184 0.022069 2.301589 0.051394 0.007155 2.439976 -0.493877 -0.198559 2.439976 0.077800 -0.212798 2.147844 -0.481739 -0.282802 2.100812 0.083656 -0.281874 2.296539 -0.212502 0.005916 2.382252 -0.202881 -0.055411 2.319581 -0.281734 -0.140440 2.287930 -0.110191 -0.133839 2.314324 -0.254754 -0.569255 2.298039 -0.072180 -0.567066 2.152532 -0.236991 -0.979365 2.146055 -0.083656 -0.949732 2.231293 -0.226955 -1.014716 2.044767 -0.073242 -0.980789 2.139265 
-0.245749 0.587297 2.374022 -0.244869 0.387966 2.381476 -0.429925 0.270893 2.339143 -0.054593 0.271449 2.387138 -0.507950 0.025653 2.277953 0.046133 0.007422 2.423391 -0.495385 -0.195660 2.423391 0.073517 -0.213231 2.124739 -0.482780 -0.280059 2.078084 0.079675 -0.281988 2.284349 -0.216030 0.007202 2.362389 -0.205702 -0.054230 2.299938 -0.284177 -0.139492 2.267375 -0.112931 -0.132359 2.296180 -0.256287 -0.570733 2.289648 -0.073731 -0.559920 2.121935 -0.235972 -0.980246 2.150026 -0.080001 -0.941745 2.158786 -0.225316 -1.015669 2.050902 -0.068237 -0.974219 2.065468 
-0.247982 0.588385 2.352447 -0.248283 0.389273 2.360743 -0.432510 0.272475 2.316925 -0.058028 0.272074 2.367610 -0.511143 0.028520 2.255138 0.041248 0.007391 2.406337 -0.496508 -0.193147 2.406337 0.069461 -0.213988 2.103139 -0.483515 -0.277694 2.057184 0.075984 -0.282466 2.272145 -0.219202 0.008282 2.342461 -0.208267 -0.053263 2.280155 -0.286403 -0.138702 2.246883 -0.115520 -0.131114 2.277633 -0.257901 -0.572445 2.281240 -0.075470 -0.553052 2.092158 -0.234985 -0.981009 2.153935 -0.076729 -0.935904 2.095475 -0.223778 -1.016473 2.056762 -0.063811 -0.969874 2.001105 
-0.249511 0.589024 2.330377 -0.250899 0.390334 2.339027 -0.434412 0.273867 2.294827 -0.060857 0.272614 2.347968 -0.513774 0.030990 2.233353 0.036850 0.007143 2.388942 -0.497256 -0.191037 2.388942 0.065945 -0.214953 2.083300 -0.483889 -0.275757 2.037793 0.072631 -0.284624 2.258643 -0.221882 0.009218 2.322285 -0.210395 -0.052484 2.260214 -0.288228 -0.138079 2.226347 -0.117742 -0.130075 2.259026 -0.259634 -0.576036 2.272077 -0.077171 -0.546897 2.064678 -0.234215 -0.981648 2.157899 -0.073891 -0.929692 2.032829 -0.222505 -1.017137 2.062502 -0.059914 -0.965090 1.937260 
-0.250406 0.589549 2.308447 -0.252784 0.391288 2.317626 -0.435560 0.275077 2.272382 -0.062926 0.273047 2.327531 -0.515859 0.033012 2.212120 0.033045 0.006651 2.370789 -0.497664 -0.189236 2.370789 0.062715 -0.216212 2.065017 -0.484051 -0.274137 2.020042 0.069551 -0.285982 2.245926 -0.224038 0.009970 2.301928 -0.212072 -0.051882 2.239997 -0.289677 -0.137607 2.205841 -0.119566 -0.129244 2.239682 -0.261683 -0.578114 2.261994 -0.078835 -0.541376 2.038903 -0.233584 -0.982074 2.161950 -0.071848 -0.924295 1.974959 -0.221418 -1.017556 2.068155 -0.056970 -0.961017 1.878242 
-0.250205 0.590036 2.285584 -0.253977 0.392267 2.295153 -0.435935 0.276131 2.249880 -0.064188 0.273414 2.306692 -0.517463 0.034751 2.191740 0.029905 0.005939 2.351499 -0.497613 -0.187852 2.351499 0.059841 -0.217773 2.047766 -0.483929 -0.272846 2.003505 0.066889 -0.287700 2.232927 -0.225653 0.010689 2.280756 -0.213253 -0.051351 2.218998 -0.290650 -0.137184 2.184457 -0.120939 -0.128536 2.219740 -0.263479 -0.581681 2.251945 -0.080516 -0.536217 2.013987 -0.233209 -0.982394 2.165627 -0.070710 -0.920245 1.924636 -0.220635 -1.017864 2.073255 -0.055095 -0.958255 1.827157 
-0.249296 0.590482 2.262853 -0.254230 0.393037 2.272241 -0.435555 0.277146 2.227134 -0.064569 0.273643 2.284827 -0.518378 0.036168 2.171713 0.027508 0.005028 2.331170 -0.497055 -0.186857 2.331170 0.057545 -0.219522 2.031322 -0.483543 -0.271861 1.988058 0.064528 -0.289875 2.217237 -0.226671 0.011330 2.259099 -0.213954 -0.050879 2.197480 -0.291246 -0.136777 2.162952 -0.121886 -0.127953 2.198766 -0.265321 -0.585388 2.241770 -0.082243 -0.531568 1.990149 -0.232940 -0.982657 2.168732 -0.069948 -0.917044 1.880510 -0.220007 -1.018114 2.077616 -0.053708 -0.956210 1.782475 
-0.247367 0.590931 2.239150 -0.253483 0.393809 2.248416 -0.434476 0.278148 2.204104 -0.063889 0.273781 2.261816 -0.518581 0.037213 2.152000 0.026088 0.004031 2.309305 -0.496214 -0.186013 2.309305 0.055733 -0.221355 2.015923 -0.482898 -0.271054 1.973594 0.062817 -0.293580 2.199633 -0.226832 0.012032 2.236692 -0.213896 -0.050356 2.175247 -0.291167 -0.136368 2.140767 -0.122070 -0.127382 2.177110 -0.267191 -0.589138 2.230761 -0.083950 -0.527425 1.967828 -0.232830 -0.982750 2.171672 -0.069295 -0.914251 1.840170 -0.219585 -1.018188 2.081679 -0.052521 -0.954497 1.741618 
-0.244630 0.591392 2.215045 -0.251657 0.394796 2.223805 -0.432555 0.279168 2.180593 -0.062258 0.274029 2.237986 -0.518101 0.038175 2.132520 0.025833 0.003443 2.285181 -0.494879 -0.185482 2.285181 0.054621 -0.224173 2.000661 -0.481949 -0.270393 1.959680 0.061936 -0.296924 2.178881 -0.226182 0.012813 2.213321 -0.213116 -0.049778 2.152005 -0.290489 -0.135915 2.117806 -0.121540 -0.126785 2.154134 -0.268898 -0.592729 2.217780 -0.085557 -0.523729 1.946485 -0.232587 -0.982800 2.174084 -0.068686 -0.911871 1.803719 -0.219056 -1.018219 2.085101 -0.051433 -0.953103 1.704735 
-0.240947 0.592182 2.190484 -0.248947 0.396146 2.198580 -0.429520 0.280828 2.156497 -0.059566 0.275052 2.212666 -0.516711 0.039277 2.112923 0.026507 0.003647 2.259620 -0.493061 -0.185191 2.259620 0.054397 -0.224796 1.985786 -0.480729 -0.269850 1.946232 0.061538 -0.299355 2.155796 -0.224654 0.014607 2.188102 -0.211576 -0.047909 2.126678 -0.289252 -0.134031 2.092732 -0.120122 -0.124755 2.128434 -0.270550 -0.595347 2.202150 -0.086717 -0.519689 1.925514 -0.232454 -0.982486 2.176121 -0.068257 -0.909526 1.771722 -0.218686 -1.017837 2.088038 -0.050597 -0.951588 1.672476 
-0.236474 0.593207 2.165148 -0.245420 0.397976 2.173246 -0.425594 0.282793 2.132038 -0.056051 0.276415 2.186502 -0.514605 0.040559 2.093560 0.028263 0.004839 2.231364 -0.490690 -0.185057 2.231364 0.055090 -0.224494 1.970695 -0.479221 -0.269327 1.933141 0.062184 -0.300917 2.128475 -0.222565 0.016709 2.162988 -0.209586 -0.045812 2.101534 -0.287658 -0.131904 2.068198 -0.118281 -0.122533 2.102722 -0.271979 -0.597289 2.184058 -0.087609 -0.516004 1.906027 -0.232272 -0.982023 2.177724 -0.067817 -0.907394 1.741945 -0.218297 -1.017283 2.090420 -0.049830 -0.950260 1.642406 
-0.231473 0.594558 2.140273 -0.241046 0.400270 2.147433 -0.421033 0.285192 2.107641 -0.051949 0.278389 2.160065 -0.511848 0.042232 2.074121 0.031053 0.006778 2.201715 -0.487901 -0.184831 2.201715 0.056968 -0.223520 1.955415 -0.477231 -0.268628 1.919424 0.063531 -0.301494 2.096093 -0.219634 0.019400 2.136744 -0.206838 -0.043062 2.075161 -0.285302 -0.128997 2.042289 -0.115747 -0.119695 2.075692 -0.273175 -0.598379 2.162083 -0.087992 -0.512377 1.887011 -0.231972 -0.980993 2.178562 -0.067591 -0.905460 1.715598 -0.217824 -1.016108 2.091883 -0.049379 -0.949043 1.615783 
-0.225776 0.596291 2.115124 -0.236031 0.402936 2.121689 -0.415874 0.287936 2.083313 -0.047107 0.280833 2.133216 -0.508586 0.044223 2.054560 0.034900 0.009300 2.170772 -0.484694 -0.184292 2.170772 0.059687 -0.221471 1.939315 -0.474753 -0.267598 1.905023 0.065707 -0.300386 2.060411 -0.216102 0.022409 2.110436 -0.203581 -0.040001 2.048714 -0.282557 -0.125831 2.016750 -0.112620 -0.116492 2.048020 -0.273661 -0.597770 2.134386 -0.088194 -0.509061 1.869396 -0.231678 -0.979408 2.178277 -0.067405 -0.903715 1.691562 -0.217415 -1.014331 2.092054 -0.049020 -0.947966 1.591475 
-0.218576 0.598811 2.086585 -0.229125 0.406579 2.092322 -0.409126 0.291641 2.055887 -0.040529 0.284395 2.101545 -0.503583 0.047476 2.031549 0.041347 0.013898 2.132699 -0.480369 -0.182143 2.132699 0.064743 -0.216777 1.917693 -0.471023 -0.264865 1.885236 0.070270 -0.295184 2.012016 -0.211050 0.026378 2.079637 -0.199090 -0.035920 2.017635 -0.278734 -0.121428 1.986842 -0.108375 -0.112378 2.015121 -0.274236 -0.592585 2.091355 -0.087778 -0.505808 1.851039 -0.228072 -0.961157 2.163171 -0.067589 -0.902203 1.670139 -0.217594 -1.006503 2.087610 -0.049246 -0.947092 1.569959 
-0.211675 0.601402 2.059996 -0.222344 0.410126 2.064658 -0.402549 0.295213 2.030342 -0.033976 0.288012 2.071459 -0.498418 0.050622 2.009460 0.048412 0.018971 2.095279 -0.475988 -0.179675 2.095279 0.070366 -0.210847 1.895894 -0.466975 -0.261784 1.864233 0.076126 -0.288107 1.960004 -0.205984 0.030264 2.050586 -0.194645 -0.031920 1.988333 -0.274955 -0.117098 1.958784 -0.104140 -0.108380 1.983924 -0.274574 -0.584017 2.042812 -0.087165 -0.502823 1.833930 -0.230051 -0.955118 2.152205 -0.068111 -0.900869 1.650744 -0.220537 -1.001510 2.077515 -0.049986 -0.946354 1.550533 
-0.204592 0.604118 2.033284 -0.215350 0.413821 2.037683 -0.395849 0.298840 2.005585 -0.027167 0.291753 2.041591 -0.492754 0.054056 1.987472 0.055979 0.024639 2.057563 -0.471446 -0.176362 2.057563 0.077530 -0.202625 1.872724 -0.462601 -0.258050 1.841324 0.082904 -0.279072 1.905955 -0.200682 0.034221 2.022164 -0.190065 -0.027856 1.959668 -0.271066 -0.112669 1.931475 -0.099778 -0.104368 1.953258 -0.274878 -0.573206 1.991142 -0.086425 -0.500084 1.817903 -0.230668 -0.948539 2.136538 -0.068823 -0.899705 1.633283 -0.222000 -0.995856 2.062178 -0.051047 -0.945750 1.533112 
-0.197758 0.606796 2.007862 -0.208225 0.417482 2.011419 -0.389111 0.302434 1.981703 -0.020378 0.295585 2.013001 -0.486905 0.057544 1.966051 0.063932 0.030850 2.020398 -0.466912 -0.172594 2.020398 0.084261 -0.194539 1.849549 -0.458089 -0.253734 1.817728 0.090111 -0.269265 1.852671 -0.195360 0.038181 1.994815 -0.185496 -0.023802 1.932143 -0.267175 -0.108236 1.905262 -0.095471 -0.100427 1.923929 -0.275084 -0.561390 1.938315 -0.085464 -0.497513 1.802690 -0.231900 -0.941664 2.114508 -0.070214 -0.898677 1.618116 -0.224029 -0.989708 2.039978 -0.053009 -0.945210 1.518174 
-0.190987 0.609388 1.982739 -0.201244 0.421079 1.986267 -0.382436 0.305940 1.958683 -0.013620 0.299483 1.985130 -0.480877 0.061022 1.945151 0.071906 0.037362 1.984748 -0.462438 -0.168389 1.984748 0.091261 -0.185415 1.826450 -0.453430 -0.248956 1.793725 0.097930 -0.257695 1.799913 -0.190015 0.042107 1.968509 -0.180934 -0.019766 1.905668 -0.263257 -0.103802 1.880034 -0.091164 -0.096527 1.895726 -0.275487 -0.548988 1.884973 -0.084369 -0.495104 1.788461 -0.230416 -0.934190 2.085728 -0.072293 -0.897711 1.605023 -0.223134 -0.982445 2.010339 -0.055898 -0.944647 1.505446 
-0.184063 0.612207 1.955050 -0.193690 0.425104 1.959042 -0.375193 0.309682 1.934186 -0.006523 0.304064 1.955679 -0.474022 0.064843 1.922821 0.080614 0.045253 1.946726 -0.457317 -0.163961 1.946726 0.100140 -0.173011 1.800683 -0.448405 -0.243590 1.768183 0.106176 -0.243874 1.744051 -0.184172 0.046477 1.940624 -0.175965 -0.015323 1.877710 -0.258954 -0.099010 1.853885 -0.086484 -0.092144 1.865661 -0.275356 -0.534418 1.824739 -0.083020 -0.492659 1.774506 -0.225358 -0.924991 2.042919 -0.074485 -0.896751 1.593867 -0.218379 -0.972657 1.966212 -0.058969 -0.944040 1.494778 
-0.177722 0.614872 1.929764 -0.186671 0.428897 1.933849 -0.368424 0.313246 1.911442 0.000089 0.308328 1.928241 -0.467318 0.068421 1.901666 0.088621 0.052605 1.912183 -0.452425 -0.159896 1.912183 0.108399 -0.161158 1.776739 -0.443537 -0.238558 1.743897 0.113528 -0.231084 1.694059 -0.178660 0.050580 1.914723 -0.171294 -0.011144 1.851729 -0.254852 -0.094455 1.829397 -0.082118 -0.088071 1.837921 -0.274853 -0.520805 1.769377 -0.081598 -0.490372 1.761424 -0.218289 -0.915651 1.993283 -0.077183 -0.895809 1.584577 -0.211492 -0.962575 1.914836 -0.062697 -0.943369 1.486083 
-0.171891 0.617477 1.905751 -0.180083 0.432524 1.909804 -0.361868 0.316670 1.889392 0.006325 0.312422 1.902022 -0.460703 0.071706 1.881274 0.096124 0.059692 1.879970 -0.447407 -0.156540 1.879970 0.116057 -0.149920 1.753633 -0.438752 -0.234191 1.720935 0.120165 -0.219106 1.648486 -0.173410 0.054477 1.890166 -0.166832 -0.007192 1.827122 -0.250894 -0.090132 1.806232 -0.077950 -0.084228 1.811735 -0.273736 -0.507925 1.717540 -0.080099 -0.488213 1.749026 -0.207090 -0.905270 1.937061 -0.080349 -0.894845 1.577085 -0.200195 -0.951013 1.856664 -0.066984 -0.942598 1.479272 
-0.166143 0.619885 1.879929 -0.173285 0.436231 1.883587 -0.355146 0.320040 1.865634 0.012606 0.316575 1.874262 -0.453678 0.074726 1.859421 0.103415 0.066692 1.847586 -0.442044 -0.154029 1.847586 0.123121 -0.139182 1.730580 -0.433935 -0.230807 1.698617 0.126030 -0.208019 1.606095 -0.167891 0.058371 1.864031 -0.162126 -0.003301 1.801039 -0.246666 -0.085834 1.781726 -0.073544 -0.080510 1.784218 -0.271270 -0.495403 1.665320 -0.078459 -0.486176 1.736678 -0.191224 -0.893693 1.874194 -0.084421 -0.893744 1.570548 -0.183859 -0.937590 1.792288 -0.072297 -0.941603 1.473383 
-0.160947 0.621974 1.855873 -0.167107 0.439594 1.859290 -0.348935 0.323147 1.843367 0.018309 0.320364 1.848635 -0.446987 0.077491 1.838655 0.110030 0.073067 1.818160 -0.436932 -0.152025 1.818160 0.129186 -0.129809 1.709050 -0.429413 -0.227971 1.677830 0.131108 -0.198319 1.568486 -0.162783 0.061932 1.839734 -0.157748 0.000271 1.776766 -0.242667 -0.081841 1.758680 -0.069454 -0.077124 1.758816 -0.268919 -0.484538 1.619629 -0.076850 -0.484342 1.724970 -0.170495 -0.880170 1.807798 -0.088749 -0.892675 1.565998 -0.162254 -0.921435 1.724145 -0.077790 -0.940556 1.469528 
-0.156168 0.623686 1.832889 -0.161352 0.442666 1.835724 -0.343063 0.326007 1.821487 0.023595 0.323741 1.823856 -0.440536 0.079916 1.818359 0.116015 0.078805 1.790909 -0.432082 -0.150533 1.790909 0.134548 -0.121466 1.688691 -0.425218 -0.225690 1.658271 0.135481 -0.189912 1.535029 -0.157934 0.065180 1.816184 -0.153571 0.003528 1.753237 -0.238816 -0.078147 1.736294 -0.065544 -0.074076 1.734288 -0.266608 -0.475161 1.579056 -0.075362 -0.483009 1.713823 -0.151617 -0.868186 1.739264 -0.092976 -0.891967 1.563443 -0.142051 -0.907214 1.653558 -0.082994 -0.939568 1.467575 
-0.151672 0.624939 1.807744 -0.155914 0.445350 1.809819 -0.337109 0.328545 1.796590 0.028483 0.326909 1.797131 -0.433805 0.081781 1.795455 0.121566 0.083962 1.763878 -0.427314 -0.149698 1.763878 0.139107 -0.114505 1.667839 -0.421232 -0.224109 1.638620 0.139170 -0.182791 1.504907 -0.153141 0.068046 1.790288 -0.149360 0.006409 1.727338 -0.234781 -0.074664 1.711161 -0.061630 -0.071410 1.707887 -0.264137 -0.467171 1.541407 -0.073836 -0.482541 1.702664 -0.120593 -0.843162 1.649811 -0.094782 -0.891719 1.559967 -0.109804 -0.874886 1.561717 -0.085552 -0.939120 1.464468 
-0.147692 0.625961 1.784308 -0.151056 0.447674 1.785541 -0.331754 0.330678 1.773024 0.032853 0.329739 1.772395 -0.427559 0.083139 1.773400 0.126520 0.088488 1.739142 -0.422874 -0.149377 1.739142 0.142961 -0.108448 1.647733 -0.417449 -0.223081 1.619684 0.142391 -0.176616 1.478030 -0.148800 0.070565 1.766069 -0.145519 0.008947 1.703119 -0.231074 -0.071587 1.687559 -0.058041 -0.069077 1.683226 -0.261706 -0.460069 1.507293 -0.072320 -0.482407 1.691889 -0.089326 -0.816467 1.578237 -0.096281 -0.891583 1.557087 -0.078495 -0.846074 1.488387 -0.087746 -0.938742 1.461913 
-0.144205 0.626636 1.760717 -0.146743 0.449643 1.761582 -0.326917 0.332410 1.749497 0.036752 0.332149 1.748268 -0.421770 0.084072 1.751345 0.130961 0.092346 1.715720 -0.418794 -0.149548 1.715720 0.146090 -0.103788 1.627732 -0.413926 -0.222586 1.600879 0.145215 -0.171338 1.453748 -0.144800 0.072745 1.742287 -0.141934 0.011145 1.679348 -0.227533 -0.068875 1.663932 -0.054688 -0.067088 1.659468 -0.259305 -0.453848 1.475951 -0.070768 -0.482544 1.681086 -0.079207 -0.800508 1.515780 -0.097521 -0.891526 1.554583 -0.068643 -0.821422 1.432811 -0.089623 -0.938423 1.459693 
-0.141275 0.627020 1.737961 -0.142970 0.451149 1.737937 -0.322562 0.333730 1.725897 0.040120 0.334151 1.724705 -0.416470 0.084698 1.729159 0.134806 0.095626 1.693884 -0.415062 -0.150036 1.693884 0.148845 -0.099639 1.607895 -0.410710 -0.222463 1.582222 0.147697 -0.166667 1.431867 -0.141147 0.074566 1.718799 -0.138604 0.013013 1.655864 -0.224187 -0.066520 1.640563 -0.051545 -0.065386 1.636032 -0.256749 -0.448350 1.446707 -0.069165 -0.482870 1.670219 -0.075577 -0.792634 1.455675 -0.098484 -0.891506 1.552534 -0.065712 -0.812426 1.371124 -0.091169 -0.938115 1.457899 
-0.138976 0.626875 1.714302 -0.139762 0.452245 1.714574 -0.318785 0.334734 1.702358 0.042988 0.335836 1.701889 -0.411634 0.084969 1.706308 0.138134 0.098460 1.673290 -0.411775 -0.150762 1.673290 0.151120 -0.096219 1.587936 -0.407863 -0.222631 1.563314 0.149819 -0.162674 1.412019 -0.137902 0.076087 1.695611 -0.135588 0.014610 1.632686 -0.221084 -0.064458 1.617156 -0.048684 -0.063959 1.613167 -0.254096 -0.443548 1.419587 -0.067483 -0.483281 1.659072 -0.073554 -0.786540 1.400061 -0.099196 -0.891516 1.550730 -0.064416 -0.805738 1.313861 -0.092403 -0.937826 1.456326 
-0.137016 0.626567 1.690995 -0.137181 0.453068 1.691527 -0.315571 0.335450 1.678572 0.045168 0.337187 1.679210 -0.407352 0.084931 1.682958 0.140930 0.100925 1.653697 -0.408914 -0.151660 1.653697 0.152983 -0.093442 1.567413 -0.405370 -0.223031 1.543798 0.151574 -0.159376 1.394055 -0.135144 0.077264 1.672623 -0.132984 0.015861 1.609693 -0.218329 -0.062729 1.594032 -0.046225 -0.062830 1.590485 -0.251689 -0.440897 1.394553 -0.065723 -0.483711 1.647341 -0.073071 -0.782804 1.347822 -0.099668 -0.891545 1.549097 -0.064481 -0.800984 1.260478 -0.093350 -0.937551 1.454902 
-0.135241 0.626230 1.663323 -0.135819 0.453907 1.664502 -0.313218 0.336170 1.650246 0.046055 0.338310 1.653087 -0.403761 0.085103 1.654436 0.142616 0.103135 1.632123 -0.406841 -0.152443 1.632123 0.154183 -0.091610 1.542099 -0.403571 -0.223465 1.519421 0.152895 -0.156856 1.377297 -0.133153 0.078137 1.645642 -0.130948 0.016745 1.582711 -0.215913 -0.061289 1.566622 -0.044337 -0.061944 1.564201 -0.249254 -0.439418 1.369979 -0.063855 -0.483633 1.631746 -0.074637 -0.780951 1.297713 -0.100107 -0.891510 1.547215 -0.066547 -0.798463 1.209217 -0.094193 -0.937256 1.453223 
-0.133723 0.625894 1.636783 -0.134999 0.454681 1.638794 -0.311431 0.336840 1.622778 0.046403 0.339297 1.628152 -0.400875 0.085219 1.626219 0.143816 0.105053 1.611814 -0.405257 -0.153134 1.611814 0.155018 -0.090335 1.516634 -0.402270 -0.223784 1.494753 0.153907 -0.154902 1.362084 -0.131595 0.078855 1.619830 -0.129258 0.017469 1.556882 -0.213785 -0.060035 1.540220 -0.042776 -0.061179 1.539148 -0.246916 -0.438539 1.347221 -0.062068 -0.483358 1.615553 -0.077204 -0.780097 1.252014 -0.100412 -0.891468 1.545409 -0.069573 -0.797176 1.162455 -0.094840 -0.936968 1.451602 
-0.132439 0.625854 1.615080 -0.134828 0.455465 1.612623 -0.310277 0.337369 1.594205 0.046101 0.340165 1.603085 -0.398806 0.085701 1.596754 0.144310 0.106810 1.591572 -0.404485 -0.153292 1.591572 0.155473 -0.089523 1.488770 -0.401734 -0.223607 1.467488 0.154704 -0.153354 1.348033 -0.130599 0.079446 1.593425 -0.127994 0.018053 1.530468 -0.212006 -0.058954 1.513479 -0.041649 -0.060472 1.513280 -0.244599 -0.438323 1.325474 -0.060385 -0.482287 1.596078 -0.080718 -0.780160 1.209328 -0.100460 -0.891335 1.543251 -0.073425 -0.797007 1.118789 -0.095164 -0.936666 1.449629 
-0.131280 0.625766 1.591629 -0.136116 0.456237 1.582006 -0.310079 0.337541 1.560292 0.044423 0.340949 1.574234 -0.398632 0.087002 1.561151 0.143607 0.108425 1.568515 -0.404548 -0.152609 1.568515 0.155351 -0.088878 1.453511 -0.401752 -0.222496 1.432067 0.155080 -0.152287 1.333764 -0.130708 0.079703 1.562367 -0.127581 0.018259 1.499410 -0.210881 -0.058190 1.481677 -0.041361 -0.059991 1.483222 -0.242373 -0.439111 1.304073 -0.058492 -0.480716 1.568853 -0.085136 -0.781537 1.170034 -0.099547 -0.891142 1.538792 -0.078068 -0.798339 1.078610 -0.094386 -0.936371 1.445378 
-0.130177 0.625656 1.569131 -0.137921 0.456980 1.552760 -0.310283 0.337673 1.527946 0.042316 0.341658 1.546872 -0.399093 0.088494 1.526578 0.142424 0.109954 1.546479 -0.405278 -0.151369 1.546479 0.154942 -0.088481 1.417917 -0.402226 -0.220840 1.396199 0.155231 -0.151462 1.320361 -0.131224 0.079880 1.532760 -0.127502 0.018377 1.469827 -0.210036 -0.057528 1.451166 -0.041399 -0.059565 1.454810 -0.240252 -0.440279 1.284214 -0.056420 -0.479083 1.538617 -0.089824 -0.783425 1.134697 -0.097630 -0.891022 1.531325 -0.082920 -0.800302 1.042493 -0.092449 -0.936190 1.438077 
-0.129505 0.625632 1.544416 -0.141505 0.458064 1.519502 -0.311135 0.338166 1.490825 0.038617 0.342253 1.515928 -0.401363 0.091507 1.485446 0.139627 0.111635 1.520991 -0.407890 -0.147556 1.520991 0.153741 -0.088225 1.374228 -0.403893 -0.216619 1.351640 0.154721 -0.150841 1.305100 -0.133058 0.080116 1.499036 -0.128412 0.018523 1.436193 -0.209907 -0.056610 1.416007 -0.042452 -0.058965 1.423051 -0.238540 -0.441990 1.264552 -0.053768 -0.481179 1.508738 -0.095900 -0.786101 1.102084 -0.091854 -0.891566 1.510782 -0.088957 -0.803142 1.009226 -0.086228 -0.935870 1.417531 
-0.129055 0.625678 1.520856 -0.145220 0.459163 1.488664 -0.312413 0.338720 1.456141 0.034185 0.343150 1.486024 -0.404118 0.094510 1.446209 0.136535 0.113176 1.496797 -0.410977 -0.143322 1.496797 0.152284 -0.088103 1.331270 -0.406008 -0.211945 1.307941 0.153952 -0.150413 1.290461 -0.135001 0.080374 1.467691 -0.129507 0.018695 1.404888 -0.209955 -0.055724 1.383204 -0.043717 -0.058292 1.393505 -0.237081 -0.443866 1.246398 -0.050573 -0.483496 1.475994 -0.102510 -0.789162 1.072895 -0.083479 -0.891752 1.481158 -0.095556 -0.806476 0.979447 -0.077315 -0.934992 1.387836 
-0.129235 0.625718 1.495284 -0.150231 0.460205 1.454843 -0.315350 0.339786 1.418635 0.028946 0.344318 1.454480 -0.408477 0.098676 1.402042 0.132051 0.114778 1.469867 -0.414933 -0.137393 1.469867 0.149962 -0.087715 1.281605 -0.408970 -0.205290 1.256706 0.152392 -0.149955 1.273443 -0.137855 0.081383 1.433476 -0.131274 0.019817 1.370801 -0.210617 -0.054172 1.346851 -0.045457 -0.056722 1.361916 -0.235889 -0.445749 1.229510 -0.046541 -0.485074 1.434713 -0.109524 -0.792451 1.047684 -0.071422 -0.889571 1.432900 -0.102401 -0.810059 0.953742 -0.064306 -0.931444 1.339410 
-0.130001 0.625628 1.470248 -0.155892 0.460923 1.422652 -0.318435 0.340971 1.384199 0.022712 0.345468 1.423397 -0.412901 0.102758 1.361205 0.127547 0.116247 1.444583 -0.418699 -0.131569 1.444583 0.147352 -0.087656 1.235630 -0.411891 -0.198648 1.208844 0.150685 -0.149694 1.257251 -0.140768 0.082289 1.401738 -0.133197 0.020826 1.339218 -0.211382 -0.052768 1.313671 -0.047411 -0.055108 1.332179 -0.234857 -0.447758 1.213724 -0.042553 -0.486364 1.392739 -0.116761 -0.795983 1.025111 -0.058821 -0.886563 1.380449 -0.109583 -0.814009 0.930732 -0.050965 -0.927077 1.286799 
-0.132918 0.625126 1.442737 -0.165230 0.460884 1.387078 -0.322529 0.342556 1.347657 0.015421 0.346612 1.390533 -0.418073 0.107552 1.317507 0.122135 0.118020 1.417298 -0.422768 -0.124656 1.417298 0.144163 -0.087811 1.186086 -0.415004 -0.190884 1.157345 0.148526 -0.149747 1.240064 -0.145176 0.083246 1.367482 -0.136073 0.022079 1.305442 -0.212780 -0.051037 1.278020 -0.049806 -0.053118 1.301019 -0.233948 -0.449761 1.198988 -0.037430 -0.486383 1.343058 -0.124019 -0.799643 1.005933 -0.042325 -0.880054 1.310802 -0.116658 -0.818106 0.911188 -0.033420 -0.919050 1.216951 
