50
0.174681 0.309539 3.505184 0.213619 0.137226 3.499149 0.052732 0.020478 3.526845 0.345158 0.032095 3.488178 0.036049 -0.238075 3.523248 0.428638 -0.247474 3.483783 0.014104 -0.469117 3.483783 0.469682 -0.459217 3.455496 0.019135 -0.543830 3.402194 0.474488 -0.521239 3.342898 0.213952 -0.200696 3.510552 0.206060 -0.260111 3.463012 0.138194 -0.330403 3.465628 0.272158 -0.322791 3.443269 0.195712 -0.827049 3.414834 0.274517 -0.778340 3.295151 0.229640 -1.164495 3.399425 0.285867 -1.104337 3.218927 0.224667 -1.217345 3.362217 0.261893 -1.156508 3.144506 
0.172641 0.309020 3.491426 0.210420 0.137055 3.486741 0.049982 0.020918 3.514296 0.341942 0.030652 3.476834 0.033612 -0.238505 3.515422 0.426803 -0.248084 3.478054 0.012050 -0.469528 3.478054 0.468533 -0.459769 3.450451 0.017856 -0.544274 3.400810 0.473652 -0.521311 3.340472 0.210921 -0.200903 3.500877 0.203476 -0.260713 3.454863 0.135678 -0.330929 3.457139 0.269670 -0.323174 3.436700 0.193293 -0.827811 3.412786 0.273660 -0.774558 3.274846 0.229311 -1.164640 3.399033 0.283357 -1.090950 3.176972 0.224164 -1.217826 3.361706 0.264178 -1.143402 3.096181 
0.170740 0.308397 3.476121 0.207144 0.137007 3.472207 0.047214 0.021415 3.499709 0.339359 0.029118 3.463697 0.030899 -0.239126 3.506169 0.424881 -0.248758 3.470928 0.009300 -0.469879 3.470928 0.467341 -0.460461 3.441644 0.016327 -0.544515 3.398563 0.472824 -0.521453 3.337552 0.207829 -0.201044 3.489099 0.200883 -0.261317 3.444921 0.133099 -0.331570 3.446942 0.267236 -0.323665 3.428315 0.190597 -0.829295 3.408912 0.273005 -0.771909 3.250773 0.228969 -1.164800 3.398647 0.280368 -1.080306 3.131819 0.223551 -1.218474 3.361554 0.265836 -1.132661 3.048528 
0.169312 0.307748 3.459268 0.203829 0.137045 3.455052 0.044476 0.021907 3.483067 0.336765 0.027496 3.448563 0.027931 -0.240082 3.495617 0.422724 -0.249644 3.460723 0.006318 -0.470506 3.460723 0.465909 -0.461489 3.431617 0.014178 -0.544709 3.393090 0.471933 -0.521556 3.333334 0.204695 -0.201164 3.474812 0.198277 -0.261971 3.432823 0.130507 -0.332260 3.434539 0.264794 -0.324194 3.418096 0.187750 -0.830874 3.404824 0.272274 -0.769329 3.226869 0.228612 -1.164977 3.398260 0.277503 -1.070912 3.090080 0.222836 -1.219146 3.361349 0.266969 -1.123314 3.002422 
0.168263 0.306961 3.439983 0.200757 0.136543 3.436061 0.041682 0.022050 3.463266 0.334281 0.025102 3.430809 0.024775 -0.241026 3.482973 0.419891 -0.251054 3.445692 0.002853 -0.470909 3.445692 0.464622 -0.463082 3.418196 0.011708 -0.544873 3.386754 0.471026 -0.521779 3.326985 0.201419 -0.201560 3.457262 0.195503 -0.262801 3.417325 0.127605 -0.333131 3.418235 0.262145 -0.324983 3.404321 0.184857 -0.832548 3.400546 0.271471 -0.766618 3.202539 0.228238 -1.165179 3.397870 0.274942 -1.062573 3.052968 0.222041 -1.219887 3.361185 0.267719 -1.114648 2.961388 
0.167646 0.306468 3.417515 0.198337 0.136244 3.413739 0.039309 0.022770 3.441912 0.332314 0.023564 3.411296 0.021368 -0.241463 3.463979 0.417283 -0.252205 3.429342 -0.000487 -0.471243 3.429342 0.462821 -0.464420 3.404713 0.009022 -0.545000 3.379355 0.469968 -0.522056 3.318558 0.198704 -0.201418 3.435989 0.193236 -0.263093 3.398257 0.125383 -0.333442 3.398096 0.259819 -0.325311 3.387501 0.181691 -0.834263 3.395072 0.270593 -0.763409 3.177428 0.227822 -1.165427 3.397408 0.272557 -1.055169 3.019397 0.221082 -1.220781 3.360215 0.268139 -1.107059 2.924675 
0.167912 0.306722 3.393927 0.195947 0.136511 3.387189 0.037015 0.023820 3.419674 0.331186 0.022336 3.387352 0.017948 -0.242113 3.444378 0.414803 -0.253298 3.411661 -0.003839 -0.471795 3.411661 0.460992 -0.465514 3.389681 0.005986 -0.544587 3.369493 0.468912 -0.522183 3.308393 0.196036 -0.200682 3.410951 0.190815 -0.262867 3.375685 0.122893 -0.333418 3.375571 0.257423 -0.325336 3.366032 0.178173 -0.835843 3.388397 0.269514 -0.760299 3.152868 0.227370 -1.165702 3.396895 0.270285 -1.048520 2.989002 0.220288 -1.221454 3.359417 0.268261 -1.100615 2.892156 
0.168613 0.307299 3.367450 0.194284 0.137020 3.359714 0.035578 0.024901 3.391781 0.330381 0.021928 3.361518 0.014659 -0.242378 3.422272 0.412941 -0.253912 3.390753 -0.007196 -0.471861 3.390753 0.459023 -0.466699 3.369311 0.002357 -0.543833 3.355714 0.467647 -0.522379 3.293127 0.193784 -0.199656 3.384418 0.188931 -0.262337 3.351524 0.120935 -0.332974 3.351055 0.255477 -0.325030 3.343380 0.173866 -0.836141 3.377766 0.268481 -0.757160 3.127756 0.226868 -1.165858 3.396222 0.267991 -1.042741 2.960730 0.219452 -1.222079 3.358817 0.268242 -1.094181 2.862422 
0.169739 0.308517 3.340788 0.192932 0.137664 3.330537 0.034243 0.026224 3.364387 0.329402 0.021640 3.332784 0.011568 -0.241866 3.396713 0.411173 -0.254018 3.364714 -0.010381 -0.471407 3.364714 0.457443 -0.467824 3.347606 -0.001641 -0.542359 3.336605 0.466526 -0.522418 3.276894 0.191777 -0.198461 3.353175 0.187018 -0.261433 3.321730 0.118998 -0.332166 3.320999 0.253319 -0.324141 3.314262 0.169065 -0.835489 3.364191 0.267428 -0.753837 3.103653 0.226222 -1.165922 3.395182 0.265895 -1.037744 2.935224 0.218613 -1.222659 3.358197 0.267968 -1.088461 2.835753 
0.172196 0.310575 3.310979 0.192482 0.139781 3.298964 0.033705 0.029229 3.332434 0.329010 0.021652 3.302906 0.008428 -0.240987 3.365918 0.409084 -0.253613 3.335949 -0.013792 -0.470734 3.335949 0.455991 -0.468587 3.322133 -0.005581 -0.540618 3.316659 0.465621 -0.522218 3.258597 0.190208 -0.196740 3.320720 0.185654 -0.260190 3.290570 0.117600 -0.330800 3.289054 0.251672 -0.323052 3.283835 0.163809 -0.833446 3.344208 0.266546 -0.750085 3.078934 0.225146 -1.165479 3.392807 0.263926 -1.032856 2.911934 0.217061 -1.221156 3.352793 0.267758 -1.082916 2.811535 
0.175189 0.312774 3.281512 0.192477 0.142048 3.266448 0.033602 0.032785 3.299412 0.329394 0.021254 3.272943 0.005665 -0.239941 3.335135 0.407110 -0.252754 3.306167 -0.016955 -0.469714 3.306167 0.454646 -0.468121 3.293505 -0.009840 -0.537435 3.290174 0.465104 -0.520816 3.233969 0.189216 -0.194381 3.286871 0.184945 -0.258174 3.257680 0.116645 -0.328614 3.255011 0.250846 -0.321514 3.252337 0.158206 -0.829890 3.318442 0.265762 -0.746066 3.054519 0.223514 -1.164087 3.388457 0.262196 -1.029143 2.890620 0.216157 -1.219924 3.345430 0.267655 -1.078440 2.789650 
0.179461 0.315806 3.248702 0.192938 0.144561 3.234249 0.033932 0.036707 3.265214 0.330780 0.021008 3.240364 0.003361 -0.237845 3.302130 0.405629 -0.251701 3.275671 -0.019631 -0.467639 3.275671 0.453505 -0.467858 3.262001 -0.013887 -0.534089 3.262076 0.464842 -0.519640 3.208564 0.188727 -0.191604 3.253183 0.184640 -0.255630 3.224576 0.115996 -0.325713 3.220579 0.250522 -0.319695 3.220328 0.151951 -0.824832 3.285661 0.265035 -0.742380 3.031103 0.221106 -1.161147 3.381323 0.260654 -1.025857 2.871573 0.214480 -1.218902 3.339815 0.267548 -1.074419 2.770102 
0.183082 0.318794 3.217311 0.193723 0.147134 3.203046 0.034541 0.040598 3.231492 0.331857 0.022881 3.208296 0.001577 -0.234851 3.266910 0.404257 -0.249583 3.243055 -0.022192 -0.464595 3.243055 0.452314 -0.466143 3.227610 -0.017294 -0.529461 3.228612 0.465183 -0.520888 3.178413 0.188883 -0.188519 3.218291 0.185034 -0.252460 3.189166 0.116422 -0.321858 3.183262 0.250718 -0.317046 3.185115 0.144877 -0.816196 3.242751 0.264005 -0.738791 3.008679 0.216757 -1.155000 3.367094 0.259273 -1.022945 2.854493 0.209677 -1.209582 3.318921 0.267475 -1.070776 2.752526 
0.187010 0.323095 3.180305 0.194821 0.151772 3.166759 0.035289 0.045488 3.192688 0.333038 0.025986 3.170896 -0.000002 -0.231393 3.226495 0.403148 -0.246423 3.204937 -0.023813 -0.460263 3.204937 0.451368 -0.462809 3.181837 -0.021387 -0.525023 3.184726 0.464245 -0.518138 3.139932 0.189371 -0.184033 3.180085 0.185705 -0.248177 3.150913 0.116902 -0.317281 3.145439 0.251417 -0.313293 3.146640 0.136993 -0.803815 3.183283 0.261741 -0.735987 2.985497 0.209752 -1.145849 3.334000 0.258014 -1.020452 2.839028 0.206419 -1.205158 3.294868 0.267375 -1.067545 2.736617 
0.190084 0.327645 3.139030 0.196154 0.156207 3.128382 0.035963 0.050669 3.152181 0.334433 0.029446 3.134936 -0.001229 -0.226712 3.182298 0.402229 -0.240941 3.159463 -0.026294 -0.454562 3.159463 0.449104 -0.457626 3.132324 -0.024855 -0.516032 3.132591 0.462310 -0.513151 3.091837 0.190369 -0.178898 3.139084 0.187202 -0.242795 3.108829 0.118175 -0.311607 3.102959 0.253152 -0.308486 3.104017 0.131337 -0.790217 3.112710 0.259576 -0.733614 2.962483 0.198628 -1.137876 3.271667 0.256829 -1.018395 2.825083 0.195854 -1.193018 3.220711 0.267257 -1.064726 2.722271 
0.192652 0.332103 3.100651 0.197158 0.160625 3.092217 0.036567 0.055485 3.114640 0.335262 0.033843 3.096210 -0.002217 -0.222352 3.141218 0.401332 -0.236013 3.116738 -0.027977 -0.448385 3.116738 0.447101 -0.452850 3.082282 -0.027940 -0.509622 3.080427 0.460100 -0.507950 3.046009 0.191523 -0.174068 3.101186 0.188504 -0.237784 3.069931 0.119341 -0.306310 3.064030 0.254647 -0.303908 3.064352 0.126725 -0.776210 3.042877 0.257599 -0.731444 2.940537 0.187753 -1.129499 3.196589 0.255495 -1.017147 2.812646 0.183177 -1.184847 3.145779 0.266549 -1.062771 2.709712 
0.193693 0.336996 3.058876 0.197706 0.166079 3.051131 0.036801 0.060986 3.074767 0.336099 0.038882 3.053965 -0.002960 -0.217884 3.097743 0.399852 -0.230006 3.068151 -0.029747 -0.442829 3.068151 0.444273 -0.445834 3.032778 -0.031296 -0.501268 3.030389 0.456813 -0.499979 2.990288 0.192027 -0.168409 3.059572 0.188968 -0.232015 3.027380 0.119657 -0.300297 3.022264 0.255205 -0.298638 3.020585 0.121776 -0.755656 2.964105 0.256400 -0.729346 2.919360 0.176684 -1.110538 3.092231 0.254249 -1.016587 2.801519 0.171018 -1.160503 3.028844 0.266057 -1.060962 2.698262 
0.194390 0.341592 3.020006 0.198137 0.171202 3.013669 0.037207 0.066179 3.036506 0.336715 0.043828 3.015053 -0.003523 -0.213953 3.058055 0.398186 -0.224272 3.021002 -0.031296 -0.437809 3.021002 0.441701 -0.439817 2.987124 -0.034394 -0.493820 2.983574 0.453369 -0.492603 2.937694 0.192356 -0.163217 3.021543 0.189327 -0.226715 2.988375 0.119923 -0.294646 2.983834 0.255616 -0.293772 2.980513 0.117790 -0.736289 2.894204 0.255505 -0.727224 2.899391 0.164464 -1.085594 2.983744 0.253043 -1.016460 2.791692 0.155963 -1.133386 2.918060 0.263816 -1.062757 2.692137 
0.194511 0.346202 2.981486 0.198345 0.176137 2.975859 0.037599 0.070794 2.999562 0.336977 0.048215 2.975837 -0.004124 -0.210939 3.019136 0.396456 -0.218856 2.975344 -0.032923 -0.434416 2.975344 0.438929 -0.433675 2.946770 -0.037090 -0.487410 2.942033 0.449085 -0.485062 2.881556 0.192426 -0.158474 2.984395 0.189279 -0.221991 2.950615 0.119828 -0.289492 2.947203 0.255535 -0.289477 2.941626 0.113967 -0.717759 2.828623 0.254812 -0.725462 2.880944 0.153642 -1.072432 2.898172 0.251764 -1.017007 2.783127 0.144270 -1.119089 2.826460 0.261198 -1.065737 2.688063 
0.194077 0.350435 2.944896 0.198325 0.180605 2.939305 0.037727 0.074889 2.965958 0.336764 0.052446 2.937862 -0.004673 -0.208112 2.983415 0.394969 -0.213461 2.932093 -0.034479 -0.431314 2.932093 0.435584 -0.426555 2.910226 -0.039479 -0.481902 2.904783 0.445126 -0.478440 2.830596 0.192253 -0.154058 2.948840 0.188816 -0.217609 2.914746 0.119356 -0.284716 2.912651 0.254927 -0.285509 2.904576 0.110920 -0.701984 2.771823 0.254322 -0.724083 2.863278 0.142757 -1.058931 2.811445 0.250504 -1.018150 2.775762 0.132123 -1.104430 2.733777 0.259312 -1.066910 2.682251 
0.192681 0.354542 2.908012 0.198216 0.184742 2.904528 0.037225 0.078859 2.934384 0.336464 0.056185 2.901802 -0.005105 -0.205461 2.950039 0.393074 -0.208435 2.889164 -0.035972 -0.428522 2.889164 0.432500 -0.420841 2.877123 -0.041820 -0.478629 2.871087 0.440503 -0.470304 2.776628 0.191782 -0.149688 2.914522 0.187970 -0.213170 2.880079 0.118417 -0.280078 2.879420 0.253908 -0.281586 2.868490 0.107999 -0.687002 2.718446 0.254006 -0.723015 2.846395 0.133127 -1.046324 2.730075 0.249320 -1.019784 2.769506 0.121449 -1.090905 2.647447 0.257879 -1.067639 2.676687 
0.190917 0.358205 2.873847 0.197616 0.188453 2.870768 0.036352 0.082162 2.901465 0.335048 0.059435 2.864580 -0.005581 -0.203464 2.918379 0.391123 -0.203855 2.848628 -0.037441 -0.426390 2.848628 0.429393 -0.414521 2.847191 -0.043992 -0.476215 2.840575 0.436334 -0.463111 2.728629 0.191055 -0.146225 2.880997 0.186905 -0.209744 2.846183 0.117419 -0.276208 2.846900 0.252638 -0.278607 2.833392 0.104680 -0.673534 2.667825 0.253812 -0.722349 2.829715 0.124765 -1.035039 2.652575 0.248173 -1.021872 2.764326 0.112432 -1.078918 2.565805 0.256458 -1.068544 2.671935 
0.188455 0.361281 2.840116 0.196415 0.191768 2.836466 0.035325 0.085096 2.871318 0.333466 0.062746 2.829621 -0.006117 -0.201436 2.888033 0.388933 -0.199551 2.809660 -0.038666 -0.424398 2.809660 0.426403 -0.409528 2.820163 -0.045851 -0.473965 2.813652 0.432308 -0.456231 2.682095 0.189954 -0.142817 2.848262 0.185450 -0.206407 2.813564 0.116132 -0.272591 2.816184 0.250882 -0.275610 2.799102 0.101946 -0.661594 2.622649 0.253727 -0.721880 2.813168 0.117293 -1.025059 2.582944 0.247084 -1.024243 2.759979 0.104231 -1.068447 2.492947 0.255020 -1.069605 2.667885 
0.185562 0.363823 2.808135 0.195175 0.194567 2.804667 0.034358 0.088173 2.838865 0.331345 0.065257 2.795085 -0.006899 -0.199405 2.859465 0.386540 -0.195640 2.771438 -0.039764 -0.422510 2.771438 0.423546 -0.404712 2.795985 -0.047506 -0.471920 2.789274 0.428417 -0.450190 2.639674 0.188399 -0.139988 2.816270 0.183583 -0.203532 2.781252 0.114455 -0.269219 2.785001 0.248594 -0.272960 2.765425 0.099630 -0.651091 2.581193 0.253649 -0.721227 2.795771 0.110422 -1.016383 2.519126 0.246048 -1.026573 2.756017 0.096963 -1.059267 2.426351 0.253738 -1.070587 2.664173 
0.181416 0.365966 2.775691 0.192881 0.197187 2.771619 0.032806 0.090532 2.808983 0.328753 0.068155 2.760781 -0.007838 -0.197613 2.833159 0.384111 -0.191916 2.736079 -0.040762 -0.420851 2.736079 0.420684 -0.400150 2.773812 -0.049018 -0.470195 2.767076 0.424735 -0.444280 2.599210 0.186501 -0.137063 2.784428 0.181347 -0.200623 2.749623 0.112501 -0.266001 2.755111 0.246043 -0.270331 2.732353 0.097667 -0.641635 2.543624 0.253607 -0.720365 2.776951 0.104088 -1.008607 2.461471 0.244991 -1.028677 2.752258 0.090016 -1.051126 2.366578 0.252381 -1.071531 2.660799 
0.176885 0.367770 2.744527 0.190517 0.199445 2.740305 0.030672 0.093084 2.780298 0.325708 0.070541 2.727309 -0.009189 -0.195877 2.806540 0.381403 -0.188383 2.701350 -0.041836 -0.419352 2.701350 0.417961 -0.396012 2.751258 -0.050483 -0.468993 2.744960 0.421320 -0.438696 2.561861 0.184125 -0.134317 2.752712 0.178468 -0.197705 2.717697 0.109742 -0.262696 2.724136 0.242784 -0.267745 2.699050 0.095934 -0.633233 2.509423 0.253616 -0.719549 2.757504 0.098227 -1.001859 2.409808 0.244064 -1.030801 2.748913 0.083550 -1.043993 2.313126 0.251112 -1.072460 2.657789 
0.172116 0.369648 2.714080 0.187109 0.201478 2.708539 0.028382 0.094900 2.748331 0.321977 0.072827 2.694391 -0.010685 -0.194601 2.780719 0.378627 -0.184953 2.668451 -0.043046 -0.418223 2.668451 0.415305 -0.392001 2.730311 -0.051810 -0.467187 2.724391 0.418121 -0.433621 2.527585 0.181157 -0.132213 2.721002 0.175309 -0.195551 2.685872 0.107000 -0.259935 2.693843 0.239260 -0.265732 2.665908 0.094259 -0.625814 2.477405 0.253855 -0.721463 2.735840 0.092853 -0.996165 2.363961 0.243182 -1.032854 2.745830 0.077843 -1.037961 2.265844 0.249983 -1.073340 2.655027 
0.167208 0.371655 2.684618 0.183519 0.203624 2.677869 0.025743 0.096529 2.719106 0.317563 0.075111 2.661318 -0.012496 -0.192855 2.754014 0.375738 -0.181481 2.637138 -0.044618 -0.416812 2.637138 0.412993 -0.388151 2.708317 -0.053403 -0.465185 2.702897 0.415334 -0.429014 2.496552 0.177699 -0.130015 2.689166 0.171324 -0.193211 2.653563 0.103360 -0.257364 2.662816 0.234667 -0.263321 2.631434 0.092664 -0.619293 2.447732 0.253525 -0.720002 2.708285 0.087991 -0.991176 2.322964 0.242485 -1.034157 2.742606 0.072563 -1.032613 2.223596 0.248891 -1.073881 2.652225 
0.160697 0.373452 2.654144 0.179551 0.205899 2.647746 0.022075 0.098645 2.687510 0.313015 0.077441 2.629870 -0.014677 -0.190127 2.726294 0.372813 -0.177562 2.607345 -0.046205 -0.414782 2.607345 0.410905 -0.384228 2.687152 -0.055058 -0.463784 2.682249 0.412754 -0.424552 2.467488 0.173732 -0.127937 2.658201 0.167077 -0.191043 2.622054 0.099329 -0.254949 2.631550 0.230095 -0.261052 2.599139 0.090971 -0.613540 2.419780 0.252951 -0.715762 2.673323 0.083698 -0.986668 2.286364 0.241789 -1.034568 2.738143 0.067990 -1.027745 2.185768 0.247864 -1.073914 2.649065 
0.154564 0.375340 2.625741 0.174920 0.208331 2.617183 0.018350 0.100428 2.657994 0.308002 0.080129 2.599064 -0.017132 -0.187779 2.698868 0.369904 -0.174088 2.579545 -0.048896 -0.412608 2.579545 0.409135 -0.380766 2.661701 -0.057327 -0.461308 2.658402 0.410485 -0.420478 2.441328 0.169385 -0.125944 2.627095 0.162350 -0.189007 2.590349 0.094906 -0.252698 2.600084 0.225069 -0.258754 2.566934 0.089562 -0.608568 2.394554 0.251964 -0.710060 2.632227 0.079794 -0.982670 2.253248 0.241071 -1.033739 2.730842 0.063788 -1.023500 2.151526 0.246213 -1.072253 2.642756 
0.148338 0.377670 2.596828 0.170230 0.210778 2.587926 0.013780 0.102260 2.626933 0.303075 0.083196 2.569693 -0.020350 -0.185929 2.669464 0.366990 -0.170390 2.553286 -0.051807 -0.411129 2.553286 0.407436 -0.377425 2.635910 -0.060523 -0.462626 2.631889 0.408633 -0.417344 2.417397 0.164799 -0.123944 2.597160 0.157559 -0.186938 2.559695 0.090254 -0.250598 2.568916 0.220120 -0.256350 2.536266 0.088491 -0.604912 2.370754 0.249981 -0.702182 2.585042 0.076087 -0.979518 2.223569 0.240027 -1.030935 2.717919 0.059914 -1.019949 2.120953 0.244192 -1.068492 2.631027 
0.142062 0.380203 2.569237 0.164942 0.213549 2.558263 0.009272 0.104514 2.597475 0.297901 0.086554 2.541108 -0.023956 -0.184300 2.638100 0.364207 -0.166744 2.529051 -0.055714 -0.409579 2.529051 0.405896 -0.374225 2.604859 -0.063915 -0.460873 2.602248 0.406882 -0.414171 2.396183 0.159879 -0.121334 2.567242 0.152413 -0.184187 2.529045 0.085514 -0.247981 2.538357 0.214615 -0.253052 2.505198 0.087482 -0.601337 2.349019 0.247426 -0.692133 2.533834 0.072745 -0.976789 2.197097 0.238883 -1.026046 2.696902 0.056419 -1.016932 2.093948 0.242418 -1.065191 2.619146 
0.135299 0.383087 2.541079 0.159953 0.216285 2.530330 0.004468 0.106381 2.567793 0.293066 0.090092 2.514319 -0.027988 -0.182690 2.606161 0.361602 -0.163315 2.506721 -0.059863 -0.407774 2.506721 0.404548 -0.371312 2.570605 -0.067688 -0.458334 2.567564 0.405296 -0.411286 2.376887 0.155031 -0.118737 2.538900 0.147463 -0.181426 2.499911 0.080652 -0.245271 2.508100 0.209526 -0.249901 2.476496 0.086565 -0.598205 2.329148 0.244562 -0.680378 2.479815 0.069767 -0.974670 2.173933 0.236245 -1.015629 2.660766 0.053459 -1.014560 2.070656 0.238448 -1.053564 2.584465 
0.129459 0.385985 2.514357 0.154793 0.219095 2.502577 -0.000781 0.108218 2.537910 0.288128 0.093789 2.487987 -0.032850 -0.181224 2.570960 0.358949 -0.159894 2.485509 -0.064515 -0.406119 2.485509 0.403317 -0.368588 2.532825 -0.071876 -0.455188 2.528320 0.403872 -0.408689 2.359483 0.150320 -0.116037 2.510803 0.142776 -0.178534 2.470943 0.076102 -0.242645 2.478298 0.204876 -0.246527 2.447968 0.085649 -0.595525 2.310934 0.241085 -0.668490 2.426341 0.068087 -0.973229 2.154501 0.233968 -0.999553 2.608162 0.052129 -1.012933 2.051665 0.235873 -1.043339 2.553547 
0.123638 0.388966 2.487517 0.149802 0.221882 2.475949 -0.005758 0.110461 2.508732 0.283664 0.097537 2.463508 -0.037540 -0.179428 2.536579 0.356452 -0.157046 2.465506 -0.070306 -0.402489 2.465506 0.402262 -0.366271 2.488593 -0.076547 -0.450566 2.483269 0.402577 -0.406335 2.343647 0.145821 -0.113290 2.484059 0.138444 -0.175590 2.443370 0.071872 -0.239909 2.449089 0.200666 -0.243227 2.421471 0.084700 -0.592994 2.294423 0.237646 -0.656533 2.371669 0.067076 -0.972014 2.138302 0.232239 -0.992986 2.570703 0.051784 -1.011765 2.036433 0.233443 -1.036650 2.518441 
0.118353 0.391919 2.461491 0.145009 0.224678 2.449837 -0.010520 0.112678 2.479532 0.279337 0.101720 2.439587 -0.042568 -0.175266 2.499727 0.354057 -0.154234 2.446818 -0.076247 -0.396192 2.446818 0.401311 -0.364056 2.442803 -0.081327 -0.444747 2.434263 0.401408 -0.404207 2.329241 0.141652 -0.110423 2.457877 0.134552 -0.172490 2.416321 0.068140 -0.237040 2.420211 0.196936 -0.239737 2.395836 0.083719 -0.591124 2.279323 0.234331 -0.643791 2.318836 0.066849 -0.971468 2.125357 0.230928 -0.987156 2.522446 0.052341 -1.010933 2.024635 0.231536 -1.030460 2.470656 
0.113606 0.395923 2.421120 0.140038 0.228288 2.409668 -0.015576 0.116297 2.436268 0.275526 0.106599 2.403580 -0.048999 -0.164216 2.443934 0.351087 -0.152172 2.419637 -0.085311 -0.374199 2.419637 0.400662 -0.362400 2.358487 -0.089949 -0.422860 2.335653 0.401079 -0.404720 2.312253 0.137758 -0.105981 2.418685 0.131232 -0.167733 2.376456 0.064866 -0.232899 2.377122 0.194120 -0.234596 2.359161 0.082520 -0.589242 2.263640 0.230670 -0.627545 2.251822 0.066662 -0.970170 2.113790 0.228145 -0.970875 2.407889 0.052990 -1.009497 2.014430 0.227891 -1.014000 2.350168 
0.109830 0.399912 2.379655 0.135834 0.231907 2.368913 -0.019649 0.119752 2.391300 0.272222 0.111602 2.365922 -0.054638 -0.153045 2.389193 0.348109 -0.150014 2.389084 -0.093377 -0.353637 2.389084 0.399954 -0.360880 2.280051 -0.097260 -0.402310 2.247313 0.400925 -0.405915 2.294793 0.134542 -0.101605 2.379791 0.128636 -0.163170 2.337314 0.062496 -0.228934 2.334752 0.191868 -0.229603 2.323584 0.081345 -0.587650 2.248786 0.227402 -0.612186 2.189019 0.066961 -0.968915 2.104575 0.223855 -0.955187 2.298190 0.054227 -1.008057 2.006768 0.222622 -0.998168 2.234743 
0.107065 0.403860 2.337924 0.131724 0.235124 2.328368 -0.023124 0.123098 2.348449 0.269340 0.116905 2.328748 -0.059423 -0.142424 2.337746 0.345537 -0.147986 2.359210 -0.100199 -0.335136 2.359210 0.399357 -0.359521 2.209383 -0.103250 -0.383268 2.168910 0.400277 -0.405506 2.277167 0.131791 -0.097487 2.340431 0.126551 -0.158825 2.297741 0.060730 -0.225194 2.292903 0.190180 -0.224684 2.286554 0.080148 -0.586500 2.234398 0.224617 -0.599071 2.132111 0.067565 -0.967734 2.097583 0.218982 -0.939599 2.191479 0.055718 -1.006493 2.001345 0.216506 -0.981683 2.121906 
0.105115 0.407409 2.298135 0.128766 0.238341 2.287431 -0.025903 0.126238 2.306416 0.267631 0.120831 2.290308 -0.063195 -0.132712 2.287794 0.343467 -0.146695 2.326477 -0.105718 -0.319277 2.326477 0.399161 -0.358804 2.144593 -0.107900 -0.366989 2.099154 0.400799 -0.408211 2.257351 0.129890 -0.093725 2.301105 0.125171 -0.154979 2.258520 0.059539 -0.221998 2.251529 0.189175 -0.220395 2.250031 0.078999 -0.585732 2.219452 0.222410 -0.587646 2.079592 0.068423 -0.966532 2.091726 0.213025 -0.926538 2.095125 0.057420 -1.004967 1.997079 0.208742 -0.967771 2.020215 
0.104312 0.410879 2.257686 0.126706 0.241367 2.247536 -0.027833 0.129183 2.265552 0.266712 0.124380 2.252950 -0.066149 -0.123863 2.242440 0.341714 -0.145652 2.293371 -0.110096 -0.305510 2.293371 0.399308 -0.358281 2.087805 -0.111383 -0.353319 2.038202 0.401471 -0.411819 2.234565 0.128412 -0.090313 2.261551 0.124159 -0.151444 2.218853 0.058541 -0.219111 2.210190 0.188512 -0.216458 2.212141 0.077823 -0.585042 2.203777 0.220994 -0.577474 2.029708 0.069079 -0.965122 2.086922 0.204845 -0.915443 2.008734 0.058908 -1.003299 1.993915 0.197981 -0.955657 1.929188 
0.104440 0.414369 2.217366 0.125359 0.244539 2.207882 -0.028136 0.132429 2.223375 0.266318 0.128709 2.213975 -0.067957 -0.115832 2.198361 0.340814 -0.144421 2.258628 -0.113597 -0.294350 2.258628 0.399797 -0.357691 2.037375 -0.114056 -0.342194 1.985020 0.401819 -0.412100 2.210315 0.127600 -0.086907 2.222689 0.123801 -0.148006 2.180100 0.058282 -0.216167 2.170539 0.188407 -0.212419 2.174674 0.076563 -0.584256 2.186277 0.219108 -0.569791 1.981819 0.070016 -0.963552 2.082392 0.200112 -0.908162 1.935344 0.060702 -1.001520 1.990951 0.192437 -0.947565 1.853395 
0.105493 0.417886 2.179198 0.125091 0.248036 2.169037 -0.027825 0.135584 2.183843 0.266803 0.132529 2.176767 -0.069220 -0.109150 2.157324 0.340510 -0.143263 2.222364 -0.116107 -0.285340 2.222364 0.400924 -0.357027 1.992473 -0.116167 -0.333051 1.938953 0.403633 -0.415957 2.181226 0.127558 -0.083640 2.183934 0.124138 -0.144760 2.141267 0.058667 -0.213371 2.130602 0.188918 -0.208652 2.137122 0.075370 -0.583349 2.166213 0.217626 -0.563099 1.939327 0.070800 -0.961798 2.078345 0.195611 -0.899638 1.859963 0.062274 -0.999556 1.988422 0.187325 -0.938129 1.775937 
0.107503 0.421305 2.142556 0.125452 0.251493 2.132244 -0.026552 0.138824 2.144153 0.268097 0.136163 2.138929 -0.069805 -0.103700 2.118541 0.340733 -0.141109 2.184013 -0.118111 -0.278174 2.184013 0.402064 -0.355506 1.953086 -0.117948 -0.325356 1.898791 0.405097 -0.416442 2.148720 0.128084 -0.080582 2.146264 0.125020 -0.141693 2.103298 0.059513 -0.210658 2.091946 0.190038 -0.205044 2.099627 0.074049 -0.582407 2.143066 0.217094 -0.556127 1.899336 0.071348 -0.960225 2.074158 0.188671 -0.892765 1.801974 0.063528 -0.997727 1.985573 0.179618 -0.930690 1.716238 
0.110162 0.424647 2.107279 0.126866 0.254817 2.095629 -0.024848 0.142042 2.107108 0.269891 0.140465 2.102322 -0.070035 -0.098777 2.083159 0.341430 -0.138499 2.145250 -0.119794 -0.271838 2.145250 0.403232 -0.353164 1.918207 -0.119449 -0.318617 1.862990 0.406923 -0.416223 2.113652 0.129484 -0.077402 2.109172 0.126641 -0.138460 2.065935 0.061152 -0.207649 2.054086 0.191740 -0.201360 2.062695 0.072498 -0.580950 2.114810 0.216778 -0.549976 1.863572 0.071893 -0.958693 2.069914 0.180559 -0.885810 1.747107 0.064702 -0.995919 1.982465 0.170599 -0.923073 1.659755 
0.114057 0.427975 2.073034 0.128821 0.258189 2.061296 -0.022103 0.145539 2.070112 0.272150 0.144983 2.067063 -0.069957 -0.094002 2.050765 0.342532 -0.135352 2.106008 -0.121250 -0.266063 2.106008 0.404483 -0.350105 1.887166 -0.120442 -0.312929 1.831097 0.409396 -0.414784 2.073753 0.131232 -0.074264 2.073870 0.128690 -0.135240 2.030185 0.063138 -0.204542 2.018126 0.193911 -0.197670 2.026812 0.070756 -0.581547 2.083768 0.216715 -0.544439 1.830973 0.072445 -0.957347 2.065417 0.173277 -0.879708 1.698727 0.065819 -0.994315 1.978899 0.162650 -0.916357 1.610039 
0.118674 0.431127 2.040352 0.131427 0.261512 2.028289 -0.019083 0.148897 2.035683 0.274758 0.149379 2.032959 -0.069647 -0.089579 2.021262 0.343991 -0.132007 2.067234 -0.122336 -0.261007 2.067234 0.405757 -0.346275 1.859333 -0.120713 -0.308444 1.803338 0.411952 -0.412586 2.030659 0.133511 -0.071214 2.040106 0.131131 -0.132118 1.996007 0.065622 -0.201324 1.983454 0.196300 -0.194217 1.992892 0.069164 -0.579505 2.047424 0.216669 -0.539535 1.801632 0.073208 -0.955555 2.059318 0.167072 -0.874471 1.655788 0.067097 -0.992414 1.973907 0.155789 -0.910633 1.565896 
0.123719 0.434339 2.009179 0.134380 0.264810 1.996966 -0.015772 0.152186 2.003156 0.277642 0.153711 2.000159 -0.069093 -0.085531 1.994210 0.345678 -0.128198 2.028214 -0.122915 -0.256775 2.028214 0.407136 -0.341919 1.834609 -0.120230 -0.305274 1.780024 0.414515 -0.409620 1.985671 0.136178 -0.068092 2.007675 0.133915 -0.128860 1.963065 0.068457 -0.197924 1.950032 0.199000 -0.190639 1.960074 0.067794 -0.578480 2.007216 0.216619 -0.535090 1.775209 0.074659 -0.953575 2.050358 0.162799 -0.869911 1.616369 0.069029 -0.990091 1.965922 0.150983 -0.905752 1.525306 
0.129604 0.438233 1.975828 0.138700 0.268901 1.963374 -0.011421 0.156721 1.969297 0.281052 0.157749 1.964729 -0.068260 -0.081555 1.969170 0.347965 -0.123118 1.984848 -0.123270 -0.252890 1.984848 0.408531 -0.335381 1.812213 -0.119376 -0.302370 1.759616 0.416476 -0.402998 1.930049 0.139509 -0.064501 1.973524 0.137123 -0.125214 1.928483 0.071557 -0.193867 1.915971 0.201992 -0.186818 1.924957 0.066287 -0.575003 1.955433 0.216563 -0.531379 1.750329 0.071578 -0.950263 2.014895 0.159854 -0.866380 1.581151 0.066388 -0.986164 1.931668 0.147680 -0.901940 1.489131 
0.135355 0.441954 1.944926 0.142970 0.272739 1.932464 -0.007261 0.160986 1.938681 0.284467 0.161483 1.932350 -0.067240 -0.077839 1.946209 0.350145 -0.118118 1.944396 -0.123245 -0.249526 1.944396 0.409513 -0.328637 1.792181 -0.118245 -0.300107 1.741925 0.418095 -0.396106 1.876709 0.142726 -0.061144 1.942416 0.140170 -0.121821 1.897013 0.074476 -0.190050 1.885044 0.204828 -0.183349 1.892882 0.064784 -0.570702 1.904454 0.216509 -0.528064 1.728058 0.067624 -0.945847 1.972539 0.157566 -0.863538 1.549682 0.062741 -0.981322 1.890295 0.145158 -0.898910 1.456914 
