58
0.338621 0.987994 3.502957 0.334218 0.818569 3.552229 0.178455 0.719973 3.584955 0.530256 0.706692 3.574629 0.128273 0.453523 3.645208 0.633968 0.449302 3.635977 0.124245 0.206330 3.635977 0.644361 0.207752 3.626101 0.136127 0.113311 3.618796 0.646611 0.114837 3.610019 0.349970 0.461060 3.609738 0.356125 0.390006 3.606435 0.279808 0.310205 3.613872 0.438677 0.311254 3.607708 0.293731 -0.223769 3.769386 0.425332 -0.242164 3.563033 0.315918 -0.577612 3.837342 0.396681 -0.592684 3.435337 0.282843 -0.667725 3.811997 0.391813 -0.661139 3.336711 
0.331694 0.982926 3.480506 0.328937 0.812848 3.528062 0.171623 0.715109 3.562687 0.524895 0.701109 3.553167 0.121177 0.448077 3.625964 0.626754 0.443716 3.614780 0.118193 0.201067 3.614780 0.638658 0.201999 3.608555 0.131602 0.106786 3.601495 0.639419 0.108089 3.596524 0.343915 0.456301 3.587657 0.350018 0.385523 3.587918 0.273478 0.305366 3.597219 0.432770 0.306827 3.590085 0.289756 -0.226635 3.761303 0.417276 -0.248503 3.524636 0.315325 -0.578853 3.836231 0.384341 -0.594843 3.386987 0.283416 -0.668866 3.805146 0.378074 -0.663123 3.285908 
0.325499 0.978160 3.452726 0.324394 0.807567 3.498826 0.165270 0.710363 3.537619 0.519567 0.694383 3.525935 0.114150 0.442625 3.603923 0.619534 0.437679 3.591028 0.112166 0.194976 3.591028 0.632217 0.195461 3.586846 0.126867 0.100477 3.582735 0.632117 0.100708 3.580547 0.337755 0.450908 3.560655 0.343529 0.380180 3.564486 0.266558 0.299859 3.575255 0.426318 0.301509 3.567945 0.287284 -0.234996 3.742276 0.409389 -0.253532 3.489947 0.314377 -0.580247 3.835283 0.373346 -0.596921 3.343477 0.282612 -0.669673 3.803450 0.365996 -0.665205 3.242040 
0.320238 0.973488 3.425053 0.320467 0.802634 3.470630 0.159574 0.705272 3.509398 0.514934 0.687967 3.498121 0.107241 0.436999 3.579518 0.612295 0.430756 3.563069 0.106528 0.189097 3.563069 0.624414 0.188234 3.564392 0.122006 0.094101 3.560138 0.623953 0.092504 3.559865 0.331962 0.445548 3.531828 0.337245 0.374765 3.538284 0.259736 0.294221 3.550012 0.419881 0.295985 3.542047 0.282245 -0.235813 3.716437 0.401880 -0.257607 3.459093 0.312752 -0.579808 3.831879 0.363821 -0.598815 3.305475 0.282186 -0.669597 3.800735 0.355474 -0.667202 3.203623 
0.316326 0.969432 3.396802 0.317650 0.797965 3.440756 0.154384 0.700740 3.479586 0.511479 0.681423 3.467525 0.100795 0.431719 3.553840 0.605485 0.424550 3.533743 0.101228 0.183757 3.533743 0.617169 0.181653 3.540679 0.116802 0.088640 3.535860 0.616110 0.084627 3.536415 0.326795 0.440683 3.500317 0.331408 0.369850 3.509121 0.253037 0.288956 3.521090 0.413913 0.290742 3.513968 0.277360 -0.240658 3.687261 0.394973 -0.260583 3.425764 0.310598 -0.580596 3.827584 0.355514 -0.600450 3.272218 0.281428 -0.669894 3.797373 0.346299 -0.668820 3.170155 
0.313043 0.966335 3.366227 0.315182 0.794259 3.408708 0.149803 0.696866 3.448580 0.508769 0.675393 3.434644 0.094807 0.427116 3.525176 0.599334 0.418077 3.499722 0.096003 0.178915 3.499722 0.609634 0.174626 3.513425 0.111165 0.083763 3.508848 0.607005 0.075892 3.503994 0.321924 0.436652 3.465850 0.325793 0.365707 3.476415 0.246503 0.284666 3.488640 0.408154 0.285912 3.481278 0.271308 -0.245058 3.650388 0.388750 -0.263184 3.395622 0.307405 -0.580488 3.819765 0.348189 -0.601878 3.242919 0.279344 -0.666923 3.782089 0.338191 -0.670169 3.140546 
0.311295 0.963219 3.332784 0.313609 0.790689 3.374234 0.146293 0.693377 3.415765 0.506841 0.669665 3.401038 0.089281 0.423016 3.493681 0.593807 0.411817 3.464458 0.090556 0.174058 3.464458 0.602620 0.167848 3.482293 0.105055 0.079697 3.480934 0.598545 0.067386 3.469873 0.317663 0.432809 3.428924 0.320706 0.361744 3.440967 0.240475 0.280769 3.452800 0.402823 0.281195 3.446720 0.262821 -0.245757 3.600950 0.382703 -0.265063 3.365976 0.302304 -0.577419 3.802074 0.341619 -0.603143 3.216770 0.275969 -0.659271 3.753542 0.330917 -0.671310 3.113953 
0.310524 0.960878 3.300233 0.312482 0.787807 3.340417 0.143658 0.691098 3.382412 0.505360 0.664595 3.365624 0.084278 0.419125 3.460666 0.588954 0.406576 3.428479 0.085587 0.169891 3.428479 0.596271 0.162089 3.449967 0.098857 0.076509 3.448138 0.590287 0.059949 3.432722 0.314125 0.429694 3.392001 0.316383 0.358513 3.404969 0.235395 0.277829 3.416706 0.398163 0.277115 3.410415 0.254157 -0.249435 3.548869 0.377033 -0.266570 3.338686 0.296840 -0.575354 3.781343 0.335668 -0.604256 3.193218 0.272147 -0.652935 3.722215 0.324377 -0.672426 3.090031 
0.310584 0.958382 3.266249 0.311968 0.785024 3.307736 0.141507 0.689689 3.349216 0.504404 0.660326 3.331596 0.079729 0.415786 3.428969 0.584965 0.401365 3.389667 0.080724 0.166331 3.389667 0.588846 0.156290 3.416110 0.092524 0.073998 3.410234 0.580218 0.052569 3.385003 0.311302 0.426930 3.355453 0.312793 0.355700 3.368832 0.231034 0.275398 3.379653 0.394225 0.273308 3.374396 0.244969 -0.252972 3.489752 0.371692 -0.267968 3.312930 0.289015 -0.574896 3.747139 0.330312 -0.605302 3.171915 0.266546 -0.648025 3.676670 0.318617 -0.673604 3.068992 
0.311324 0.956360 3.230595 0.312292 0.782816 3.272953 0.139825 0.688284 3.316132 0.504008 0.656887 3.297705 0.075793 0.412672 3.397547 0.580967 0.396607 3.348799 0.075918 0.163241 3.348799 0.581489 0.149938 3.381886 0.086556 0.072604 3.372441 0.570931 0.044637 3.339137 0.309160 0.424912 3.317139 0.309863 0.353660 3.330735 0.227241 0.273717 3.341107 0.390989 0.270239 3.336062 0.235239 -0.253977 3.426807 0.366764 -0.268978 3.288721 0.278293 -0.574625 3.699303 0.325625 -0.606316 3.152937 0.260113 -0.646967 3.639602 0.313711 -0.674764 3.051142 
0.312213 0.954416 3.196197 0.312691 0.780951 3.239964 0.138718 0.686990 3.281640 0.503351 0.653590 3.261284 0.072367 0.409896 3.365295 0.577587 0.392374 3.310072 0.071443 0.160557 3.310072 0.574958 0.144499 3.346564 0.081222 0.071527 3.336618 0.561913 0.037993 3.289697 0.307407 0.422945 3.280324 0.307406 0.351596 3.293766 0.224123 0.272143 3.303535 0.388189 0.267294 3.298646 0.225733 -0.254486 3.360089 0.362523 -0.269668 3.266115 0.266275 -0.576087 3.638635 0.321602 -0.607272 3.136269 0.249001 -0.647710 3.588903 0.309659 -0.675887 3.036609 
0.313213 0.953307 3.162483 0.313466 0.779686 3.207374 0.137895 0.686296 3.249473 0.502953 0.650953 3.227363 0.069672 0.407814 3.331622 0.574600 0.388788 3.268567 0.067453 0.158619 3.268567 0.568059 0.138600 3.310842 0.076216 0.071038 3.299873 0.553882 0.031407 3.239890 0.306165 0.421443 3.244068 0.305509 0.349985 3.257209 0.221625 0.271037 3.266449 0.385954 0.264844 3.261390 0.217046 -0.255579 3.295609 0.358998 -0.270357 3.245449 0.253867 -0.580183 3.559611 0.318269 -0.608208 3.122094 0.235347 -0.650914 3.516016 0.306501 -0.677002 3.025383 
0.314267 0.952662 3.129681 0.314155 0.778885 3.175476 0.137180 0.686127 3.218147 0.502557 0.649372 3.193768 0.067468 0.406047 3.300128 0.571823 0.385288 3.227937 0.063691 0.157051 3.227937 0.562029 0.134376 3.276914 0.071491 0.071339 3.264701 0.546086 0.027137 3.186558 0.304991 0.420371 3.208892 0.303733 0.348811 3.221618 0.219344 0.270378 3.230356 0.383821 0.262915 3.225172 0.209178 -0.256742 3.232595 0.355980 -0.271063 3.226558 0.238743 -0.585731 3.466651 0.315400 -0.609655 3.110030 0.218165 -0.655237 3.424421 0.304231 -0.679450 3.017867 
0.315300 0.952106 3.097765 0.314783 0.778503 3.144298 0.136619 0.686080 3.187584 0.502396 0.648255 3.161109 0.065699 0.404622 3.269584 0.569481 0.382705 3.189150 0.060188 0.155917 3.189150 0.555471 0.130142 3.243223 0.067256 0.072190 3.229124 0.539254 0.023497 3.135906 0.304016 0.419644 3.174901 0.302231 0.347976 3.187168 0.217391 0.269999 3.195726 0.382042 0.261358 3.189865 0.202156 -0.258271 3.174348 0.353386 -0.271724 3.209323 0.220563 -0.592081 3.358775 0.313121 -0.611362 3.100256 0.199537 -0.661011 3.314704 0.302713 -0.682168 3.012980 
0.316430 0.951573 3.066362 0.315245 0.778193 3.113495 0.136332 0.686065 3.155974 0.502335 0.647480 3.128564 0.064150 0.403678 3.238580 0.567355 0.380723 3.151879 0.056320 0.155370 3.151879 0.550126 0.128242 3.209004 0.062475 0.071017 3.192089 0.533154 0.021306 3.086550 0.303015 0.419078 3.141819 0.300755 0.347327 3.153613 0.215502 0.269881 3.161853 0.380315 0.259995 3.155751 0.195838 -0.259902 3.119051 0.351217 -0.272143 3.192985 0.203077 -0.598254 3.244387 0.311347 -0.613004 3.092474 0.181062 -0.666099 3.194976 0.302043 -0.684682 3.010250 
0.317310 0.951600 3.036151 0.315274 0.778010 3.082870 0.136036 0.685905 3.126109 0.501907 0.646771 3.096277 0.062828 0.402663 3.206244 0.565290 0.378512 3.113365 0.053730 0.153752 3.113365 0.544883 0.125719 3.173466 0.058432 0.070199 3.157722 0.527331 0.019959 3.039446 0.302018 0.418404 3.109640 0.299381 0.346523 3.120992 0.213888 0.269627 3.129406 0.378706 0.258585 3.122302 0.189940 -0.262260 3.067136 0.349331 -0.272498 3.178146 0.185783 -0.605151 3.128714 0.310096 -0.614744 3.086792 0.164651 -0.670730 3.072058 0.302146 -0.687228 3.009770 
0.317464 0.950948 3.005855 0.315466 0.777454 3.052361 0.135618 0.685221 3.095084 0.501497 0.646231 3.065620 0.061616 0.401595 3.175806 0.563441 0.376430 3.077440 0.051411 0.152116 3.077440 0.539861 0.123358 3.140352 0.053942 0.069687 3.121869 0.522093 0.018597 2.991833 0.301249 0.417482 3.077825 0.298278 0.345493 3.088718 0.212576 0.269012 3.097050 0.377380 0.257062 3.089463 0.184104 -0.265030 3.017041 0.347712 -0.272793 3.164475 0.169473 -0.609567 3.016442 0.309328 -0.616484 3.083151 0.149085 -0.674142 2.947861 0.302898 -0.689626 3.011221 
0.317487 0.949941 2.974901 0.315082 0.776729 3.022591 0.135080 0.684273 3.064293 0.500537 0.645216 3.033320 0.060323 0.399915 3.146008 0.561701 0.374381 3.043487 0.049273 0.150128 3.043487 0.535045 0.120865 3.107853 0.050045 0.068551 3.088137 0.517447 0.017319 2.949002 0.300308 0.416277 3.046902 0.297094 0.344149 3.057297 0.211325 0.268123 3.065622 0.376025 0.255303 3.057522 0.179050 -0.267340 2.972964 0.346404 -0.273040 3.151802 0.155496 -0.610266 2.914511 0.309063 -0.618389 3.081145 0.135724 -0.673481 2.834594 0.303940 -0.692097 3.013909 
0.316997 0.948817 2.944988 0.314125 0.775549 2.993177 0.134064 0.682595 3.033493 0.499345 0.644063 3.002411 0.058854 0.397628 3.114201 0.559592 0.371980 3.008090 0.047144 0.147834 3.008090 0.530738 0.118480 3.075272 0.046492 0.066965 3.056271 0.512940 0.015674 2.907369 0.299142 0.414638 3.016361 0.295773 0.342373 3.026231 0.209995 0.266759 3.034321 0.374623 0.253123 3.026007 0.174428 -0.269099 2.931056 0.345347 -0.273286 3.139946 0.143861 -0.610699 2.822845 0.309191 -0.620303 3.080679 0.124551 -0.672653 2.733855 0.305400 -0.694441 3.017763 
0.315602 0.947276 2.913558 0.312348 0.774100 2.962564 0.132518 0.680546 3.002770 0.497444 0.642644 2.971246 0.057276 0.395476 3.083304 0.557277 0.369372 2.974403 0.044994 0.145435 2.974403 0.526727 0.115653 3.043622 0.043140 0.065348 3.022900 0.508859 0.013699 2.869548 0.297618 0.412572 2.985281 0.294191 0.340140 2.994704 0.208589 0.264970 3.002956 0.372965 0.250550 2.994013 0.170235 -0.271278 2.891415 0.344459 -0.273649 3.128276 0.133675 -0.611720 2.743945 0.309664 -0.622127 3.081503 0.115228 -0.672479 2.647534 0.307164 -0.696649 3.022641 
0.313765 0.945628 2.883945 0.310260 0.772142 2.932088 0.130201 0.677917 2.972112 0.494731 0.640696 2.939317 0.055152 0.392995 3.052797 0.554751 0.366795 2.942457 0.042403 0.142474 2.942457 0.523080 0.113012 3.011789 0.039395 0.061973 2.989620 0.505292 0.011661 2.835227 0.295745 0.410057 2.954539 0.292266 0.337471 2.963562 0.206828 0.262637 2.971958 0.370941 0.247591 2.962363 0.166213 -0.274906 2.851981 0.343973 -0.274012 3.115232 0.125386 -0.615569 2.672498 0.310522 -0.624153 3.082536 0.106951 -0.674755 2.572339 0.308979 -0.699138 3.027487 
0.310071 0.942937 2.852187 0.306993 0.769586 2.900276 0.126954 0.675168 2.941469 0.491013 0.638612 2.907203 0.052354 0.390139 3.020468 0.551327 0.362995 2.908996 0.039498 0.139556 2.908996 0.519523 0.109763 2.979724 0.035953 0.058328 2.957344 0.502148 0.009798 2.804345 0.293060 0.407011 2.922629 0.289615 0.334288 2.931280 0.204537 0.259859 2.940438 0.368173 0.244071 2.929099 0.162577 -0.278159 2.815511 0.343418 -0.274598 3.100919 0.118112 -0.618614 2.611446 0.311553 -0.626180 3.083743 0.099686 -0.676522 2.507949 0.311086 -0.701828 3.032733 
0.305628 0.940156 2.820834 0.302845 0.766831 2.867752 0.122726 0.672056 2.908489 0.486451 0.636437 2.874007 0.049288 0.387245 2.988792 0.547741 0.359733 2.877498 0.036169 0.136765 2.877498 0.516300 0.107017 2.948440 0.032117 0.054487 2.925540 0.499433 0.007433 2.775145 0.289648 0.403853 2.889947 0.286288 0.331021 2.898232 0.201386 0.256872 2.907331 0.364952 0.240625 2.895740 0.158873 -0.280949 2.780338 0.342830 -0.274928 3.082173 0.111499 -0.621027 2.557840 0.312376 -0.627689 3.084199 0.093118 -0.677859 2.451101 0.313449 -0.704379 3.039159 
0.299978 0.937491 2.788903 0.297769 0.764091 2.834192 0.117716 0.668722 2.875897 0.480552 0.634202 2.839294 0.045265 0.383802 2.954897 0.543235 0.356778 2.844817 0.032036 0.133489 2.844817 0.512728 0.104596 2.914922 0.027529 0.051244 2.892485 0.496972 0.005718 2.749114 0.285324 0.400633 2.855805 0.282072 0.327683 2.863662 0.197518 0.253776 2.873367 0.360739 0.237204 2.860169 0.155383 -0.283572 2.747561 0.341565 -0.275948 3.057409 0.105546 -0.623230 2.509737 0.313149 -0.628817 3.084116 0.087559 -0.679619 2.400579 0.314689 -0.705633 3.041456 
0.292284 0.934903 2.754466 0.291611 0.761856 2.799571 0.111003 0.665003 2.841876 0.473716 0.632206 2.804435 0.040479 0.380874 2.920036 0.538542 0.354304 2.813744 0.027643 0.130753 2.813744 0.509439 0.102525 2.882129 0.022260 0.047007 2.859823 0.494628 0.004225 2.724898 0.279989 0.397688 2.820699 0.276878 0.324587 2.828185 0.192521 0.250632 2.838078 0.355684 0.234176 2.823985 0.151919 -0.285844 2.716359 0.340303 -0.276691 3.024247 0.100617 -0.625594 2.467244 0.313741 -0.629696 3.083283 0.083427 -0.681957 2.357635 0.315998 -0.705919 3.041715 
0.283487 0.932342 2.720563 0.284953 0.759706 2.765746 0.103389 0.661149 2.807008 0.465599 0.630087 2.767702 0.034850 0.377810 2.884830 0.533435 0.352177 2.783863 0.021704 0.127937 2.783863 0.506339 0.100775 2.845847 0.016139 0.044518 2.825339 0.492496 0.002887 2.703247 0.273881 0.394795 2.785053 0.270880 0.321538 2.791906 0.186770 0.247327 2.802227 0.349702 0.231409 2.786154 0.148799 -0.287876 2.687981 0.337318 -0.274369 2.974969 0.096955 -0.628219 2.431399 0.315045 -0.627878 3.078896 0.080904 -0.684870 2.323554 0.317479 -0.701494 3.035146 
0.273658 0.930290 2.685065 0.276798 0.757718 2.730652 0.095277 0.657707 2.773376 0.457269 0.628404 2.732321 0.027979 0.375115 2.847131 0.526970 0.350761 2.752373 0.015671 0.125488 2.752373 0.503382 0.099636 2.811716 0.009397 0.040216 2.789433 0.490473 0.001902 2.683252 0.266645 0.392428 2.748488 0.263849 0.319097 2.754868 0.179733 0.244425 2.764681 0.343084 0.229315 2.748724 0.145923 -0.289612 2.661725 0.333605 -0.270979 2.914861 0.094634 -0.631011 2.402635 0.316045 -0.623795 3.068374 0.079949 -0.688219 2.298808 0.317944 -0.693872 3.019719 
0.263510 0.928579 2.650960 0.268497 0.755800 2.696390 0.086358 0.654397 2.737853 0.448321 0.626905 2.696834 0.020704 0.372566 2.810672 0.520728 0.349504 2.723324 0.008367 0.123282 2.723324 0.500038 0.098642 2.773628 0.002193 0.036922 2.751770 0.488438 0.000758 2.664201 0.259074 0.390192 2.712296 0.256450 0.316805 2.718093 0.172465 0.241602 2.727938 0.335880 0.227622 2.710779 0.143375 -0.291230 2.637702 0.330370 -0.271047 2.855567 0.093612 -0.633888 2.381238 0.317579 -0.620973 3.054604 0.080411 -0.691909 2.283304 0.319089 -0.687893 3.000207 
0.252029 0.926128 2.614586 0.259188 0.753722 2.660093 0.077375 0.651422 2.704162 0.439134 0.626044 2.662345 0.012457 0.370240 2.771760 0.514135 0.348772 2.694588 0.000315 0.121270 2.694588 0.496903 0.098070 2.733911 -0.005545 0.034187 2.710468 0.486025 0.000429 2.645199 0.250812 0.388288 2.675693 0.248431 0.314931 2.681262 0.164352 0.239009 2.690497 0.328390 0.226438 2.674103 0.141031 -0.292760 2.615652 0.324875 -0.266530 2.782543 0.093785 -0.636782 2.367082 0.318560 -0.613946 3.024104 0.082083 -0.695738 2.276170 0.318790 -0.676826 2.961521 
0.241081 0.924202 2.580725 0.250113 0.752095 2.626196 0.067240 0.648340 2.668490 0.429627 0.625452 2.627805 0.003684 0.367897 2.733357 0.507109 0.348365 2.665744 -0.008714 0.119475 2.665744 0.493608 0.097830 2.691549 -0.014083 0.032343 2.666706 0.483640 0.000483 2.627178 0.242297 0.386773 2.639759 0.240046 0.313439 2.644607 0.155990 0.236708 2.653719 0.320213 0.225707 2.636115 0.138866 -0.294187 2.595568 0.318572 -0.264625 2.713252 0.095009 -0.639603 2.359746 0.319428 -0.610845 2.983758 0.084648 -0.699592 2.276300 0.320414 -0.674015 2.932551 
0.229279 0.922177 2.544925 0.240340 0.750434 2.590566 0.057185 0.645721 2.634032 0.420156 0.624863 2.594019 -0.005802 0.365737 2.693373 0.499958 0.348186 2.637701 -0.018040 0.117885 2.637701 0.489263 0.097389 2.647584 -0.022795 0.031310 2.621904 0.480712 0.000370 2.608129 0.233662 0.385573 2.604238 0.231668 0.312319 2.608915 0.147522 0.234808 2.617545 0.312393 0.225213 2.600618 0.136763 -0.295668 2.577325 0.310672 -0.266497 2.646008 0.097339 -0.642439 2.358400 0.319237 -0.616589 2.925095 0.088489 -0.704036 2.283912 0.323431 -0.679132 2.875708 
0.217927 0.920369 2.510522 0.230667 0.749020 2.556555 0.046850 0.643188 2.597690 0.410572 0.624610 2.560487 -0.015720 0.363708 2.653387 0.492535 0.348347 2.609458 -0.027560 0.116711 2.609458 0.484802 0.097688 2.601495 -0.031830 0.032016 2.574199 0.477424 0.000024 2.588992 0.224985 0.384602 2.569544 0.223242 0.311441 2.573943 0.139134 0.233183 2.582071 0.304425 0.225042 2.565782 0.134707 -0.297038 2.560755 0.301895 -0.268390 2.577956 0.100438 -0.645141 2.361559 0.312594 -0.619767 2.845454 0.092710 -0.708412 2.295885 0.318514 -0.682823 2.798709 
0.206265 0.918226 2.474527 0.220646 0.747543 2.521858 0.036782 0.640730 2.562887 0.400998 0.624359 2.527289 -0.025892 0.362471 2.613268 0.484804 0.348683 2.580926 -0.037778 0.116674 2.580926 0.480093 0.098186 2.553963 -0.041876 0.032943 2.522414 0.473264 -0.000233 2.567513 0.216280 0.383718 2.535062 0.214849 0.310680 2.539421 0.130830 0.231598 2.547221 0.296539 0.225033 2.531594 0.132725 -0.298381 2.545719 0.292700 -0.270576 2.510325 0.103547 -0.647985 2.367726 0.304658 -0.624177 2.744498 0.096955 -0.712958 2.310061 0.310974 -0.688801 2.701899 
0.195285 0.916180 2.440156 0.210746 0.745861 2.487892 0.026573 0.638198 2.527649 0.391802 0.623842 2.494656 -0.036730 0.361790 2.571510 0.476759 0.349000 2.552019 -0.047950 0.117250 2.552019 0.475108 0.098713 2.505142 -0.051826 0.035259 2.468979 0.468886 -0.000616 2.546002 0.207609 0.382665 2.500975 0.206484 0.309765 2.505271 0.122541 0.229838 2.512641 0.288684 0.224761 2.497827 0.130740 -0.299664 2.531909 0.282917 -0.274033 2.445733 0.106630 -0.651786 2.375430 0.293568 -0.629336 2.628275 0.099770 -0.719327 2.328942 0.299187 -0.695013 2.585533 
0.184401 0.913496 2.403996 0.201058 0.744021 2.453656 0.016755 0.635591 2.492285 0.382781 0.623347 2.462299 -0.046968 0.361457 2.532247 0.468351 0.349134 2.522034 -0.058721 0.119142 2.522034 0.469437 0.099104 2.455329 -0.061511 0.036396 2.414509 0.463041 -0.001257 2.519982 0.199073 0.381218 2.467201 0.198242 0.308415 2.471581 0.114500 0.227689 2.478639 0.280821 0.224147 2.464779 0.129909 -0.302239 2.513199 0.273260 -0.280457 2.384075 0.109510 -0.655400 2.385070 0.279010 -0.636321 2.502079 0.101759 -0.725298 2.349324 0.282042 -0.705310 2.448376 
0.174257 0.909980 2.367488 0.191635 0.741862 2.420348 0.007338 0.633088 2.457957 0.373658 0.622387 2.429215 -0.057763 0.361062 2.490892 0.459683 0.348678 2.490889 -0.069177 0.120509 2.490889 0.463371 0.098906 2.405576 -0.070508 0.038132 2.363171 0.456054 -0.002500 2.490742 0.190547 0.379334 2.433901 0.189964 0.306611 2.438328 0.106429 0.225091 2.444993 0.272780 0.223081 2.431999 0.129417 -0.305374 2.492738 0.264290 -0.285962 2.329710 0.112139 -0.658970 2.395422 0.264096 -0.641132 2.378144 0.103427 -0.731184 2.370023 0.261876 -0.709621 2.308948 
0.164604 0.906288 2.331483 0.182537 0.739001 2.386220 -0.001923 0.629536 2.422375 0.364839 0.620519 2.396146 -0.067645 0.360534 2.452467 0.450939 0.348335 2.459073 -0.079003 0.122016 2.459073 0.456879 0.098835 2.358171 -0.078878 0.039077 2.311171 0.448918 -0.003723 2.461317 0.182287 0.376563 2.400371 0.181940 0.303888 2.404980 0.098680 0.221513 2.411673 0.264920 0.221276 2.399075 0.127409 -0.307499 2.479478 0.256050 -0.290843 2.281510 0.113901 -0.664033 2.402411 0.247997 -0.643908 2.262688 0.104178 -0.733377 2.383823 0.240430 -0.709738 2.179387 
0.155449 0.901869 2.295617 0.173862 0.735421 2.352254 -0.010534 0.625958 2.388622 0.356657 0.618248 2.363460 -0.077575 0.359116 2.412854 0.441901 0.346710 2.424531 -0.088525 0.122541 2.424531 0.449054 0.097376 2.310277 -0.086874 0.039852 2.261925 0.440621 -0.006556 2.426720 0.174330 0.373340 2.367066 0.174193 0.300767 2.371904 0.091129 0.217435 2.378481 0.257318 0.218998 2.366414 0.125301 -0.309568 2.467283 0.247235 -0.297474 2.231645 0.115451 -0.669186 2.409651 0.231794 -0.647240 2.158916 0.105661 -0.732411 2.401803 0.219759 -0.710492 2.064601 
0.147034 0.896688 2.259403 0.165558 0.731214 2.318283 -0.018714 0.622056 2.354998 0.348079 0.614985 2.328564 -0.086572 0.357643 2.375323 0.432979 0.344480 2.389397 -0.097195 0.122719 2.389397 0.441416 0.095296 2.266396 -0.094244 0.039235 2.214669 0.432164 -0.009998 2.390391 0.166533 0.369359 2.332760 0.166560 0.296868 2.337642 0.083827 0.212810 2.344521 0.249640 0.215924 2.332010 0.122283 -0.311648 2.454655 0.239040 -0.303282 2.187335 0.116675 -0.674363 2.416827 0.217875 -0.649955 2.072383 0.106642 -0.736698 2.413199 0.202552 -0.711731 1.970518 
0.138991 0.891368 2.223615 0.158004 0.726318 2.283376 -0.026094 0.617927 2.320564 0.340562 0.611195 2.294719 -0.094773 0.355712 2.338796 0.424546 0.341668 2.353251 -0.105853 0.122613 2.353251 0.433786 0.092581 2.223293 -0.101151 0.039154 2.171718 0.423781 -0.014115 2.351686 0.159165 0.364919 2.297873 0.159290 0.292555 2.302899 0.076723 0.207675 2.309692 0.242308 0.212436 2.297360 0.118452 -0.313841 2.441153 0.230437 -0.307908 2.144243 0.117457 -0.677447 2.421705 0.204917 -0.653241 1.996881 0.107469 -0.738872 2.421975 0.187808 -0.713547 1.891780 
0.131410 0.885625 2.187488 0.151092 0.720845 2.247747 -0.032841 0.613233 2.285607 0.333128 0.606801 2.258606 -0.102319 0.353292 2.302611 0.415880 0.338112 2.314525 -0.113632 0.121625 2.314525 0.426339 0.089160 2.183375 -0.107629 0.038615 2.131806 0.415664 -0.018877 2.310645 0.152156 0.359860 2.261389 0.152305 0.287614 2.266349 0.069949 0.202117 2.273033 0.235110 0.208373 2.260912 0.114164 -0.319453 2.428549 0.222215 -0.311801 2.104796 0.118087 -0.680422 2.426284 0.194192 -0.655976 1.932391 0.108110 -0.740924 2.429864 0.175545 -0.715290 1.824172 
0.124867 0.881207 2.157020 0.144878 0.715211 2.210709 -0.038988 0.608340 2.250506 0.326153 0.602289 2.222504 -0.108949 0.350876 2.268572 0.407547 0.335980 2.274117 -0.120499 0.120394 2.274117 0.418655 0.087271 2.147918 -0.113469 0.038031 2.096425 0.406933 -0.021968 2.267060 0.145464 0.354748 2.224011 0.145561 0.282636 2.229018 0.063374 0.196622 2.235817 0.227992 0.204253 2.223331 0.106757 -0.320765 2.404615 0.214273 -0.314922 2.068917 0.118719 -0.682933 2.429664 0.185018 -0.658360 1.875491 0.107801 -0.742399 2.434479 0.164806 -0.716838 1.764141 
0.118463 0.877720 2.130235 0.139388 0.710007 2.174160 -0.044497 0.603499 2.214939 0.319759 0.597947 2.185385 -0.114681 0.348041 2.234822 0.399603 0.334307 2.232831 -0.126746 0.118658 2.232831 0.410663 0.085887 2.114704 -0.118696 0.037350 2.064932 0.398490 -0.024551 2.221747 0.139304 0.349788 2.185696 0.139271 0.277734 2.190249 0.057092 0.191286 2.197075 0.221384 0.200097 2.183891 0.100088 -0.324503 2.364401 0.206627 -0.317482 2.035546 0.118780 -0.684522 2.432265 0.176678 -0.660548 1.824595 0.107516 -0.742919 2.438055 0.154528 -0.718469 1.711583 
0.112744 0.874857 2.107451 0.133456 0.705432 2.135840 -0.049899 0.599033 2.180931 0.312838 0.592928 2.146051 -0.119574 0.345303 2.202212 0.392045 0.332329 2.189709 -0.132106 0.116890 2.189709 0.402846 0.084198 2.084909 -0.123363 0.036187 2.036634 0.390182 -0.027336 2.175531 0.133223 0.345196 2.147151 0.133153 0.273160 2.151629 0.051142 0.186631 2.158478 0.214987 0.195993 2.145120 0.090563 -0.326363 2.316736 0.199112 -0.319678 2.003768 0.118491 -0.685507 2.433453 0.168608 -0.662766 1.780256 0.104428 -0.740037 2.431855 0.144580 -0.720488 1.668366 
0.106961 0.872255 2.085812 0.128118 0.701300 2.099150 -0.054663 0.595418 2.145212 0.306376 0.588020 2.107552 -0.123799 0.342542 2.171098 0.384892 0.330206 2.146213 -0.136721 0.114970 2.146213 0.394877 0.082368 2.057957 -0.127521 0.034892 2.011141 0.381547 -0.030127 2.125920 0.127420 0.340693 2.108799 0.127220 0.268570 2.112656 0.045401 0.182471 2.120224 0.208601 0.191425 2.104594 0.078346 -0.326091 2.264321 0.191860 -0.321625 1.974896 0.115834 -0.682990 2.429255 0.160846 -0.664965 1.743547 0.099682 -0.733657 2.418169 0.135307 -0.722755 1.635483 
0.101928 0.869784 2.066605 0.122778 0.697355 2.061604 -0.059016 0.592229 2.111461 0.299518 0.583110 2.067352 -0.127368 0.339576 2.141033 0.378043 0.327905 2.101890 -0.140793 0.113006 2.101890 0.386866 0.080365 2.033655 -0.131257 0.033535 1.988231 0.373069 -0.032950 2.074629 0.121928 0.336767 2.070620 0.121653 0.264638 2.074136 0.040225 0.179132 2.082724 0.202513 0.187508 2.064707 0.063929 -0.322941 2.204832 0.184653 -0.323291 1.948217 0.110650 -0.678036 2.414591 0.153556 -0.667087 1.715176 0.091510 -0.724904 2.389433 0.126968 -0.725201 1.613275 
0.096935 0.867744 2.047835 0.117886 0.694083 2.025188 -0.063206 0.589628 2.078342 0.292971 0.578371 2.028519 -0.130418 0.336765 2.112841 0.371625 0.325150 2.057509 -0.144403 0.111099 2.057509 0.378775 0.077913 2.011565 -0.134652 0.032182 1.967481 0.364816 -0.035486 2.022199 0.116640 0.332970 2.033417 0.116228 0.260720 2.036478 0.035041 0.176070 2.045939 0.196635 0.183380 2.025796 0.047806 -0.319330 2.140340 0.177749 -0.324795 1.923743 0.102497 -0.672957 2.386062 0.146898 -0.669085 1.695265 0.080519 -0.716918 2.344114 0.119789 -0.727772 1.601217 
0.092176 0.865843 2.030322 0.112850 0.691094 1.988816 -0.067010 0.587791 2.045559 0.287174 0.574076 1.990487 -0.132873 0.334364 2.085318 0.365490 0.322422 2.013374 -0.147683 0.109351 2.013374 0.370689 0.075539 1.991124 -0.137816 0.029955 1.948657 0.356719 -0.037465 1.969283 0.111582 0.329908 1.996781 0.111113 0.257638 1.999545 0.030241 0.173857 2.009692 0.191158 0.179974 1.988043 0.031277 -0.314256 2.070875 0.171511 -0.326308 1.901631 0.090992 -0.668616 2.336759 0.140945 -0.670954 1.683308 0.066686 -0.710683 2.277002 0.113818 -0.730448 1.598054 
0.087387 0.864018 2.012764 0.108126 0.687858 1.952593 -0.070638 0.586212 2.013728 0.280633 0.571097 1.951456 -0.134909 0.332502 2.059256 0.359510 0.319848 1.969730 -0.150742 0.107939 1.969730 0.362409 0.073408 1.972787 -0.140746 0.028511 1.931589 0.348643 -0.038370 1.915581 0.106686 0.326650 1.960879 0.106136 0.254375 1.963542 0.025579 0.171582 1.974846 0.185791 0.176557 1.951063 0.016959 -0.310482 2.005580 0.166144 -0.327936 1.881759 0.077505 -0.667491 2.273424 0.135669 -0.672768 1.678809 0.049346 -0.710505 2.210783 0.109099 -0.733161 1.602283 
0.082799 0.862260 1.995782 0.103689 0.684727 1.917087 -0.073867 0.585422 1.980027 0.274431 0.568516 1.913966 -0.136433 0.331106 2.033738 0.353610 0.317350 1.926877 -0.153413 0.106605 1.926877 0.354196 0.071423 1.955480 -0.143391 0.027149 1.915910 0.340913 -0.038923 1.862695 0.101774 0.323627 1.925568 0.101092 0.251375 1.928135 0.020754 0.169796 1.940339 0.180295 0.173356 1.914739 0.002858 -0.307160 1.939387 0.161426 -0.329397 1.863895 0.059780 -0.663122 2.190689 0.130959 -0.674541 1.680007 0.028974 -0.708730 2.128808 0.105544 -0.736038 1.611927 
0.078093 0.860250 1.977921 0.099342 0.680882 1.880808 -0.076802 0.585535 1.947750 0.268206 0.566132 1.876007 -0.137750 0.330014 2.009189 0.347818 0.315079 1.884234 -0.156280 0.105489 1.884234 0.346040 0.069742 1.939811 -0.146175 0.026092 1.901718 0.333083 -0.038325 1.810009 0.096915 0.320898 1.890493 0.096093 0.248832 1.893154 0.015935 0.168566 1.906485 0.174886 0.170540 1.878981 -0.010808 -0.302412 1.874528 0.157226 -0.330642 1.847697 0.037972 -0.654250 2.086364 0.126928 -0.676276 1.685978 0.007328 -0.705321 2.035085 0.103008 -0.738999 1.625744 
0.073584 0.857989 1.959966 0.095431 0.676613 1.845360 -0.079715 0.585896 1.914859 0.262203 0.563693 1.839082 -0.138909 0.329475 1.984625 0.342191 0.312773 1.842739 -0.158630 0.104472 1.842739 0.337996 0.068106 1.924724 -0.148466 0.025194 1.888711 0.325017 -0.037446 1.757891 0.092223 0.318878 1.855796 0.091203 0.247270 1.858433 0.011242 0.168321 1.872683 0.169416 0.168720 1.843524 -0.023439 -0.297057 1.814173 0.153444 -0.331749 1.833008 0.021756 -0.654912 2.011447 0.123589 -0.677808 1.695534 -0.009994 -0.708504 1.953788 0.101400 -0.741842 1.642403 
0.068846 0.855180 1.940672 0.091379 0.671453 1.809384 -0.082658 0.585872 1.881977 0.256020 0.560945 1.801854 -0.140106 0.329120 1.960183 0.336497 0.310344 1.801561 -0.160787 0.103520 1.801561 0.329757 0.066433 1.910624 -0.150582 0.024360 1.876814 0.316862 -0.036736 1.707928 0.087695 0.316661 1.821447 0.086553 0.245605 1.824404 0.006757 0.167969 1.839401 0.164346 0.166870 1.809257 -0.034822 -0.292851 1.759930 0.150002 -0.332711 1.819603 0.003267 -0.657246 1.929019 0.120846 -0.679038 1.707597 -0.029615 -0.713856 1.864127 0.100594 -0.744445 1.660785 
0.062175 0.851861 1.920483 0.084248 0.665731 1.774141 -0.085551 0.584942 1.847480 0.249936 0.557886 1.765528 -0.141520 0.328580 1.935232 0.330818 0.307840 1.761869 -0.163376 0.102453 1.761869 0.321796 0.064652 1.896572 -0.152831 0.023490 1.865625 0.308766 -0.036012 1.659879 0.082442 0.314097 1.787209 0.081540 0.243617 1.790236 0.002377 0.167263 1.806111 0.159245 0.164803 1.774019 -0.045196 -0.289785 1.711263 0.146821 -0.333393 1.807160 -0.016721 -0.660111 1.841405 0.118592 -0.679987 1.721159 -0.050160 -0.719006 1.768551 0.100397 -0.746804 1.679921 
0.056276 0.847593 1.898215 0.078780 0.658724 1.737594 -0.088527 0.583785 1.813987 0.243278 0.554428 1.729015 -0.143359 0.327930 1.908999 0.324742 0.305100 1.722514 -0.166053 0.101319 1.722514 0.313616 0.062764 1.882681 -0.155087 0.022607 1.855088 0.300594 -0.035478 1.613455 0.077349 0.310658 1.752564 0.076535 0.240873 1.756103 -0.002228 0.165932 1.773063 0.154097 0.162110 1.739679 -0.054647 -0.287760 1.666688 0.143886 -0.333789 1.795510 -0.036559 -0.663500 1.754770 0.116785 -0.680754 1.735511 -0.070683 -0.723844 1.674198 0.100672 -0.748969 1.699071 
0.050422 0.842620 1.874694 0.073640 0.651046 1.701572 -0.092068 0.581820 1.778908 0.236301 0.550526 1.692944 -0.145784 0.326869 1.881342 0.318353 0.301969 1.684407 -0.169304 0.099576 1.684407 0.305393 0.060486 1.866425 -0.157670 0.021439 1.844117 0.292294 -0.035601 1.569283 0.072270 0.306521 1.717631 0.071450 0.237414 1.721416 -0.007178 0.163814 1.738543 0.148857 0.158756 1.705036 -0.063632 -0.286730 1.624342 0.141088 -0.333943 1.784244 -0.054091 -0.668237 1.674844 0.115320 -0.681356 1.749752 -0.088165 -0.729845 1.587605 0.101299 -0.750998 1.717689 
0.043898 0.836269 1.848604 0.067789 0.641716 1.664236 -0.096367 0.578319 1.743870 0.228758 0.545855 1.656642 -0.149089 0.325290 1.852326 0.311313 0.298071 1.646494 -0.173187 0.097177 1.646494 0.297170 0.057359 1.848091 -0.160631 0.019930 1.832558 0.284111 -0.036171 1.528045 0.066718 0.301519 1.682024 0.065972 0.233254 1.686353 -0.012515 0.160915 1.703583 0.143365 0.154888 1.670614 -0.072195 -0.286696 1.583239 0.138167 -0.333764 1.772468 -0.068933 -0.673961 1.603825 0.114177 -0.681821 1.762966 -0.102704 -0.737168 1.511604 0.102103 -0.752974 1.735404 
0.037220 0.828613 1.820112 0.061981 0.630994 1.626007 -0.101410 0.574418 1.709262 0.220684 0.540546 1.620189 -0.153502 0.323348 1.821448 0.303834 0.293482 1.609536 -0.178124 0.094193 1.609536 0.288886 0.053578 1.826708 -0.164241 0.018065 1.819725 0.276042 -0.037355 1.489374 0.060824 0.295671 1.645550 0.060063 0.228335 1.650337 -0.018516 0.156986 1.666676 0.137452 0.150374 1.635889 -0.080548 -0.287804 1.543459 0.134924 -0.333452 1.759096 -0.080986 -0.679970 1.542042 0.113297 -0.682247 1.774490 -0.114277 -0.744651 1.446211 0.103299 -0.755004 1.752442 
