26
0.072292 0.315007 3.461229 0.098004 0.141914 3.460844 -0.064452 0.050914 3.502656 0.226574 0.031616 3.436973 -0.086619 -0.233557 3.520165 0.311325 -0.241477 3.440255 -0.112727 -0.463607 3.440255 0.358972 -0.455050 3.453026 -0.115909 -0.527612 3.422642 0.368110 -0.528123 3.313052 0.112172 -0.185562 3.474257 0.104382 -0.244097 3.431857 0.039029 -0.313123 3.440249 0.169891 -0.309188 3.406709 0.074030 -0.809800 3.394846 0.182373 -0.773981 3.259708 0.108971 -1.162403 3.402245 0.170820 -1.095853 3.138839 0.083699 -1.219446 3.372702 0.170236 -1.140879 3.068003 
0.066567 0.313802 3.438597 0.091813 0.140950 3.437507 -0.069550 0.051677 3.480043 0.221590 0.030578 3.414533 -0.090971 -0.235377 3.500594 0.307664 -0.241943 3.424267 -0.115709 -0.465462 3.424267 0.356850 -0.456214 3.442807 -0.119088 -0.528712 3.413740 0.368301 -0.529516 3.306730 0.106708 -0.186169 3.453699 0.099608 -0.245175 3.413958 0.034589 -0.314882 3.423293 0.165442 -0.309782 3.389947 0.071402 -0.812069 3.390245 0.178743 -0.768871 3.223965 0.108577 -1.162493 3.401920 0.167716 -1.084796 3.087230 0.083076 -1.219839 3.373144 0.166630 -1.129948 3.012259 
0.061252 0.313420 3.408477 0.085543 0.141289 3.405763 -0.074973 0.051090 3.448085 0.217256 0.029392 3.383963 -0.095379 -0.236529 3.475630 0.303543 -0.242248 3.399240 -0.119638 -0.466890 3.399240 0.353782 -0.457511 3.425184 -0.123409 -0.528263 3.394732 0.368914 -0.531184 3.292735 0.100579 -0.186106 3.424144 0.094161 -0.245787 3.387276 0.029070 -0.316401 3.397438 0.160576 -0.310019 3.364501 0.067418 -0.813982 3.381484 0.174919 -0.763230 3.186069 0.108076 -1.162558 3.401461 0.164304 -1.074900 3.037978 0.082438 -1.220224 3.373554 0.162055 -1.118790 2.960174 
0.057319 0.313656 3.367899 0.080650 0.142310 3.367493 -0.079659 0.052695 3.407678 0.212493 0.028548 3.343415 -0.099635 -0.237207 3.438541 0.299443 -0.241868 3.364499 -0.123563 -0.468020 3.364499 0.351626 -0.458236 3.394081 -0.127691 -0.526971 3.371084 0.368578 -0.529552 3.271552 0.095036 -0.185648 3.385178 0.088974 -0.245947 3.350427 0.023955 -0.317180 3.360403 0.155464 -0.309624 3.328807 0.061682 -0.814442 3.364747 0.171000 -0.755727 3.142730 0.107306 -1.162544 3.400269 0.161205 -1.066113 2.992669 0.081581 -1.220413 3.373012 0.157744 -1.108718 2.912624 
0.054159 0.314297 3.329329 0.076552 0.143862 3.328579 -0.083040 0.053939 3.364529 0.209018 0.028458 3.303320 -0.103716 -0.236919 3.399943 0.295550 -0.240467 3.326512 -0.127271 -0.468427 3.326512 0.348682 -0.458112 3.363839 -0.131973 -0.524810 3.344170 0.368462 -0.526920 3.245795 0.090123 -0.184742 3.346078 0.084482 -0.245659 3.313037 0.019505 -0.317365 3.322552 0.151018 -0.308919 3.292786 0.055219 -0.814190 3.344298 0.167420 -0.748401 3.102639 0.106205 -1.162220 3.398047 0.158576 -1.058561 2.952666 0.080569 -1.220434 3.372047 0.154260 -1.100031 2.870888 
0.053616 0.316866 3.283126 0.074662 0.147776 3.282432 -0.086023 0.056989 3.315777 0.207047 0.031272 3.258087 -0.107234 -0.233703 3.351546 0.291872 -0.237399 3.278768 -0.131360 -0.465746 3.278768 0.346425 -0.456641 3.319626 -0.136880 -0.519938 3.300539 0.368381 -0.522373 3.207044 0.086879 -0.181221 3.297745 0.081548 -0.242532 3.265395 0.016111 -0.314596 3.273179 0.148378 -0.305598 3.246662 0.046049 -0.810193 3.305098 0.163691 -0.741240 3.061821 0.103732 -1.159152 3.389518 0.156234 -1.051898 2.917243 0.079077 -1.219373 3.368156 0.151212 -1.092310 2.834059 
0.053638 0.320621 3.232365 0.073174 0.152393 3.230428 -0.088290 0.060889 3.265270 0.207061 0.034183 3.208468 -0.110616 -0.229095 3.297947 0.288420 -0.232900 3.226316 -0.136543 -0.460531 3.226316 0.344744 -0.453246 3.262595 -0.141626 -0.509659 3.246179 0.368132 -0.515564 3.156522 0.084357 -0.176421 3.244405 0.079226 -0.237983 3.212444 0.013104 -0.310441 3.219379 0.146657 -0.301569 3.194747 0.035035 -0.799858 3.245591 0.159958 -0.735082 3.024352 0.097448 -1.151592 3.363941 0.154040 -1.046138 2.885493 0.075478 -1.215805 3.350071 0.148327 -1.085607 2.801214 
0.054314 0.324216 3.185354 0.072271 0.156671 3.182895 -0.089791 0.064750 3.216535 0.207360 0.037191 3.162965 -0.113539 -0.224634 3.248412 0.285295 -0.228678 3.175236 -0.140672 -0.454860 3.175236 0.342713 -0.449438 3.205989 -0.146044 -0.499520 3.194906 0.367810 -0.508297 3.105683 0.082288 -0.171929 3.195667 0.077432 -0.233631 3.163656 0.010677 -0.306370 3.169693 0.145363 -0.297651 3.146614 0.024939 -0.789752 3.183879 0.156311 -0.729852 2.989168 0.089765 -1.144367 3.328970 0.152121 -1.041087 2.857523 0.069540 -1.210511 3.317149 0.145894 -1.079728 2.772286 
0.056028 0.329213 3.133865 0.072181 0.162470 3.131958 -0.090571 0.069837 3.166139 0.207010 0.041682 3.111701 -0.115981 -0.218781 3.194454 0.281924 -0.223517 3.121450 -0.146613 -0.447315 3.121450 0.339967 -0.443692 3.144534 -0.151904 -0.486920 3.135279 0.365597 -0.497294 3.041539 0.080763 -0.166740 3.143554 0.075752 -0.228675 3.111177 0.008691 -0.301119 3.116536 0.143614 -0.292986 3.094471 0.017025 -0.777595 3.108258 0.151936 -0.725753 2.953239 0.079019 -1.137506 3.263467 0.150415 -1.036657 2.832638 0.060488 -1.204710 3.253298 0.143654 -1.074553 2.746547 
0.055844 0.335541 3.064852 0.072021 0.169184 3.060397 -0.091112 0.076609 3.097480 0.205714 0.047936 3.040854 -0.118063 -0.213407 3.126883 0.277251 -0.216043 3.045050 -0.151440 -0.441748 3.045050 0.336544 -0.433406 3.075874 -0.156106 -0.475852 3.069825 0.360900 -0.486443 2.935419 0.078334 -0.159811 3.073764 0.072869 -0.222030 3.041866 0.005518 -0.293965 3.048884 0.140215 -0.286770 3.024140 0.008557 -0.751260 2.997553 0.149059 -0.721769 2.915367 0.062748 -1.120282 3.135043 0.148401 -1.033357 2.809579 0.044514 -1.184346 3.107392 0.141130 -1.070446 2.722845 
0.051543 0.342297 2.979532 0.068369 0.176239 2.975058 -0.094084 0.083236 3.010930 0.200751 0.053605 2.952835 -0.121957 -0.208821 3.047818 0.270933 -0.208019 2.953953 -0.155985 -0.437808 2.953953 0.331479 -0.422519 3.003081 -0.161726 -0.473069 2.996179 0.351899 -0.470777 2.826434 0.072978 -0.153618 2.987643 0.067137 -0.216175 2.955489 0.000058 -0.286891 2.963506 0.133652 -0.281406 2.936594 -0.001527 -0.725219 2.868614 0.146290 -0.717808 2.869259 0.046886 -1.103135 2.986398 0.146496 -1.030557 2.788531 0.029500 -1.163876 2.941629 0.138277 -1.068103 2.702652 
0.047401 0.348324 2.904094 0.064557 0.182462 2.898862 -0.097386 0.088668 2.931219 0.196333 0.058877 2.876653 -0.126049 -0.200112 2.974653 0.265073 -0.200651 2.874420 -0.159438 -0.430900 2.874420 0.327316 -0.412985 2.938754 -0.166250 -0.467568 2.932868 0.344479 -0.457928 2.736439 0.067966 -0.148192 2.911317 0.062140 -0.211062 2.878866 -0.004784 -0.280571 2.887275 0.128186 -0.276888 2.859429 -0.009858 -0.703678 2.760987 0.143886 -0.714330 2.826399 0.033183 -1.088651 2.855902 0.144700 -1.028147 2.769524 0.017299 -1.146787 2.797823 0.135162 -1.066579 2.684994 
0.042846 0.354037 2.836818 0.060225 0.188656 2.828862 -0.100971 0.093902 2.858613 0.191535 0.064295 2.806512 -0.129781 -0.192718 2.908843 0.258779 -0.194036 2.800004 -0.163209 -0.424228 2.800004 0.323720 -0.405599 2.876327 -0.170824 -0.462827 2.873910 0.338197 -0.446890 2.659687 0.062429 -0.142799 2.840522 0.056535 -0.205896 2.807551 -0.010315 -0.274224 2.816124 0.122191 -0.272277 2.787689 -0.017049 -0.684798 2.667117 0.141380 -0.709880 2.781506 0.021034 -1.076433 2.742557 0.143089 -1.026032 2.752377 0.006363 -1.132511 2.674517 0.132392 -1.066058 2.670202 
0.038098 0.359130 2.775481 0.055743 0.194391 2.766112 -0.105062 0.097921 2.792055 0.187237 0.069621 2.744279 -0.133799 -0.186110 2.846723 0.253443 -0.188356 2.735792 -0.166562 -0.418618 2.735792 0.320673 -0.398659 2.821700 -0.174861 -0.459047 2.821478 0.332839 -0.437256 2.593704 0.056919 -0.137735 2.776860 0.051102 -0.200966 2.743177 -0.015775 -0.268471 2.751732 0.116549 -0.267833 2.722811 -0.023602 -0.668787 2.586313 0.139385 -0.706313 2.740980 0.010419 -1.065946 2.642843 0.141619 -1.024114 2.736768 -0.002824 -1.120262 2.566956 0.130405 -1.064121 2.655045 
0.033223 0.363938 2.720406 0.051010 0.199823 2.709112 -0.108961 0.101852 2.732061 0.183013 0.074351 2.687896 -0.138035 -0.181080 2.790640 0.248869 -0.183194 2.678798 -0.170727 -0.414129 2.678798 0.318137 -0.392734 2.768577 -0.179262 -0.456475 2.772166 0.328190 -0.428872 2.536546 0.051335 -0.133024 2.718166 0.045583 -0.196299 2.683450 -0.021376 -0.262927 2.690893 0.110930 -0.263577 2.663212 -0.029084 -0.655384 2.517022 0.137837 -0.702151 2.698900 0.001082 -1.057062 2.555193 0.140295 -1.022259 2.722525 -0.010936 -1.109821 2.472781 0.128622 -1.062264 2.641233 
0.026860 0.369319 2.665416 0.045238 0.205290 2.653272 -0.113939 0.106853 2.672578 0.176672 0.079436 2.630610 -0.143413 -0.177179 2.732964 0.243482 -0.177521 2.623522 -0.176132 -0.410623 2.623522 0.315800 -0.386829 2.711852 -0.184948 -0.455739 2.715068 0.324263 -0.421298 2.485702 0.044605 -0.127563 2.660571 0.038751 -0.190633 2.624645 -0.027773 -0.256865 2.632126 0.103337 -0.257613 2.603357 -0.033790 -0.642928 2.453839 0.135425 -0.695178 2.648247 -0.007581 -1.049157 2.479775 0.138805 -1.019929 2.707673 -0.018651 -1.100564 2.392383 0.126742 -1.059775 2.626907 
0.020143 0.374967 2.612857 0.038775 0.211331 2.599395 -0.119703 0.112677 2.615657 0.170729 0.086310 2.577791 -0.149833 -0.172972 2.673248 0.238283 -0.171443 2.573223 -0.182890 -0.406340 2.573223 0.313602 -0.380871 2.648645 -0.192630 -0.454274 2.647599 0.320750 -0.414295 2.440054 0.037507 -0.121022 2.605221 0.031763 -0.183716 2.568019 -0.034614 -0.249457 2.574348 0.096152 -0.250864 2.547448 -0.038101 -0.631501 2.398206 0.132289 -0.685595 2.588975 -0.015227 -1.041777 2.413812 0.136793 -1.016354 2.687890 -0.025274 -1.092019 2.322093 0.124723 -1.055704 2.607806 
0.012206 0.380866 2.561814 0.031698 0.217482 2.547572 -0.125586 0.118442 2.559976 0.164587 0.093835 2.527590 -0.156437 -0.162706 2.611724 0.233147 -0.165030 2.526276 -0.190355 -0.394611 2.526276 0.311461 -0.375203 2.580723 -0.200956 -0.443449 2.573530 0.317554 -0.407797 2.398860 0.030387 -0.114118 2.552169 0.025003 -0.176332 2.513645 -0.041029 -0.241706 2.518748 0.089211 -0.243228 2.493396 -0.042068 -0.621274 2.348158 0.128548 -0.672027 2.521124 -0.021787 -1.035216 2.356034 0.132409 -1.005584 2.647007 -0.030903 -1.084403 2.260466 0.121160 -1.043813 2.567779 
0.004996 0.386026 2.516388 0.025066 0.223068 2.501612 -0.130889 0.123553 2.510654 0.158588 0.100598 2.482161 -0.163286 -0.157795 2.554807 0.228646 -0.159421 2.485105 -0.199441 -0.387939 2.485105 0.309520 -0.370178 2.512783 -0.209127 -0.432272 2.501042 0.314709 -0.402047 2.362072 0.024089 -0.108064 2.505612 0.019010 -0.169902 2.465962 -0.046654 -0.234913 2.469971 0.083087 -0.236544 2.446187 -0.045719 -0.612269 2.303888 0.124439 -0.659000 2.456925 -0.027280 -1.029297 2.304326 0.129017 -1.000963 2.616186 -0.035629 -1.077587 2.205177 0.118123 -1.038494 2.537673 
-0.002532 0.394082 2.421159 0.016905 0.231850 2.406144 -0.137385 0.129945 2.411760 0.151812 0.110773 2.388956 -0.172007 -0.145821 2.442986 0.223284 -0.151974 2.399913 -0.211109 -0.372801 2.399913 0.305467 -0.364211 2.386638 -0.218659 -0.414040 2.369222 0.309844 -0.396195 2.299205 0.017743 -0.098861 2.411573 0.013464 -0.160424 2.370939 -0.052053 -0.226048 2.371612 0.078172 -0.225924 2.354545 -0.049922 -0.603184 2.249485 0.117078 -0.633624 2.309709 -0.032312 -1.023007 2.256526 0.119498 -0.991285 2.483530 -0.039918 -1.070528 2.154481 0.109325 -1.029696 2.405760 
-0.005886 0.404663 2.318328 0.011310 0.242352 2.302722 -0.141116 0.139017 2.306908 0.147738 0.123267 2.288399 -0.177599 -0.134376 2.336016 0.220042 -0.145536 2.302518 -0.217799 -0.360687 2.302518 0.303276 -0.358205 2.281136 -0.225141 -0.404980 2.261429 0.306623 -0.388925 2.220293 0.013336 -0.088339 2.309498 0.009729 -0.149694 2.268004 -0.055647 -0.215831 2.266853 0.074866 -0.214166 2.253539 -0.054031 -0.593863 2.183661 0.112620 -0.611745 2.174056 -0.036846 -1.015822 2.210789 0.109452 -0.982264 2.352081 -0.043696 -1.062498 2.106793 0.099661 -1.021498 2.274836 
-0.008006 0.414498 2.226940 0.007388 0.252247 2.210850 -0.143866 0.147111 2.214538 0.144694 0.135219 2.198150 -0.181465 -0.124323 2.242303 0.217490 -0.137068 2.213400 -0.222311 -0.350385 2.213400 0.300844 -0.350729 2.192054 -0.229508 -0.397512 2.172138 0.304263 -0.381933 2.145989 0.010328 -0.078360 2.219090 0.007192 -0.139554 2.177018 -0.057972 -0.206054 2.174304 0.072551 -0.203227 2.164352 -0.057425 -0.588303 2.121906 0.109216 -0.593305 2.062029 -0.040809 -1.009145 2.168489 0.099364 -0.973344 2.230116 -0.047037 -1.054874 2.062709 0.089671 -1.013313 2.152993 
-0.008189 0.425720 2.127764 0.005590 0.263721 2.111679 -0.146085 0.159004 2.120009 0.143519 0.147913 2.099151 -0.182760 -0.113547 2.147064 0.216344 -0.125152 2.113681 -0.223766 -0.339508 2.113681 0.298589 -0.338217 2.101556 -0.230585 -0.389765 2.081938 0.303570 -0.370420 2.048129 0.009360 -0.066577 2.121556 0.006222 -0.127634 2.079284 -0.059167 -0.194585 2.076643 0.072052 -0.191204 2.066943 -0.059551 -0.577047 2.033356 0.106123 -0.578680 1.956277 -0.045545 -1.000168 2.109991 0.096483 -0.967253 2.113897 -0.051322 -1.045247 2.006180 0.086926 -1.006516 2.037284 
-0.008351 0.435392 2.043707 0.004359 0.273655 2.027738 -0.147049 0.169198 2.038308 0.142698 0.158613 2.015365 -0.183731 -0.104475 2.067330 0.215581 -0.114770 2.028567 -0.224666 -0.330145 2.028567 0.297043 -0.326824 2.023858 -0.231277 -0.383078 2.004444 0.303091 -0.360005 1.961353 0.008570 -0.056558 2.039142 0.005472 -0.117559 1.996796 -0.060052 -0.184756 1.994523 0.071567 -0.180976 1.984420 -0.060483 -0.566666 1.953481 0.103560 -0.566644 1.869547 -0.047637 -0.991011 2.044040 0.094380 -0.962143 2.013721 -0.053051 -1.035763 1.943110 0.085073 -1.000706 1.937482 
-0.008060 0.444035 1.969113 0.003648 0.282420 1.954571 -0.147775 0.178282 1.968471 0.142238 0.167559 1.941597 -0.184333 -0.096806 1.997318 0.215267 -0.105260 1.953565 -0.225156 -0.322206 1.953565 0.296233 -0.315491 1.955748 -0.231643 -0.377367 1.935822 0.302625 -0.349814 1.881975 0.008184 -0.047765 1.967276 0.004921 -0.108757 1.925035 -0.060762 -0.176154 1.923452 0.071207 -0.172118 1.912353 -0.060468 -0.556866 1.879882 0.101321 -0.556448 1.796129 -0.057143 -0.972207 1.941933 0.092647 -0.957821 1.927182 -0.063167 -1.015764 1.843185 0.083334 -0.995761 1.851318 
-0.007797 0.451453 1.904110 0.003233 0.290087 1.890357 -0.148342 0.186776 1.907345 0.141535 0.175087 1.875830 -0.184716 -0.089771 1.936188 0.215135 -0.096501 1.887271 -0.225384 -0.314851 1.887271 0.295375 -0.305330 1.895584 -0.231734 -0.371910 1.874925 0.302270 -0.340722 1.811019 0.007997 -0.040038 1.904089 0.004448 -0.101032 1.862041 -0.061343 -0.168511 1.861297 0.070794 -0.164389 1.848784 -0.060025 -0.548039 1.811699 0.099247 -0.547427 1.732327 -0.059274 -0.960104 1.860127 0.091089 -0.953986 1.851341 -0.065819 -1.002972 1.764497 0.081613 -0.991447 1.775841 
