109
-0.170918 0.948376 3.563060 -0.210106 0.761624 3.608811 -0.365140 0.655029 3.592257 -0.031505 0.647519 3.669436 -0.455905 0.401272 3.582547 0.045031 0.384737 3.676021 -0.454136 0.156803 3.676021 0.053062 0.164647 3.541733 -0.441528 0.071020 3.517434 0.048226 0.071101 3.545995 -0.204493 0.414743 3.634995 -0.198642 0.345627 3.622134 -0.273229 0.272247 3.607900 -0.120416 0.265904 3.634672 -0.292025 -0.230623 3.689761 -0.070377 -0.213263 3.616369 -0.296832 -0.560518 3.786480 -0.044397 -0.569594 3.701493 -0.307767 -0.630621 3.731225 -0.079870 -0.651982 3.707891 
-0.173390 0.945166 3.548703 -0.211736 0.760847 3.602935 -0.367263 0.655883 3.584635 -0.034363 0.648001 3.667493 -0.457639 0.399620 3.576619 0.041858 0.385294 3.676103 -0.456626 0.159661 3.676103 0.051942 0.164613 3.531001 -0.443282 0.072215 3.504458 0.042467 0.075123 3.545182 -0.206588 0.414453 3.627794 -0.200899 0.345348 3.617130 -0.274709 0.272157 3.602655 -0.123293 0.266172 3.630970 -0.294344 -0.206765 3.666860 -0.074345 -0.216176 3.601978 -0.298525 -0.553673 3.774134 -0.048761 -0.576641 3.655380 -0.294171 -0.632853 3.731687 -0.017486 -0.642856 3.603153 
-0.174029 0.942866 3.545321 -0.213091 0.760289 3.598799 -0.368278 0.656035 3.578589 -0.038221 0.647379 3.654638 -0.459481 0.396534 3.563593 0.035847 0.385846 3.674592 -0.457102 0.154462 3.674592 0.050734 0.165837 3.498975 -0.445371 0.073741 3.475669 0.037020 0.076062 3.546854 -0.208021 0.413169 3.621157 -0.203091 0.343905 3.611831 -0.276703 0.270459 3.597985 -0.125850 0.265837 3.625221 -0.291502 -0.218684 3.667953 -0.076576 -0.220957 3.585835 -0.294595 -0.562760 3.782252 -0.047683 -0.563480 3.576694 -0.327744 -0.645168 3.770602 -0.011055 -0.638550 3.525783 
-0.174654 0.938581 3.529699 -0.210726 0.759918 3.592839 -0.369425 0.656416 3.569974 -0.032309 0.636166 3.645857 -0.461211 0.394950 3.553347 0.034023 0.381669 3.670715 -0.455435 0.159649 3.670715 0.048698 0.152582 3.489155 -0.441513 0.071741 3.437819 0.036328 0.072333 3.552924 -0.208339 0.413650 3.612235 -0.204429 0.344618 3.603533 -0.279495 0.269937 3.587394 -0.127454 0.265045 3.617873 -0.290283 -0.226491 3.664996 -0.078457 -0.220953 3.575725 -0.295087 -0.565687 3.780517 -0.048812 -0.561122 3.559992 -0.311346 -0.639356 3.732876 -0.027670 -0.627023 3.503319 
-0.174948 0.937503 3.522739 -0.211366 0.757561 3.577028 -0.372856 0.655749 3.561936 -0.034540 0.635041 3.629912 -0.462277 0.394367 3.544216 0.033002 0.378283 3.668329 -0.449184 0.169395 3.668329 0.048033 0.148009 3.465559 -0.436078 0.072696 3.427472 0.037481 0.071883 3.552610 -0.208000 0.413808 3.601424 -0.204564 0.344856 3.595188 -0.279761 0.269803 3.581897 -0.127069 0.264941 3.609298 -0.287976 -0.229421 3.660671 -0.077325 -0.235334 3.544738 -0.295349 -0.566116 3.780347 -0.047522 -0.574993 3.488955 -0.311552 -0.639552 3.732922 -0.027253 -0.644057 3.431072 
-0.176113 0.935728 3.502783 -0.209895 0.752136 3.563445 -0.370777 0.647935 3.540062 -0.033476 0.634672 3.623267 -0.462233 0.388486 3.535446 0.031073 0.376609 3.666387 -0.447970 0.171297 3.666387 0.044789 0.144985 3.454797 -0.430410 0.075885 3.417624 0.040647 0.058006 3.546411 -0.207070 0.411095 3.586524 -0.203436 0.342741 3.581781 -0.278086 0.266780 3.565873 -0.126383 0.263323 3.598861 -0.286745 -0.216147 3.642705 -0.071957 -0.234379 3.510891 -0.294764 -0.558955 3.773519 -0.046314 -0.551113 3.442419 -0.310934 -0.635867 3.732437 -0.017679 -0.630964 3.357567 
-0.174687 0.932906 3.500660 -0.209523 0.748452 3.558501 -0.367820 0.639128 3.521265 -0.024586 0.617183 3.596563 -0.459891 0.384465 3.507471 0.031794 0.371065 3.651945 -0.441457 0.165979 3.651945 0.040782 0.136226 3.439787 -0.424526 0.085521 3.388524 0.042293 0.044894 3.550903 -0.205567 0.405075 3.573788 -0.202125 0.336515 3.567827 -0.276927 0.258983 3.549494 -0.124344 0.255737 3.582815 -0.284792 -0.235156 3.638329 -0.075891 -0.239177 3.494226 -0.297678 -0.575075 3.773903 -0.046823 -0.545514 3.419103 -0.314047 -0.644404 3.720978 -0.023972 -0.607706 3.318975 
-0.171989 0.931435 3.483513 -0.208089 0.743839 3.548736 -0.365341 0.634981 3.504977 -0.023527 0.622265 3.590008 -0.454096 0.383768 3.482107 0.029703 0.369241 3.635460 -0.434008 0.163439 3.635460 0.040243 0.136908 3.423095 -0.420853 0.082427 3.381999 0.050649 0.034743 3.535290 -0.202614 0.402634 3.555163 -0.198323 0.335166 3.546895 -0.272022 0.255846 3.523677 -0.120588 0.255922 3.562886 -0.285563 -0.236068 3.634380 -0.079197 -0.232416 3.479397 -0.296038 -0.572359 3.769485 -0.039911 -0.554062 3.354792 -0.324321 -0.650344 3.738703 -0.018179 -0.619133 3.265198 
-0.166897 0.926724 3.465105 -0.198291 0.738274 3.528433 -0.362806 0.630280 3.478492 -0.015077 0.615704 3.577617 -0.448889 0.377770 3.457738 0.037721 0.357640 3.616194 -0.425266 0.163537 3.616194 0.042811 0.134531 3.376525 -0.405052 0.083232 3.331061 0.052348 0.030306 3.529099 -0.195177 0.398950 3.534666 -0.190900 0.331750 3.526405 -0.266050 0.250662 3.502177 -0.112584 0.250268 3.543547 -0.283280 -0.238099 3.621697 -0.083014 -0.238232 3.468623 -0.293919 -0.570043 3.765322 -0.046188 -0.544489 3.329224 -0.318888 -0.634765 3.710357 -0.025335 -0.601547 3.226032 
-0.162627 0.919952 3.438846 -0.190307 0.735319 3.494527 -0.359610 0.628927 3.470943 -0.012701 0.617037 3.569584 -0.447432 0.376519 3.447189 0.035407 0.338921 3.575023 -0.422109 0.161420 3.575023 0.052149 0.113919 3.369029 -0.398212 0.070288 3.308273 0.053490 0.026103 3.526020 -0.189877 0.396029 3.508579 -0.186225 0.328428 3.502225 -0.261486 0.248693 3.481399 -0.109263 0.247185 3.520808 -0.282285 -0.235457 3.608661 -0.084076 -0.240014 3.455643 -0.289689 -0.564226 3.749530 -0.048978 -0.539326 3.312516 -0.320464 -0.638550 3.712717 -0.025085 -0.606320 3.216252 
-0.144594 0.908635 3.407658 -0.180326 0.729446 3.479595 -0.353597 0.625515 3.456912 0.002336 0.601912 3.531306 -0.442259 0.384398 3.425809 0.038822 0.337785 3.567625 -0.416666 0.170986 3.567625 0.061497 0.104366 3.342395 -0.395201 0.077944 3.293489 0.053737 0.012204 3.500113 -0.182725 0.390847 3.491105 -0.180603 0.323407 3.484350 -0.258272 0.244849 3.465816 -0.102601 0.239523 3.498312 -0.259489 -0.236147 3.562975 -0.087408 -0.251224 3.437741 -0.286011 -0.562923 3.746633 -0.053326 -0.536895 3.305491 -0.297929 -0.646176 3.719769 -0.029862 -0.600326 3.207035 
-0.142331 0.906862 3.403715 -0.177462 0.725086 3.459480 -0.347345 0.622309 3.437817 0.008424 0.598436 3.517171 -0.438820 0.382359 3.412931 0.050371 0.331140 3.547583 -0.412799 0.172009 3.547583 0.066847 0.106881 3.319026 -0.390986 0.078561 3.281008 0.060480 0.009941 3.450151 -0.179226 0.387825 3.473277 -0.176987 0.320526 3.467675 -0.255133 0.242675 3.451943 -0.098554 0.235256 3.480975 -0.270343 -0.241427 3.570106 -0.085895 -0.262431 3.421008 -0.283503 -0.564712 3.738264 -0.057653 -0.547291 3.286085 -0.310864 -0.648104 3.728918 -0.029756 -0.615747 3.192302 
-0.136938 0.907539 3.384184 -0.164040 0.725000 3.443124 -0.341753 0.618466 3.418322 0.021597 0.586213 3.482394 -0.419713 0.376106 3.385331 0.059288 0.329789 3.530403 -0.396546 0.159393 3.530403 0.069802 0.111659 3.308090 -0.387452 0.073975 3.257573 0.059867 0.014654 3.428912 -0.171271 0.384604 3.453342 -0.170553 0.316718 3.446627 -0.251352 0.237877 3.430109 -0.092225 0.230307 3.458100 -0.272591 -0.244024 3.568200 -0.084918 -0.262766 3.405155 -0.283464 -0.565862 3.740155 -0.064461 -0.575272 3.254935 -0.318983 -0.645515 3.727419 -0.027547 -0.638590 3.160872 
-0.125534 0.909949 3.371591 -0.158716 0.725836 3.427061 -0.330742 0.613084 3.388484 0.030633 0.583041 3.457304 -0.411374 0.380056 3.358786 0.068830 0.329410 3.495279 -0.393701 0.159720 3.495279 0.075451 0.105704 3.298766 -0.377991 0.070793 3.256318 0.069771 0.007940 3.404647 -0.161798 0.383895 3.426447 -0.159692 0.316218 3.415966 -0.237504 0.235211 3.388443 -0.081912 0.229606 3.431893 -0.261618 -0.255819 3.550652 -0.074730 -0.266546 3.384558 -0.283003 -0.568380 3.739004 -0.064262 -0.574655 3.254596 -0.316729 -0.646921 3.717826 -0.033118 -0.639772 3.159811 
-0.106007 0.906384 3.336041 -0.144220 0.719477 3.403139 -0.315992 0.605837 3.347732 0.046430 0.581551 3.428346 -0.403191 0.374663 3.333863 0.081843 0.322223 3.453525 -0.384219 0.152408 3.453525 0.099258 0.073675 3.278603 -0.373061 0.071958 3.246594 0.073265 -0.003193 3.387438 -0.152454 0.379645 3.402336 -0.150672 0.312575 3.390438 -0.231099 0.230568 3.364080 -0.072782 0.225242 3.405658 -0.259754 -0.245590 3.526637 -0.067952 -0.261154 3.371322 -0.280745 -0.567935 3.734926 -0.061070 -0.571778 3.254381 -0.316757 -0.643148 3.706784 -0.034682 -0.639697 3.160206 
-0.099064 0.904717 3.322096 -0.126509 0.722355 3.364440 -0.307127 0.610242 3.336229 0.049303 0.588121 3.412048 -0.396886 0.372404 3.317771 0.093967 0.319728 3.420029 -0.380806 0.149357 3.420029 0.095668 0.097094 3.273148 -0.367589 0.067707 3.238696 0.091562 -0.000971 3.331407 -0.141582 0.378596 3.372832 -0.141069 0.310459 3.362120 -0.221763 0.230869 3.343137 -0.066051 0.226607 3.374091 -0.256927 -0.246480 3.518820 -0.060668 -0.258165 3.362481 -0.284360 -0.569135 3.714529 -0.057819 -0.567522 3.257394 -0.321432 -0.647914 3.702623 -0.033810 -0.639898 3.166178 
-0.087672 0.909726 3.300744 -0.124012 0.723673 3.341173 -0.299345 0.615766 3.322749 0.058113 0.600594 3.378864 -0.390199 0.370822 3.293871 0.104308 0.321383 3.394259 -0.367855 0.141584 3.394259 0.103054 0.096457 3.242525 -0.359315 0.066142 3.209365 0.096850 0.002403 3.326272 -0.133916 0.379365 3.349652 -0.133313 0.311098 3.338730 -0.213268 0.231736 3.322398 -0.057016 0.228394 3.348650 -0.253900 -0.245516 3.493473 -0.054875 -0.256698 3.348745 -0.282219 -0.560294 3.694202 -0.055380 -0.569758 3.252532 -0.316642 -0.639572 3.709585 -0.033763 -0.643642 3.162086 
-0.080853 0.902951 3.262579 -0.118083 0.727393 3.325142 -0.289918 0.614256 3.297846 0.075202 0.594598 3.343760 -0.387553 0.370109 3.288269 0.112703 0.320036 3.380406 -0.364045 0.143663 3.380406 0.122008 0.103082 3.231934 -0.354971 0.066596 3.199272 0.107102 0.007521 3.270390 -0.125527 0.382318 3.325663 -0.124671 0.314403 3.311123 -0.205479 0.234548 3.292131 -0.046384 0.229375 3.318404 -0.246269 -0.241597 3.462947 -0.046751 -0.257114 3.321952 -0.276799 -0.559221 3.690003 -0.055547 -0.569408 3.248333 -0.316313 -0.635985 3.705017 -0.038252 -0.648235 3.169402 
-0.075951 0.909440 3.253665 -0.104778 0.731636 3.307772 -0.274834 0.620006 3.268920 0.079945 0.596870 3.313023 -0.375079 0.375212 3.266705 0.131662 0.327894 3.330924 -0.358266 0.151389 3.330924 0.128476 0.100195 3.182850 -0.351286 0.069021 3.181164 0.117076 0.010803 3.252902 -0.114985 0.380455 3.303017 -0.114428 0.311755 3.284860 -0.193647 0.232184 3.264514 -0.039164 0.229510 3.291051 -0.237561 -0.240778 3.421717 -0.040485 -0.254347 3.310862 -0.265903 -0.531691 3.644839 -0.053797 -0.569420 3.246370 -0.305951 -0.609504 3.645253 -0.038995 -0.649183 3.168695 
-0.064435 0.907740 3.232015 -0.087399 0.728714 3.282325 -0.262709 0.619016 3.242666 0.089951 0.600180 3.296965 -0.367327 0.376346 3.244818 0.141884 0.325180 3.297024 -0.355860 0.148060 3.297024 0.137631 0.105030 3.177803 -0.345153 0.067083 3.165730 0.128990 0.018459 3.201496 -0.106009 0.378699 3.278746 -0.106096 0.310475 3.258802 -0.188093 0.232605 3.246769 -0.030904 0.227759 3.254514 -0.236342 -0.249813 3.402262 -0.032889 -0.253701 3.294719 -0.267454 -0.539996 3.632618 -0.050685 -0.569623 3.246470 -0.308731 -0.614113 3.653564 -0.039242 -0.648559 3.171200 
-0.060666 0.914638 3.217410 -0.079497 0.731395 3.265600 -0.260407 0.620906 3.229852 0.098101 0.611712 3.267584 -0.358998 0.380013 3.217223 0.151190 0.328859 3.274719 -0.346211 0.137841 3.274719 0.156698 0.107860 3.154485 -0.342641 0.057932 3.134443 0.120288 0.016747 3.149582 -0.096270 0.381485 3.261291 -0.096900 0.313818 3.238555 -0.178205 0.236298 3.225547 -0.022672 0.230597 3.236379 -0.238158 -0.249281 3.345391 -0.024501 -0.249496 3.275245 -0.263878 -0.538850 3.590095 -0.047320 -0.571416 3.243800 -0.255445 -0.586162 3.499220 -0.040300 -0.645578 3.175951 
-0.045953 0.924296 3.190476 -0.070538 0.736518 3.243888 -0.251631 0.624756 3.213958 0.102035 0.606915 3.245088 -0.355625 0.373258 3.204040 0.160961 0.329213 3.257943 -0.343756 0.140504 3.257943 0.168035 0.120018 3.139849 -0.332742 0.072548 3.094602 0.155787 0.043562 3.115818 -0.090166 0.383665 3.244329 -0.091519 0.315405 3.220554 -0.172969 0.240226 3.211153 -0.017859 0.231894 3.215098 -0.235195 -0.217754 3.281334 -0.024985 -0.248308 3.268762 -0.243698 -0.515548 3.534806 -0.046500 -0.567631 3.241293 -0.287422 -0.592071 3.577060 -0.041835 -0.637768 3.179898 
-0.044557 0.921056 3.180877 -0.063034 0.737457 3.223836 -0.246412 0.623079 3.201249 0.111432 0.605440 3.224224 -0.351923 0.367966 3.187478 0.176575 0.342497 3.226616 -0.341678 0.142476 3.226616 0.169356 0.125983 3.110785 -0.329263 0.067261 3.079807 0.156879 0.042436 3.089242 -0.082327 0.382930 3.225902 -0.084208 0.314439 3.200842 -0.166883 0.238229 3.193329 -0.009592 0.230981 3.194619 -0.232227 -0.236176 3.259211 -0.018525 -0.245929 3.252470 -0.238816 -0.540909 3.500942 -0.045379 -0.566060 3.238924 -0.279152 -0.618167 3.519291 -0.040112 -0.635961 3.180599 
-0.042085 0.911580 3.138213 -0.055914 0.734235 3.203308 -0.243237 0.621186 3.188388 0.114555 0.602080 3.211690 -0.348372 0.367578 3.180649 0.180788 0.340390 3.175658 -0.336294 0.146567 3.175658 0.187428 0.125544 3.086352 -0.325573 0.069527 3.059597 0.177123 0.058330 3.037647 -0.076335 0.379573 3.205278 -0.078290 0.311302 3.178476 -0.161112 0.235126 3.170514 -0.003936 0.227268 3.171713 -0.230227 -0.237852 3.213550 -0.012445 -0.248383 3.239825 -0.230697 -0.557910 3.436211 -0.041824 -0.566698 3.233946 -0.263968 -0.635157 3.457981 -0.040518 -0.635555 3.180984 
-0.041023 0.914251 3.135894 -0.054820 0.734111 3.193459 -0.239687 0.619478 3.174046 0.122311 0.603520 3.187908 -0.342913 0.365806 3.172115 0.183848 0.342766 3.168561 -0.332029 0.145627 3.168561 0.191967 0.133375 3.074043 -0.322991 0.069742 3.043908 0.183793 0.055654 3.022959 -0.071561 0.380850 3.192415 -0.073356 0.313701 3.162611 -0.156178 0.236708 3.154286 0.002770 0.229552 3.153491 -0.223902 -0.250291 3.180406 -0.012273 -0.247807 3.234541 -0.208970 -0.557217 3.373145 -0.041094 -0.567974 3.228914 -0.259094 -0.633775 3.375201 -0.042367 -0.639376 3.179770 
-0.036513 0.914125 3.119785 -0.055262 0.730310 3.171814 -0.237587 0.616527 3.157489 0.122907 0.606511 3.167606 -0.328551 0.369390 3.157934 0.190113 0.343306 3.150683 -0.333103 0.158363 3.150683 0.193413 0.142721 3.061827 -0.322126 0.082172 3.033349 0.186540 0.056324 3.000499 -0.069069 0.379947 3.176009 -0.070792 0.313060 3.145853 -0.153048 0.236487 3.140010 0.005446 0.228622 3.136007 -0.208843 -0.244393 3.142158 -0.007847 -0.250030 3.217490 -0.207734 -0.559417 3.291406 -0.042079 -0.572010 3.223874 -0.253590 -0.637148 3.322783 -0.039192 -0.642559 3.173857 
-0.033315 0.915165 3.107101 -0.053541 0.731211 3.151192 -0.234157 0.612604 3.138258 0.126402 0.608023 3.152516 -0.323701 0.370342 3.146061 0.191336 0.345615 3.139816 -0.324473 0.153364 3.139816 0.201652 0.149073 3.035459 -0.313317 0.076866 3.008202 0.191484 0.064599 2.957458 -0.065820 0.380734 3.160942 -0.066937 0.313391 3.131254 -0.149071 0.236397 3.127850 0.009798 0.228769 3.121253 -0.198384 -0.244715 3.114739 -0.003442 -0.253147 3.211407 -0.212204 -0.572756 3.235173 -0.044555 -0.578021 3.221888 -0.245543 -0.652305 3.236222 -0.038064 -0.644950 3.167862 
-0.034402 0.908925 3.080529 -0.048647 0.727854 3.128670 -0.231825 0.612919 3.121301 0.128362 0.606276 3.139100 -0.322233 0.367339 3.128228 0.197294 0.348359 3.093431 -0.318551 0.149141 3.093431 0.203100 0.138874 3.026992 -0.307375 0.074677 2.994946 0.188484 0.063982 2.951037 -0.062753 0.379001 3.145778 -0.063856 0.311152 3.118031 -0.146766 0.234254 3.116393 0.013131 0.226567 3.109597 -0.191238 -0.246598 3.079472 -0.000425 -0.255559 3.202487 -0.206843 -0.604757 3.177326 -0.047351 -0.586570 3.212623 -0.261564 -0.658695 3.138663 -0.033717 -0.657241 3.165524 
-0.034209 0.902344 3.056826 -0.046110 0.725938 3.115036 -0.229952 0.612047 3.109009 0.130684 0.598768 3.119168 -0.318019 0.366033 3.106956 0.196686 0.345965 3.082833 -0.312698 0.145231 3.082833 0.201211 0.149278 3.012132 -0.302878 0.069855 2.982357 0.188463 0.064705 2.930767 -0.059774 0.377157 3.130450 -0.061500 0.309468 3.102915 -0.144747 0.232811 3.101863 0.015714 0.224397 3.093956 -0.184655 -0.242772 3.053488 0.002405 -0.257012 3.191526 -0.212020 -0.599840 3.120067 -0.049267 -0.588490 3.209327 -0.186863 -0.680395 3.103289 -0.032249 -0.659475 3.163774 
-0.031565 0.906762 3.043057 -0.043945 0.725118 3.099253 -0.229411 0.613550 3.098418 0.131192 0.596000 3.101074 -0.315104 0.361148 3.090604 0.200997 0.349693 3.066145 -0.309920 0.143701 3.066145 0.198738 0.146443 3.003737 -0.302785 0.068847 2.972328 0.183898 0.065940 2.912138 -0.057321 0.376088 3.112379 -0.059649 0.308594 3.084341 -0.142732 0.231661 3.079878 0.017304 0.223613 3.077471 -0.181090 -0.251038 3.031813 0.004562 -0.259323 3.183032 -0.215428 -0.620258 3.057441 -0.056341 -0.611229 3.189664 -0.244728 -0.691365 3.018793 -0.025586 -0.682339 3.152170 
-0.035270 0.906708 3.028105 -0.040851 0.728650 3.080613 -0.228659 0.612075 3.079028 0.133460 0.591334 3.075970 -0.314145 0.360181 3.083286 0.201475 0.347880 3.059467 -0.311902 0.144669 3.059467 0.194982 0.148158 2.998232 -0.303216 0.070155 2.966733 0.179315 0.065362 2.889234 -0.054437 0.375146 3.094497 -0.057299 0.306690 3.066595 -0.140776 0.229694 3.062906 0.019837 0.221155 3.059607 -0.178706 -0.261166 3.012199 0.005323 -0.261992 3.172706 -0.219984 -0.620751 2.986275 -0.056978 -0.610936 3.188443 -0.240255 -0.683999 2.915094 -0.017118 -0.672929 3.129207 
-0.035490 0.905465 3.017497 -0.043917 0.724534 3.065343 -0.229923 0.608766 3.059979 0.132310 0.595721 3.067075 -0.311768 0.357227 3.072065 0.203665 0.345354 3.050490 -0.310155 0.138942 3.050490 0.192159 0.145815 2.986466 -0.303630 0.062777 2.958870 0.175650 0.063138 2.877541 -0.052961 0.374868 3.080528 -0.054065 0.306956 3.052984 -0.136564 0.229514 3.048818 0.024574 0.221937 3.046164 -0.176384 -0.259948 2.987722 0.007149 -0.263577 3.160069 -0.222703 -0.605833 2.928398 -0.057168 -0.611889 3.185394 -0.233964 -0.663437 2.851479 -0.019989 -0.682560 3.153908 
-0.034447 0.903873 3.000728 -0.043195 0.718025 3.040883 -0.229776 0.604554 3.040534 0.133769 0.597312 3.059331 -0.309647 0.356955 3.057380 0.203518 0.345067 3.038231 -0.313385 0.139806 3.038231 0.184700 0.141114 2.980227 -0.306045 0.063333 2.954012 0.173663 0.064292 2.875502 -0.051927 0.373738 3.060897 -0.052034 0.306163 3.035616 -0.134850 0.228583 3.033286 0.027207 0.220274 3.029805 -0.172976 -0.247722 2.967387 0.006228 -0.261806 3.144304 -0.214427 -0.592479 2.876592 -0.056668 -0.612027 3.184687 -0.226514 -0.648817 2.813296 -0.019347 -0.682552 3.153706 
-0.042207 0.901825 2.972820 -0.043926 0.714512 3.015211 -0.228931 0.599653 3.012587 0.134755 0.597822 3.039724 -0.307961 0.353502 3.040190 0.204067 0.342290 3.026792 -0.316440 0.132369 3.026792 0.178224 0.136761 2.968081 -0.308536 0.056146 2.941338 0.165079 0.057203 2.853451 -0.052518 0.369722 3.039595 -0.051992 0.301583 3.017123 -0.134449 0.223814 3.015824 0.027195 0.216148 3.013682 -0.174406 -0.283107 2.937825 0.006518 -0.266190 3.136667 -0.210776 -0.594163 2.823051 -0.056004 -0.613869 3.183445 -0.226633 -0.658144 2.753989 -0.018254 -0.684250 3.153123 
-0.043840 0.901923 2.965216 -0.047463 0.711894 2.995963 -0.229506 0.598885 3.000808 0.128377 0.587383 3.005944 -0.308743 0.345352 3.008423 0.203235 0.340924 3.016300 -0.317778 0.122185 3.016300 0.177763 0.135688 2.947383 -0.308819 0.044790 2.922219 0.163416 0.046985 2.847811 -0.052873 0.364929 3.019653 -0.053538 0.296283 2.998770 -0.135182 0.219492 2.997453 0.025741 0.211528 2.996489 -0.173963 -0.282890 2.933995 0.006701 -0.269496 3.120617 -0.201730 -0.597990 2.800099 -0.054536 -0.616511 3.183929 -0.219493 -0.651017 2.699087 -0.020490 -0.687216 3.150397 
-0.048307 0.894430 2.942062 -0.047532 0.708928 2.981902 -0.230736 0.592476 2.975542 0.127854 0.585971 2.993929 -0.310792 0.337592 2.989886 0.201530 0.336040 3.000093 -0.320834 0.114082 3.000093 0.168041 0.130183 2.931976 -0.310957 0.031688 2.897776 0.162085 0.054520 2.850171 -0.054425 0.360191 2.998453 -0.054367 0.291661 2.976732 -0.136473 0.213735 2.971392 0.024991 0.207802 2.974234 -0.171641 -0.286200 2.923703 0.006717 -0.268352 3.110167 -0.205963 -0.601025 2.755859 -0.053487 -0.616613 3.184200 -0.218529 -0.648018 2.685367 -0.024071 -0.687172 3.146152 
-0.052862 0.885913 2.914175 -0.050907 0.704350 2.966743 -0.233245 0.587856 2.955229 0.123033 0.583737 2.970421 -0.311923 0.331402 2.967389 0.195443 0.319123 2.971126 -0.323467 0.107602 2.971126 0.163687 0.108958 2.922093 -0.313001 0.031859 2.889582 0.157533 0.050600 2.843977 -0.054491 0.356699 2.982060 -0.054018 0.288464 2.960626 -0.135221 0.211187 2.956529 0.025922 0.205122 2.957038 -0.168226 -0.281368 2.907937 0.007834 -0.267004 3.096876 -0.202703 -0.602075 2.741474 -0.052805 -0.616705 3.185179 -0.218353 -0.636359 2.664409 -0.024327 -0.686952 3.145758 
-0.061668 0.884618 2.891342 -0.057156 0.700109 2.933815 -0.236573 0.579737 2.920482 0.121949 0.582762 2.955113 -0.311962 0.327664 2.947614 0.193323 0.317588 2.961214 -0.330788 0.108452 2.961214 0.161624 0.107643 2.880732 -0.317499 0.024665 2.863952 0.154124 0.041980 2.833947 -0.054094 0.353454 2.954336 -0.051133 0.284908 2.935131 -0.130649 0.206361 2.927988 0.030233 0.202434 2.936333 -0.167097 -0.284639 2.891583 0.007524 -0.272338 3.083553 -0.203364 -0.602558 2.733643 -0.048614 -0.625600 3.183546 -0.211398 -0.643950 2.638181 -0.027193 -0.695172 3.139171 
-0.063587 0.878945 2.862325 -0.058796 0.699847 2.918390 -0.241015 0.578008 2.907230 0.120654 0.580360 2.935540 -0.313379 0.324452 2.917079 0.188091 0.316765 2.943461 -0.334374 0.102017 2.943461 0.160309 0.103286 2.866790 -0.322961 0.018714 2.850231 0.150800 0.037280 2.827833 -0.055278 0.350659 2.935352 -0.052634 0.281762 2.916459 -0.132715 0.202291 2.910393 0.029759 0.198242 2.916347 -0.167015 -0.301499 2.872202 0.010238 -0.272204 3.075258 -0.205043 -0.632498 2.719723 -0.044977 -0.624714 3.182581 -0.209114 -0.653002 2.634253 -0.028716 -0.697031 3.140356 
-0.065462 0.878670 2.848243 -0.060710 0.694091 2.895194 -0.245152 0.579769 2.884666 0.115329 0.576054 2.906322 -0.318525 0.316918 2.892769 0.183722 0.317524 2.932911 -0.337511 0.093757 2.932911 0.160396 0.105107 2.845502 -0.327791 0.017844 2.822578 0.149501 0.031364 2.820150 -0.056888 0.346917 2.908932 -0.054606 0.278691 2.889583 -0.133964 0.199855 2.878063 0.027234 0.194812 2.892941 -0.170380 -0.305969 2.854245 0.005351 -0.271984 3.053362 -0.205322 -0.630664 2.720763 -0.042362 -0.628287 3.181229 -0.204010 -0.664980 2.623710 -0.028739 -0.702337 3.141555 
-0.070004 0.874577 2.823808 -0.063855 0.692645 2.878715 -0.250467 0.577125 2.859194 0.111012 0.571518 2.887871 -0.321289 0.315095 2.861976 0.178532 0.308578 2.906924 -0.344771 0.092173 2.906924 0.159090 0.092672 2.815527 -0.329658 0.007772 2.774529 0.149471 0.021573 2.810190 -0.061737 0.343742 2.888243 -0.059273 0.275473 2.867700 -0.137712 0.197806 2.859674 0.020869 0.190386 2.865878 -0.178499 -0.307645 2.839875 -0.002288 -0.276091 3.026628 -0.205664 -0.632016 2.719122 -0.040520 -0.626259 3.171001 -0.202417 -0.665050 2.625886 -0.020953 -0.701448 3.136768 
-0.074961 0.871038 2.789555 -0.072076 0.687829 2.844118 -0.252627 0.574178 2.828432 0.103420 0.570137 2.863773 -0.322959 0.316068 2.833458 0.172853 0.302371 2.887465 -0.342532 0.090575 2.887465 0.155185 0.084157 2.771723 -0.328033 0.006545 2.764503 0.149162 0.017574 2.800766 -0.066141 0.339776 2.861536 -0.062599 0.271083 2.843352 -0.139697 0.193988 2.834680 0.017924 0.188178 2.846431 -0.181379 -0.302873 2.827682 -0.003320 -0.277161 3.017653 -0.206627 -0.630235 2.717850 -0.039817 -0.627094 3.168168 -0.202393 -0.665283 2.626734 -0.011187 -0.689567 3.118639 
-0.076304 0.876029 2.776769 -0.083209 0.692813 2.822675 -0.255672 0.576261 2.808507 0.098954 0.573172 2.851781 -0.331711 0.316626 2.796134 0.159934 0.303543 2.860008 -0.341752 0.092383 2.860008 0.158585 0.080597 2.750772 -0.333423 0.006579 2.705482 0.147724 0.014227 2.782599 -0.075511 0.342628 2.833566 -0.070872 0.273956 2.814033 -0.146904 0.198374 2.801311 0.009933 0.190758 2.817628 -0.189734 -0.293508 2.809727 -0.003111 -0.278153 3.001018 -0.207304 -0.621904 2.718538 -0.037163 -0.627226 3.161546 -0.201626 -0.663175 2.634716 0.004300 -0.694845 3.132228 
-0.081512 0.872665 2.757666 -0.086611 0.691877 2.804803 -0.261948 0.572352 2.776005 0.093978 0.575708 2.828771 -0.333902 0.317973 2.771423 0.156727 0.305088 2.845025 -0.345923 0.089485 2.845025 0.157638 0.082658 2.694199 -0.334218 0.009648 2.690260 0.145819 0.008701 2.764463 -0.079507 0.340685 2.812334 -0.074289 0.272158 2.791642 -0.150528 0.194720 2.775445 0.006739 0.189413 2.797421 -0.196738 -0.308605 2.783542 -0.006782 -0.290780 2.981863 -0.209010 -0.625857 2.709969 -0.039640 -0.623975 3.152686 -0.203967 -0.673429 2.619936 -0.010161 -0.702118 3.140538 
-0.086505 0.878552 2.733140 -0.086674 0.692267 2.786782 -0.264721 0.569449 2.747715 0.087462 0.576825 2.806239 -0.334570 0.314505 2.724208 0.153307 0.302754 2.833989 -0.339216 0.089892 2.833989 0.153947 0.082276 2.679379 -0.330210 0.015184 2.650842 0.147578 0.006491 2.747280 -0.083708 0.339896 2.791103 -0.078826 0.271484 2.768538 -0.155286 0.194723 2.753308 0.000351 0.189387 2.771582 -0.197229 -0.299437 2.764203 -0.003712 -0.286268 2.934707 -0.208839 -0.623746 2.708617 -0.046149 -0.605978 3.110820 -0.206862 -0.673198 2.633564 -0.007165 -0.680489 3.116283 
-0.089293 0.881930 2.721097 -0.097776 0.695542 2.755650 -0.267909 0.569726 2.728183 0.082611 0.578076 2.790278 -0.337338 0.318345 2.704015 0.144512 0.303164 2.811465 -0.332319 0.093771 2.811465 0.155479 0.080703 2.623241 -0.324241 0.014316 2.597608 0.149715 0.006651 2.739100 -0.089825 0.340915 2.765117 -0.083627 0.271849 2.743267 -0.159066 0.194454 2.727403 -0.003279 0.191001 2.749185 -0.197844 -0.299840 2.755237 0.002894 -0.291303 2.893986 -0.208212 -0.632655 2.704259 -0.042678 -0.589076 3.080059 -0.207581 -0.676112 2.632224 -0.015688 -0.662666 3.110621 
-0.090981 0.884066 2.699524 -0.100677 0.697603 2.742440 -0.271341 0.573641 2.710102 0.075962 0.578705 2.770603 -0.340337 0.322372 2.667185 0.133268 0.308288 2.779493 -0.333464 0.103190 2.779493 0.155652 0.083913 2.595341 -0.320300 0.027911 2.573385 0.149679 0.004396 2.718574 -0.094490 0.340158 2.744936 -0.088405 0.271095 2.719989 -0.163346 0.193611 2.698208 -0.008951 0.190816 2.727705 -0.202062 -0.302747 2.738618 0.006982 -0.297670 2.860605 -0.209386 -0.633511 2.702545 -0.045097 -0.596933 3.075785 -0.207338 -0.686529 2.613396 -0.007390 -0.675902 3.089166 
-0.096192 0.880935 2.677012 -0.105159 0.697116 2.725489 -0.275463 0.569945 2.674592 0.070841 0.576046 2.754732 -0.351214 0.322974 2.633242 0.131747 0.306818 2.772450 -0.327080 0.104792 2.772450 0.150593 0.078525 2.562176 -0.316284 0.040332 2.515658 0.143410 0.004158 2.679853 -0.099685 0.338841 2.725805 -0.091681 0.270160 2.699219 -0.165716 0.192814 2.677796 -0.012584 0.190628 2.706193 -0.202647 -0.293931 2.717902 0.019717 -0.292096 2.806509 -0.208512 -0.630898 2.701290 -0.041104 -0.585702 3.029999 -0.201004 -0.681376 2.634529 -0.004812 -0.676050 3.072475 
-0.101339 0.877759 2.655232 -0.108749 0.695118 2.708943 -0.276418 0.567124 2.658892 0.067618 0.575609 2.741735 -0.350871 0.323285 2.618443 0.129756 0.303385 2.763387 -0.329958 0.115742 2.763387 0.151241 0.082849 2.515488 -0.311954 0.045414 2.480289 0.143736 0.007079 2.665804 -0.102791 0.337069 2.711224 -0.094097 0.268572 2.683508 -0.167984 0.190986 2.660381 -0.014803 0.189580 2.692206 -0.204180 -0.291949 2.705678 0.022874 -0.293512 2.780116 -0.209654 -0.627785 2.699365 -0.043826 -0.594340 3.005057 -0.202565 -0.681106 2.635046 -0.011396 -0.671510 3.009885 
-0.103391 0.876748 2.642681 -0.115570 0.690390 2.682619 -0.279042 0.569445 2.645036 0.062937 0.570946 2.723077 -0.354754 0.326008 2.588935 0.127641 0.300210 2.755673 -0.328019 0.119294 2.755673 0.150408 0.084790 2.485540 -0.307841 0.051607 2.428854 0.142409 0.008642 2.648863 -0.107017 0.335919 2.690212 -0.097996 0.267813 2.662617 -0.171421 0.189683 2.641334 -0.018226 0.189873 2.671148 -0.205934 -0.291309 2.693462 0.026584 -0.280195 2.714813 -0.209221 -0.625958 2.696975 -0.029050 -0.589831 2.937165 -0.200397 -0.680279 2.633996 -0.004980 -0.667767 2.955642 
-0.109713 0.878967 2.625442 -0.115443 0.691487 2.673013 -0.279846 0.570067 2.626032 0.059890 0.571031 2.708018 -0.352760 0.327239 2.564132 0.119468 0.302843 2.729130 -0.328367 0.125201 2.729130 0.148923 0.084842 2.450058 -0.306124 0.059940 2.402127 0.138853 0.012103 2.617658 -0.109532 0.335693 2.675037 -0.100330 0.268079 2.644698 -0.173938 0.190087 2.618864 -0.021418 0.190610 2.654456 -0.205765 -0.294069 2.685846 0.023813 -0.281480 2.683801 -0.208603 -0.626775 2.695174 -0.031648 -0.596625 2.871469 -0.200357 -0.681765 2.632982 0.001747 -0.673073 2.871666 
-0.108962 0.880555 2.612093 -0.118761 0.691506 2.653857 -0.280026 0.563766 2.595639 0.055675 0.572282 2.692786 -0.351562 0.327380 2.544830 0.110897 0.302853 2.705713 -0.326476 0.128865 2.705713 0.142503 0.085806 2.424187 -0.303231 0.067162 2.379056 0.138540 0.012351 2.598438 -0.112985 0.335043 2.656818 -0.101878 0.267532 2.625908 -0.174386 0.189701 2.597073 -0.023148 0.190497 2.639439 -0.204414 -0.291699 2.671124 0.019762 -0.285304 2.645469 -0.201106 -0.622344 2.694925 -0.007974 -0.611301 2.814909 -0.201927 -0.680022 2.635018 0.025779 -0.684392 2.794061 
-0.108861 0.874092 2.591704 -0.122300 0.691409 2.639664 -0.280946 0.564288 2.584003 0.052341 0.572790 2.681454 -0.349715 0.330818 2.525776 0.108091 0.304271 2.693719 -0.326086 0.134386 2.693719 0.140490 0.085985 2.401120 -0.292463 0.055777 2.333527 0.132465 0.012779 2.585214 -0.114319 0.335162 2.644765 -0.102365 0.267793 2.613086 -0.173859 0.190139 2.585174 -0.023700 0.191245 2.626232 -0.204764 -0.296176 2.660274 0.017116 -0.286862 2.616092 -0.201432 -0.625279 2.693785 -0.004693 -0.612683 2.750120 -0.201666 -0.682061 2.633336 0.024685 -0.686623 2.726710 
-0.109299 0.874374 2.579547 -0.122754 0.686339 2.618490 -0.283222 0.566253 2.572519 0.051123 0.573077 2.667301 -0.349980 0.332696 2.504886 0.104734 0.303778 2.681809 -0.326028 0.136570 2.681809 0.131472 0.087755 2.379831 -0.289918 0.054865 2.317353 0.127707 0.015419 2.574785 -0.116457 0.334806 2.627977 -0.104890 0.267932 2.596479 -0.176662 0.190514 2.571191 -0.026482 0.190684 2.607965 -0.209009 -0.296782 2.647042 0.011901 -0.293225 2.585819 -0.199623 -0.626550 2.693274 0.013733 -0.627109 2.676120 -0.204361 -0.684762 2.634690 0.041460 -0.704185 2.664554 
-0.109639 0.876676 2.562683 -0.124267 0.686420 2.600188 -0.283822 0.570642 2.555520 0.049709 0.566302 2.644433 -0.351174 0.331543 2.489390 0.103888 0.302293 2.668339 -0.324869 0.135396 2.668339 0.128592 0.086950 2.364963 -0.287871 0.059339 2.296031 0.119392 0.012558 2.541969 -0.118400 0.333563 2.610639 -0.107288 0.266421 2.579018 -0.179406 0.189448 2.553954 -0.028844 0.189187 2.591524 -0.210663 -0.299936 2.640940 0.008236 -0.302560 2.557398 -0.199718 -0.626891 2.692455 0.011082 -0.643502 2.610813 -0.203814 -0.684783 2.633782 0.042521 -0.706731 2.568100 
-0.107890 0.874699 2.549004 -0.124958 0.686086 2.587868 -0.284848 0.564933 2.529327 0.049872 0.566186 2.632259 -0.351139 0.327812 2.474384 0.102505 0.299803 2.652946 -0.323159 0.136397 2.652946 0.126433 0.084918 2.342422 -0.287263 0.078761 2.293550 0.117497 0.009665 2.530454 -0.119794 0.332210 2.597364 -0.107355 0.265052 2.565480 -0.179304 0.187202 2.538116 -0.028858 0.187779 2.579344 -0.210765 -0.303564 2.631926 0.003754 -0.313175 2.531769 -0.199585 -0.628728 2.691341 0.021572 -0.649987 2.538326 -0.203722 -0.686197 2.632488 0.048110 -0.702053 2.472915 
-0.109051 0.874755 2.532272 -0.124626 0.684344 2.572148 -0.283366 0.561779 2.518507 0.052954 0.568094 2.619151 -0.350347 0.324844 2.461859 0.101735 0.291525 2.621689 -0.322768 0.130949 2.621689 0.126056 0.072893 2.333929 -0.286917 0.074688 2.284340 0.117493 0.007577 2.520715 -0.119318 0.331838 2.583177 -0.107116 0.264851 2.551257 -0.179335 0.186421 2.524997 -0.028346 0.187469 2.564523 -0.208284 -0.303393 2.622948 0.000304 -0.321458 2.508490 -0.199411 -0.628652 2.687725 0.025267 -0.652192 2.465800 -0.203257 -0.687559 2.630573 0.050027 -0.703361 2.406473 
-0.104570 0.867223 2.508403 -0.120690 0.681809 2.557177 -0.282950 0.562698 2.506962 0.052798 0.567442 2.600939 -0.349703 0.321503 2.446772 0.102424 0.292578 2.612941 -0.322972 0.124074 2.612941 0.123784 0.074616 2.324838 -0.290236 0.070076 2.279714 0.118811 0.004349 2.509832 -0.118005 0.329946 2.569027 -0.106915 0.262950 2.536879 -0.179817 0.185048 2.511987 -0.028818 0.185587 2.549049 -0.206686 -0.304645 2.613824 -0.005413 -0.322612 2.479039 -0.200399 -0.630259 2.684554 0.027825 -0.648884 2.418608 -0.196427 -0.688497 2.626923 0.043193 -0.695582 2.341366 
-0.103977 0.864903 2.493224 -0.118226 0.678257 2.536011 -0.283376 0.564493 2.493296 0.050984 0.561794 2.578163 -0.347511 0.315008 2.432886 0.103070 0.295384 2.598387 -0.322371 0.113688 2.598387 0.123137 0.076630 2.317946 -0.291832 0.060231 2.274228 0.119645 -0.000822 2.495049 -0.117847 0.327251 2.550932 -0.108102 0.259984 2.519446 -0.181490 0.183491 2.497427 -0.030773 0.182283 2.530216 -0.206446 -0.309162 2.605135 -0.004868 -0.321496 2.450956 -0.201335 -0.637323 2.684277 0.030123 -0.640211 2.359574 -0.201374 -0.692378 2.623618 0.041612 -0.693903 2.281693 
-0.099874 0.861774 2.478392 -0.117397 0.676739 2.519759 -0.279795 0.559205 2.468146 0.053166 0.552567 2.556288 -0.347997 0.311544 2.423522 0.104308 0.290463 2.584494 -0.322113 0.106373 2.584494 0.123400 0.073104 2.316854 -0.295890 0.048854 2.273345 0.118829 -0.006792 2.469177 -0.119039 0.322567 2.532289 -0.109346 0.254797 2.500402 -0.183482 0.179121 2.477162 -0.032247 0.176962 2.512062 -0.206109 -0.312486 2.596308 -0.008173 -0.310447 2.438109 -0.201594 -0.637191 2.682561 0.022491 -0.615907 2.330322 -0.202836 -0.694309 2.623891 0.034694 -0.662661 2.230621 
-0.096442 0.848780 2.450617 -0.115985 0.671478 2.496303 -0.278460 0.556374 2.455906 0.056184 0.555104 2.542140 -0.346897 0.304459 2.415604 0.108319 0.279811 2.550606 -0.321834 0.095265 2.550606 0.121501 0.059073 2.318017 -0.298441 0.039245 2.277745 0.119094 -0.008923 2.460430 -0.118316 0.319483 2.513320 -0.109182 0.251574 2.482867 -0.183675 0.175639 2.460417 -0.032109 0.173405 2.494861 -0.205409 -0.312350 2.583512 -0.009960 -0.314819 2.422477 -0.199712 -0.635571 2.679637 0.015373 -0.614928 2.301172 -0.203816 -0.693802 2.622318 0.036167 -0.662148 2.210436 
-0.089702 0.845520 2.435388 -0.113863 0.668082 2.479633 -0.276167 0.550901 2.442264 0.060334 0.545852 2.516485 -0.344578 0.296519 2.408339 0.111875 0.275703 2.532306 -0.323191 0.084428 2.532306 0.127371 0.054328 2.317173 -0.303614 0.024483 2.279914 0.121754 -0.012150 2.445049 -0.115759 0.313844 2.496189 -0.107962 0.245461 2.465934 -0.182903 0.170017 2.445917 -0.030862 0.167065 2.476267 -0.204026 -0.319473 2.571007 -0.013677 -0.316805 2.412147 -0.200346 -0.637329 2.677997 0.011481 -0.607330 2.273008 -0.208185 -0.696923 2.622482 0.033044 -0.648412 2.172500 
-0.087085 0.850174 2.417859 -0.109762 0.663292 2.456208 -0.275048 0.550058 2.425621 0.063069 0.542366 2.491660 -0.343042 0.288353 2.397112 0.116811 0.274025 2.518607 -0.324453 0.071935 2.518607 0.131995 0.054137 2.317947 -0.307767 0.015568 2.282137 0.124587 -0.018215 2.416186 -0.113444 0.310003 2.475286 -0.107027 0.241391 2.446235 -0.182815 0.166187 2.428627 -0.030076 0.162430 2.454805 -0.197747 -0.320774 2.545794 -0.013050 -0.325680 2.389748 -0.199293 -0.637779 2.676290 0.014186 -0.621761 2.247263 -0.212247 -0.705230 2.631889 0.035347 -0.656186 2.144253 
-0.080851 0.850387 2.393785 -0.102710 0.660987 2.439413 -0.271280 0.544658 2.400676 0.068336 0.538847 2.469438 -0.341572 0.283236 2.386717 0.123556 0.266575 2.477871 -0.326482 0.063079 2.477871 0.135883 0.044544 2.320087 -0.317424 -0.002872 2.286139 0.130290 -0.019530 2.392576 -0.111414 0.306034 2.454682 -0.105929 0.237283 2.425099 -0.183285 0.160832 2.406393 -0.029922 0.158654 2.433076 -0.199638 -0.324966 2.542968 -0.014208 -0.330052 2.375597 -0.198834 -0.639078 2.672909 0.012942 -0.620359 2.241062 -0.222761 -0.710422 2.640931 0.032239 -0.661307 2.140129 
-0.075240 0.839156 2.363561 -0.100610 0.654771 2.412695 -0.269288 0.539433 2.387266 0.073403 0.534930 2.442570 -0.340134 0.277346 2.374047 0.129257 0.264940 2.462626 -0.330560 0.054129 2.462626 0.140338 0.043920 2.320201 -0.324026 -0.010444 2.290972 0.135343 -0.021350 2.375762 -0.108976 0.301603 2.433994 -0.105017 0.232517 2.406749 -0.183043 0.155847 2.391880 -0.028544 0.154183 2.413791 -0.195213 -0.339884 2.534061 -0.012725 -0.331352 2.361502 -0.199676 -0.646364 2.672103 0.010245 -0.631713 2.226359 -0.226573 -0.715848 2.638563 0.026022 -0.675122 2.125923 
-0.071883 0.841968 2.345978 -0.094636 0.653929 2.388330 -0.263210 0.540340 2.369570 0.078677 0.530940 2.422321 -0.337656 0.273042 2.364722 0.135191 0.260385 2.443297 -0.336457 0.048322 2.443297 0.151102 0.043313 2.318304 -0.328167 -0.016049 2.294733 0.142210 -0.035163 2.330110 -0.106495 0.299075 2.408407 -0.103627 0.229569 2.382026 -0.182284 0.153914 2.369212 -0.028243 0.150510 2.387735 -0.172994 -0.327904 2.473227 -0.011907 -0.343584 2.343677 -0.203890 -0.645699 2.665090 0.007863 -0.643951 2.208593 -0.225900 -0.719858 2.638998 0.027811 -0.688470 2.109498 
-0.067799 0.836530 2.319321 -0.084043 0.650477 2.365609 -0.258407 0.537576 2.346901 0.087754 0.524849 2.387879 -0.336503 0.272390 2.354639 0.144869 0.254272 2.406325 -0.339177 0.046282 2.406325 0.160465 0.033068 2.318990 -0.331205 -0.030719 2.296617 0.145049 -0.034777 2.320325 -0.098873 0.296219 2.384138 -0.097861 0.226866 2.358167 -0.177909 0.151098 2.346060 -0.022745 0.146763 2.362037 -0.171464 -0.325885 2.464690 -0.008880 -0.350326 2.329535 -0.203526 -0.646292 2.649486 0.006258 -0.648688 2.199145 -0.228894 -0.723395 2.641618 0.026256 -0.698535 2.102769 
-0.062871 0.833213 2.295300 -0.079600 0.648870 2.346341 -0.254478 0.533558 2.328485 0.093035 0.524712 2.370115 -0.333034 0.270091 2.343205 0.149097 0.258767 2.385224 -0.341402 0.043317 2.385224 0.166137 0.039470 2.317272 -0.334001 -0.034104 2.296427 0.160694 -0.028650 2.276276 -0.093909 0.295425 2.361171 -0.092815 0.226570 2.334826 -0.173554 0.150011 2.324039 -0.016941 0.146395 2.336220 -0.179646 -0.328221 2.467465 -0.007648 -0.349192 2.319856 -0.201422 -0.643858 2.641435 0.005745 -0.651793 2.191786 -0.202249 -0.717807 2.607306 0.024250 -0.705389 2.097299 
-0.055542 0.830719 2.270121 -0.071066 0.647940 2.316493 -0.247947 0.534692 2.308413 0.102997 0.530684 2.335531 -0.330551 0.272632 2.324538 0.158980 0.259044 2.345516 -0.342667 0.045609 2.345516 0.173138 0.037611 2.309937 -0.337621 -0.032783 2.292624 0.164226 -0.031132 2.252723 -0.083786 0.297013 2.332139 -0.083810 0.228585 2.306248 -0.164594 0.152051 2.296167 -0.007806 0.147978 2.307413 -0.163721 -0.322438 2.422704 -0.006103 -0.344932 2.310405 -0.202040 -0.645049 2.633147 0.005513 -0.651773 2.190320 -0.215278 -0.723629 2.616757 0.023330 -0.707784 2.097259 
-0.047164 0.827127 2.248632 -0.064970 0.645118 2.297237 -0.238910 0.535358 2.281857 0.109290 0.529752 2.315356 -0.327523 0.275256 2.310212 0.163884 0.259723 2.329144 -0.341393 0.048307 2.329144 0.176760 0.041181 2.291297 -0.338798 -0.031863 2.286527 0.169094 -0.027026 2.214407 -0.077425 0.296479 2.311215 -0.076785 0.228655 2.285205 -0.157432 0.152220 2.274772 -0.000541 0.148070 2.285835 -0.159345 -0.325824 2.409278 -0.000046 -0.342544 2.294775 -0.198144 -0.648450 2.622186 0.005069 -0.651731 2.188279 -0.225119 -0.725112 2.622311 0.023109 -0.709849 2.096701 
-0.039561 0.819303 2.218886 -0.054741 0.646968 2.267724 -0.233149 0.536200 2.265628 0.117236 0.528464 2.286861 -0.322939 0.278276 2.293052 0.174032 0.261123 2.282976 -0.339161 0.051383 2.282976 0.177824 0.040891 2.275927 -0.336366 -0.028135 2.265569 0.169684 -0.033590 2.190978 -0.068924 0.296027 2.283153 -0.069767 0.227582 2.257747 -0.151223 0.152164 2.251109 0.006102 0.146097 2.255401 -0.157903 -0.321108 2.386062 0.004201 -0.345629 2.284982 -0.197007 -0.641424 2.608617 0.005202 -0.652074 2.186346 -0.218073 -0.719039 2.619551 0.020077 -0.718261 2.099998 
-0.034073 0.813803 2.200841 -0.047069 0.644995 2.251594 -0.223461 0.537316 2.243195 0.124384 0.530596 2.268143 -0.312675 0.284142 2.273814 0.180817 0.262996 2.266066 -0.334368 0.057723 2.266066 0.184730 0.043442 2.253711 -0.332083 -0.019797 2.233473 0.174758 -0.034309 2.155799 -0.061213 0.296530 2.262208 -0.061687 0.229148 2.235403 -0.142889 0.153891 2.227402 0.013990 0.148152 2.231899 -0.162569 -0.333535 2.381416 0.007414 -0.343023 2.272158 -0.193596 -0.636786 2.570810 0.006042 -0.651292 2.184431 -0.188746 -0.681050 2.486455 0.020557 -0.718821 2.099214 
-0.026945 0.808838 2.182616 -0.037710 0.645116 2.226440 -0.217882 0.537532 2.225960 0.133838 0.527398 2.240204 -0.304407 0.288175 2.252445 0.192128 0.263769 2.235152 -0.325752 0.062652 2.235152 0.192185 0.047725 2.217191 -0.322765 -0.017009 2.209896 0.182055 -0.026004 2.121454 -0.052999 0.297463 2.238058 -0.054691 0.230132 2.211353 -0.137040 0.154308 2.206177 0.021250 0.148871 2.205581 -0.169209 -0.340419 2.344881 0.017194 -0.331390 2.244837 -0.187817 -0.617338 2.534802 0.006208 -0.651073 2.183047 -0.185629 -0.661591 2.450298 0.020655 -0.719507 2.098500 
-0.020828 0.803311 2.165633 -0.031052 0.644369 2.209450 -0.208936 0.536371 2.205201 0.141896 0.525409 2.219087 -0.299809 0.287008 2.235590 0.198691 0.267282 2.213049 -0.319648 0.061718 2.213049 0.196309 0.050163 2.196731 -0.308544 -0.010751 2.164742 0.183620 -0.024851 2.099996 -0.047318 0.295831 2.219672 -0.049200 0.228496 2.192172 -0.131714 0.152983 2.188010 0.026405 0.146819 2.184604 -0.169351 -0.335382 2.288926 0.021565 -0.328668 2.232914 -0.192354 -0.638700 2.529244 0.006259 -0.651186 2.181848 -0.190226 -0.682857 2.444677 0.020511 -0.720571 2.098032 
-0.011575 0.795276 2.141884 -0.027143 0.643762 2.192936 -0.203252 0.535287 2.189894 0.147597 0.522592 2.198964 -0.294064 0.282075 2.212027 0.204612 0.266334 2.189229 -0.309601 0.058934 2.189229 0.199889 0.050115 2.156540 -0.302667 -0.019410 2.142429 0.192289 -0.016526 2.054767 -0.041445 0.294814 2.201428 -0.043324 0.227699 2.172865 -0.124969 0.152909 2.169728 0.032217 0.145357 2.163140 -0.183480 -0.314898 2.235119 0.027551 -0.327308 2.219805 -0.181373 -0.620413 2.452560 0.006788 -0.651093 2.180193 -0.180402 -0.664435 2.367823 0.020485 -0.721904 2.097378 
-0.007592 0.792598 2.121815 -0.019469 0.641371 2.170405 -0.197447 0.534030 2.172988 0.151277 0.518367 2.175693 -0.284303 0.280561 2.188602 0.214148 0.265659 2.162162 -0.294597 0.060040 2.162162 0.203953 0.051680 2.119813 -0.294096 -0.014455 2.091296 0.194238 -0.014863 2.039149 -0.035338 0.291691 2.181226 -0.038106 0.224296 2.152717 -0.119824 0.150130 2.148996 0.036628 0.142498 2.144967 -0.181100 -0.317257 2.203330 0.031513 -0.326289 2.208082 -0.177656 -0.635477 2.407720 0.007086 -0.650737 2.178769 -0.178221 -0.679548 2.323043 0.020696 -0.723894 2.098746 
-0.002669 0.787184 2.098852 -0.014249 0.639903 2.154114 -0.191158 0.531702 2.154636 0.155432 0.515625 2.156425 -0.276289 0.280340 2.169473 0.217836 0.266968 2.145693 -0.284503 0.062058 2.145693 0.207274 0.054295 2.092224 -0.282616 -0.010441 2.059209 0.196786 -0.017081 2.011102 -0.030838 0.289918 2.165692 -0.033851 0.222425 2.137086 -0.116087 0.148808 2.135500 0.041108 0.140541 2.127196 -0.173428 -0.318790 2.161733 0.033617 -0.327575 2.198782 -0.177333 -0.660645 2.357334 0.006947 -0.651574 2.177351 -0.194287 -0.734003 2.327422 0.021185 -0.724050 2.099512 
0.001366 0.787277 2.083850 -0.009876 0.639093 2.137953 -0.187591 0.532556 2.141230 0.161273 0.515765 2.139078 -0.268552 0.280064 2.147791 0.220722 0.267400 2.121089 -0.270465 0.065719 2.121089 0.212773 0.054430 2.058044 -0.266835 -0.004762 2.021314 0.200498 -0.011543 1.987058 -0.025531 0.289853 2.148967 -0.028738 0.222647 2.119885 -0.110809 0.148373 2.117359 0.046277 0.140501 2.110436 -0.169536 -0.318365 2.123543 0.034665 -0.329216 2.187543 -0.166016 -0.649837 2.273551 0.007005 -0.653109 2.175752 -0.204147 -0.717410 2.250536 0.021381 -0.724346 2.099791 
0.003516 0.786328 2.068219 -0.007972 0.636648 2.120111 -0.185464 0.533217 2.125181 0.164613 0.512023 2.117392 -0.263223 0.279518 2.130147 0.224515 0.263765 2.098519 -0.259556 0.068371 2.098519 0.215678 0.052117 2.032106 -0.253272 0.000004 1.992156 0.201985 -0.011177 1.961270 -0.022496 0.287374 2.132252 -0.026020 0.220096 2.103208 -0.108535 0.145369 2.100260 0.049695 0.137802 2.094511 -0.162081 -0.316529 2.086564 0.038173 -0.336628 2.177034 -0.162810 -0.655751 2.205498 0.006800 -0.653729 2.175354 -0.209527 -0.720437 2.192109 0.022521 -0.724507 2.100125 
0.004377 0.782994 2.048631 -0.004159 0.634888 2.103549 -0.182538 0.530934 2.104503 0.165406 0.509276 2.098988 -0.258182 0.280235 2.108722 0.225354 0.265068 2.082415 -0.246351 0.067769 2.082415 0.215817 0.055152 2.001488 -0.244616 -0.003061 1.965903 0.201382 -0.012363 1.940024 -0.018606 0.284615 2.116135 -0.021890 0.217091 2.087053 -0.104567 0.141933 2.083534 0.054062 0.135870 2.079500 -0.153229 -0.315777 2.057623 0.040745 -0.343694 2.169748 -0.164994 -0.661506 2.130274 0.005988 -0.657018 2.173522 -0.208709 -0.714400 2.087517 0.022999 -0.725117 2.100235 
0.004284 0.779236 2.027557 -0.001583 0.631599 2.083652 -0.181017 0.529354 2.089850 0.167972 0.507303 2.082593 -0.256348 0.283818 2.092358 0.229024 0.261660 2.061031 -0.239752 0.076170 2.061031 0.216203 0.047441 1.987823 -0.225625 0.020505 1.933236 0.203352 -0.011291 1.926460 -0.014603 0.283345 2.099181 -0.017810 0.215868 2.070961 -0.100820 0.140883 2.068097 0.059080 0.133977 2.063551 -0.143835 -0.351691 2.023527 0.042829 -0.347747 2.163088 -0.174729 -0.660615 2.059951 0.003857 -0.661064 2.171948 -0.202806 -0.718068 2.010568 0.022031 -0.725384 2.099675 
0.005346 0.777661 2.011004 0.001223 0.628648 2.065250 -0.179100 0.527425 2.069331 0.170894 0.506498 2.066252 -0.253989 0.285347 2.074743 0.229319 0.261994 2.049278 -0.234015 0.078711 2.049278 0.220112 0.053565 1.968819 -0.222488 0.014977 1.923332 0.204955 -0.010941 1.909904 -0.010999 0.281689 2.081842 -0.013648 0.214288 2.054400 -0.096631 0.138125 2.052110 0.063673 0.132972 2.047184 -0.141056 -0.362202 2.005868 0.043817 -0.349731 2.153742 -0.173395 -0.670603 1.981258 0.001031 -0.664418 2.170756 -0.194735 -0.722092 1.922858 0.022644 -0.724899 2.100101 
0.005225 0.773704 1.992932 -0.000951 0.626107 2.049465 -0.177800 0.523588 2.050447 0.169923 0.502457 2.047050 -0.251952 0.285447 2.052145 0.230795 0.260574 2.030138 -0.228215 0.078758 2.030138 0.218763 0.048664 1.947502 -0.219363 0.016188 1.899982 0.204759 -0.011765 1.894745 -0.009615 0.278365 2.065225 -0.011540 0.210824 2.037949 -0.093651 0.134191 2.034956 0.066585 0.130850 2.031514 -0.134981 -0.367231 1.980822 0.044334 -0.352751 2.143936 -0.174672 -0.675856 1.916439 -0.001894 -0.671184 2.167952 -0.190938 -0.715730 1.848241 0.025947 -0.726410 2.101960 
0.004338 0.769112 1.969769 -0.000381 0.622999 2.028799 -0.178074 0.519433 2.029117 0.169920 0.500280 2.030682 -0.250155 0.282470 2.034144 0.231611 0.260553 2.016514 -0.224636 0.075616 2.016514 0.219071 0.050392 1.930662 -0.217109 0.011881 1.884634 0.205350 -0.013326 1.880030 -0.007475 0.275950 2.047148 -0.008694 0.208195 2.021253 -0.089914 0.131800 2.017828 0.069334 0.128056 2.016472 -0.133385 -0.363179 1.959304 0.043504 -0.355441 2.135581 -0.157050 -0.668455 1.850101 -0.002293 -0.673605 2.166393 -0.184648 -0.698205 1.780506 0.025566 -0.727264 2.101270 
0.002842 0.761988 1.943355 -0.002547 0.620450 2.008954 -0.179207 0.515759 2.009066 0.168324 0.499698 2.012894 -0.249967 0.277858 2.012976 0.230472 0.258629 2.002262 -0.223888 0.068936 2.002262 0.218216 0.047088 1.909664 -0.215579 0.003231 1.866879 0.205933 -0.015167 1.868587 -0.007034 0.274287 2.028797 -0.007577 0.206432 2.004281 -0.088602 0.130341 2.001673 0.071414 0.126251 1.999851 -0.128103 -0.346351 1.936346 0.043955 -0.353437 2.124444 -0.159163 -0.637373 1.805897 -0.001761 -0.673858 2.163424 -0.172342 -0.678050 1.737736 0.027073 -0.728766 2.101900 
0.003751 0.763166 1.930559 -0.005661 0.616142 1.988278 -0.179555 0.512100 1.988216 0.167134 0.500462 1.997869 -0.253129 0.275232 1.993140 0.228740 0.257228 1.985301 -0.225483 0.064056 1.985301 0.217401 0.043250 1.901679 -0.220495 0.000576 1.855312 0.206049 -0.018428 1.854985 -0.006152 0.271851 2.008497 -0.005417 0.204195 1.985180 -0.085185 0.127899 1.980931 0.074335 0.124633 1.982682 -0.123931 -0.337441 1.927575 0.045876 -0.352970 2.116616 -0.154393 -0.623494 1.781128 -0.001391 -0.675501 2.162374 -0.165640 -0.658658 1.709745 0.028888 -0.729549 2.103349 
0.001455 0.760671 1.911680 -0.009230 0.613287 1.968915 -0.182973 0.505730 1.964741 0.166500 0.497467 1.979272 -0.254187 0.263971 1.966756 0.227602 0.250583 1.969673 -0.231861 0.050883 1.969673 0.215424 0.035082 1.879118 -0.225201 -0.017576 1.840955 0.205820 -0.023549 1.844338 -0.006360 0.269303 1.988220 -0.004562 0.201696 1.965865 -0.083975 0.124531 1.963056 0.076632 0.121915 1.961924 -0.121091 -0.331753 1.910041 0.047926 -0.353189 2.109084 -0.147900 -0.604435 1.756314 -0.000900 -0.676648 2.160305 -0.161574 -0.645728 1.688843 0.029275 -0.729501 2.103476 
-0.002516 0.752881 1.880922 -0.012710 0.608055 1.942190 -0.186843 0.496910 1.939299 0.160995 0.493265 1.954508 -0.256636 0.255520 1.944363 0.224961 0.246032 1.955192 -0.235598 0.038649 1.955192 0.215896 0.030536 1.868479 -0.239097 -0.021145 1.828119 0.206344 -0.028805 1.834409 -0.006622 0.263271 1.963445 -0.004219 0.195224 1.942873 -0.082751 0.117828 1.938562 0.077403 0.116543 1.942446 -0.117200 -0.321891 1.883853 0.050058 -0.355387 2.098011 -0.143564 -0.598214 1.742778 0.001005 -0.678690 2.157352 -0.156114 -0.641158 1.676100 0.029725 -0.730238 2.103067 
-0.008029 0.746101 1.857926 -0.014812 0.603796 1.923176 -0.189468 0.492144 1.915759 0.159767 0.489408 1.937597 -0.259677 0.241603 1.915422 0.221474 0.240174 1.938667 -0.246238 0.020879 1.938667 0.215342 0.023203 1.852454 -0.242991 -0.033111 1.820679 0.206940 -0.033784 1.827016 -0.008379 0.259334 1.941520 -0.005400 0.191500 1.921427 -0.084046 0.114009 1.917544 0.076820 0.112043 1.919152 -0.113438 -0.316093 1.868947 0.051018 -0.357461 2.078605 -0.148254 -0.687633 1.684959 0.003082 -0.679889 2.154880 -0.145131 -0.740735 1.598236 0.030821 -0.732910 2.100968 
-0.011535 0.745995 1.838055 -0.018904 0.599205 1.897107 -0.193309 0.485682 1.891356 0.155111 0.484723 1.913827 -0.260320 0.232826 1.891060 0.220391 0.234748 1.921912 -0.263680 0.011083 1.921912 0.216278 0.015796 1.831178 -0.250831 -0.062611 1.807246 0.207193 -0.039269 1.817560 -0.010660 0.254416 1.916451 -0.007356 0.186327 1.897692 -0.085031 0.108877 1.893698 0.074691 0.107304 1.896942 -0.111807 -0.314545 1.848432 0.052540 -0.345619 2.053212 -0.146577 -0.693939 1.684982 0.009794 -0.676484 2.146981 -0.143951 -0.754341 1.596404 0.033325 -0.736373 2.099542 
-0.015180 0.740465 1.814670 -0.023948 0.593240 1.873150 -0.199018 0.478311 1.862152 0.149852 0.480085 1.890720 -0.265254 0.226570 1.864720 0.216040 0.226651 1.902272 -0.268825 0.001978 1.902272 0.217071 0.006319 1.821764 -0.262321 -0.072564 1.798052 0.206878 -0.048432 1.808534 -0.013228 0.248258 1.890770 -0.009044 0.180184 1.872598 -0.086036 0.102081 1.865978 0.073616 0.101615 1.873591 -0.113078 -0.320012 1.831498 0.050354 -0.339628 2.030984 -0.143404 -0.705769 1.686499 0.017201 -0.676152 2.139420 -0.139388 -0.767250 1.597820 0.037678 -0.741194 2.097943 
-0.020959 0.733313 1.784142 -0.029389 0.588742 1.846680 -0.202062 0.471636 1.834234 0.143944 0.477675 1.868009 -0.271188 0.219261 1.834158 0.213852 0.223989 1.885306 -0.279447 -0.006082 1.885306 0.216527 0.002052 1.799006 -0.272537 -0.081616 1.779008 0.207377 -0.050793 1.802498 -0.017099 0.243053 1.864251 -0.012318 0.174779 1.847051 -0.088317 0.096848 1.841226 0.070121 0.097449 1.848336 -0.117338 -0.325030 1.811267 0.049430 -0.346646 2.023335 -0.138274 -0.718194 1.692112 0.020156 -0.673914 2.133471 -0.132375 -0.780481 1.604308 0.038125 -0.742719 2.097509 
-0.018076 0.731645 1.759219 -0.036176 0.587752 1.821645 -0.207349 0.465177 1.807213 0.138549 0.474159 1.844958 -0.275242 0.214251 1.808572 0.208764 0.222050 1.865825 -0.284871 -0.011607 1.865825 0.217034 -0.001296 1.780774 -0.279516 -0.087178 1.760637 0.210090 -0.052464 1.788615 -0.021624 0.239664 1.838857 -0.016230 0.170874 1.822447 -0.091765 0.093822 1.815990 0.066690 0.092607 1.824016 -0.118943 -0.328217 1.797418 0.048432 -0.353955 2.012407 -0.136959 -0.724572 1.693372 0.022572 -0.685262 2.122166 -0.129917 -0.787426 1.606008 0.040971 -0.756497 2.091471 
-0.018160 0.726480 1.729217 -0.041002 0.587435 1.797411 -0.213452 0.461953 1.779528 0.132567 0.473549 1.821160 -0.277830 0.211984 1.780398 0.202404 0.222473 1.844766 -0.291383 -0.012787 1.844766 0.216397 -0.001125 1.742550 -0.286714 -0.090050 1.730563 0.210426 -0.051047 1.778213 -0.026197 0.237858 1.811741 -0.020538 0.168909 1.795281 -0.095994 0.091208 1.786474 0.062553 0.091030 1.798246 -0.128219 -0.330242 1.770967 0.040022 -0.354941 1.974593 -0.132877 -0.731482 1.696664 0.021003 -0.687946 2.116024 -0.123651 -0.796107 1.610757 0.044837 -0.759932 2.091327 
-0.000357 0.738577 1.724236 -0.050088 0.592039 1.771733 -0.216567 0.461664 1.751796 0.125621 0.473719 1.798365 -0.283158 0.212386 1.750036 0.198290 0.225192 1.822214 -0.295862 -0.013042 1.822214 0.214691 0.001418 1.719039 -0.289403 -0.088456 1.699163 0.211031 -0.050988 1.758567 -0.031751 0.238620 1.785583 -0.025134 0.168968 1.769320 -0.098964 0.092476 1.760057 0.057694 0.091620 1.772534 -0.133708 -0.328511 1.751194 0.041255 -0.350934 1.955774 -0.131316 -0.731376 1.695228 0.021784 -0.683496 2.105879 -0.120358 -0.796557 1.610656 0.045072 -0.758818 2.093680 
0.012277 0.741506 1.714640 -0.057429 0.594909 1.747357 -0.222792 0.459426 1.725073 0.119502 0.480984 1.775719 -0.287953 0.216905 1.720482 0.192678 0.226567 1.803631 -0.293811 -0.007797 1.803631 0.213744 0.003686 1.679644 -0.291107 -0.083614 1.660758 0.207833 -0.048298 1.743705 -0.036027 0.241250 1.760482 -0.028582 0.171584 1.744505 -0.101381 0.093899 1.734644 0.054697 0.095071 1.748338 -0.135402 -0.326718 1.734299 0.042399 -0.346844 1.917028 -0.137080 -0.730249 1.692461 0.020515 -0.678647 2.093184 -0.126158 -0.795682 1.609348 0.043125 -0.755083 2.096956 
0.012010 0.737796 1.690390 -0.065289 0.596096 1.725332 -0.226103 0.457359 1.698722 0.104731 0.485169 1.743136 -0.293909 0.226743 1.687906 0.185210 0.236458 1.780203 -0.294474 0.002815 1.780203 0.208748 0.013670 1.641223 -0.288675 -0.072151 1.620114 0.204508 -0.042851 1.711187 -0.042323 0.238607 1.734550 -0.034835 0.168369 1.717252 -0.105246 0.091498 1.706026 0.046408 0.094937 1.721023 -0.137745 -0.328229 1.721525 0.043817 -0.358827 1.904125 -0.138983 -0.731880 1.689653 0.018942 -0.686716 2.078966 -0.129486 -0.796999 1.606869 0.047338 -0.759264 2.096346 
0.008452 0.735367 1.664882 -0.071017 0.595890 1.701883 -0.231572 0.458736 1.676056 0.099025 0.486225 1.728246 -0.298941 0.231717 1.656138 0.179550 0.236942 1.759824 -0.289271 0.009511 1.759824 0.204643 0.015936 1.600869 -0.280828 -0.062462 1.571973 0.202741 -0.041772 1.689128 -0.048059 0.237319 1.711868 -0.040011 0.166923 1.694738 -0.109579 0.090339 1.681782 0.040444 0.094142 1.700396 -0.137809 -0.336787 1.710793 0.052433 -0.349732 1.845985 -0.143059 -0.740349 1.689102 0.015617 -0.673937 2.057006 -0.131697 -0.797175 1.607033 0.042152 -0.744117 2.084299 
0.007516 0.733770 1.647076 -0.072624 0.594793 1.684464 -0.232212 0.456373 1.653287 0.096641 0.477439 1.711560 -0.302497 0.231489 1.631285 0.172444 0.234828 1.738183 -0.287213 0.012630 1.738183 0.199045 0.015555 1.562659 -0.278152 -0.059409 1.534420 0.202547 -0.057485 1.648995 -0.053109 0.233238 1.690401 -0.045283 0.162512 1.671492 -0.115353 0.086516 1.656583 0.034103 0.089634 1.677328 -0.138306 -0.339359 1.695108 0.060748 -0.345780 1.807529 -0.148427 -0.742256 1.689050 0.011830 -0.661859 2.027026 -0.135596 -0.799195 1.607610 0.040172 -0.736074 2.035111 
0.004166 0.730800 1.627222 -0.076272 0.592032 1.664859 -0.235498 0.454267 1.630842 0.091739 0.471821 1.692431 -0.310341 0.236281 1.591067 0.168655 0.233394 1.718716 -0.286272 0.019117 1.718716 0.193194 0.017052 1.519423 -0.269972 -0.043328 1.487355 0.196993 -0.054814 1.614732 -0.057377 0.230502 1.671430 -0.049188 0.159912 1.652105 -0.118162 0.083883 1.636714 0.029058 0.087672 1.658483 -0.138630 -0.343848 1.679032 0.064999 -0.350706 1.776334 -0.149733 -0.745048 1.693671 0.013319 -0.666344 1.995694 -0.135899 -0.799604 1.612822 0.044518 -0.739316 2.004701 
0.003297 0.731650 1.608112 -0.077304 0.592874 1.645784 -0.236626 0.454043 1.611142 0.087861 0.478155 1.678948 -0.311852 0.240227 1.569507 0.161854 0.235614 1.698206 -0.288231 0.025764 1.698206 0.192748 0.022816 1.488809 -0.269164 -0.036528 1.452948 0.189535 -0.033698 1.587808 -0.060447 0.230618 1.652030 -0.052065 0.160021 1.631816 -0.120307 0.083410 1.613770 0.024852 0.088978 1.640216 -0.141650 -0.352199 1.664299 0.068417 -0.353583 1.727136 -0.152806 -0.751827 1.690802 0.021433 -0.668455 1.939178 -0.137154 -0.797132 1.609294 0.052461 -0.741995 1.942708 
-0.009030 0.731780 1.590761 -0.089700 0.592977 1.628518 -0.241123 0.455201 1.592041 0.081297 0.480192 1.661669 -0.313864 0.239650 1.534182 0.155588 0.234370 1.678726 -0.288372 0.030930 1.678726 0.186979 0.024713 1.438160 -0.265359 -0.030662 1.408931 0.186186 -0.027479 1.561813 -0.066778 0.229436 1.634141 -0.056936 0.158862 1.612708 -0.122933 0.082004 1.594550 0.019954 0.088987 1.620530 -0.145250 -0.359047 1.651336 0.068442 -0.357220 1.693224 -0.155176 -0.751371 1.690476 0.028237 -0.667207 1.875832 -0.138972 -0.794966 1.608761 0.061793 -0.739490 1.881868 
-0.015971 0.729506 1.575827 -0.096689 0.590656 1.613623 -0.240826 0.458330 1.571805 0.072280 0.479656 1.639408 -0.314006 0.239228 1.511973 0.149024 0.235521 1.658772 -0.286164 0.032001 1.658772 0.180671 0.027188 1.413241 -0.263646 -0.024055 1.381011 0.177563 -0.025866 1.522880 -0.071078 0.226507 1.617660 -0.060329 0.156147 1.594862 -0.124432 0.080804 1.575123 0.015923 0.088221 1.604182 -0.147752 -0.364655 1.639508 0.067651 -0.352596 1.640556 -0.153554 -0.748028 1.692207 0.024819 -0.641839 1.799824 -0.137358 -0.791410 1.610558 0.064659 -0.709264 1.815071 
-0.017232 0.725676 1.560325 -0.097995 0.586766 1.598161 -0.246291 0.459408 1.554631 0.064034 0.482208 1.621673 -0.313885 0.238380 1.484772 0.143978 0.235502 1.643921 -0.283986 0.032628 1.643921 0.171361 0.031964 1.383407 -0.261954 -0.017884 1.348747 0.173908 -0.022958 1.510072 -0.074212 0.225512 1.601176 -0.063587 0.156071 1.576734 -0.128580 0.080605 1.556089 0.012691 0.089478 1.585469 -0.149061 -0.369678 1.628551 0.065318 -0.355038 1.604971 -0.144384 -0.742343 1.697325 0.030486 -0.629377 1.732378 -0.128247 -0.785642 1.615594 0.065263 -0.700813 1.739892 
-0.018673 0.721882 1.543316 -0.099477 0.582910 1.581187 -0.248607 0.459368 1.537093 0.059730 0.483260 1.606180 -0.314095 0.240007 1.466278 0.138120 0.236307 1.624511 -0.282913 0.037311 1.624511 0.168542 0.031888 1.358682 -0.258441 -0.014861 1.324770 0.167889 -0.017779 1.485464 -0.077160 0.223900 1.585101 -0.066327 0.155024 1.559687 -0.131528 0.079835 1.538177 0.009812 0.088989 1.569553 -0.150353 -0.377683 1.618608 0.054314 -0.377004 1.581021 -0.141431 -0.737324 1.699163 0.023112 -0.716271 1.703918 -0.124695 -0.780583 1.617630 0.039847 -0.759530 1.622385 
-0.019581 0.712977 1.521676 -0.100423 0.573942 1.559586 -0.250562 0.457197 1.519431 0.057807 0.482287 1.590939 -0.313229 0.239674 1.445527 0.135740 0.239318 1.608873 -0.279402 0.037425 1.608873 0.160002 0.037494 1.338108 -0.255182 -0.011748 1.302027 0.165964 -0.030539 1.460813 -0.078960 0.222072 1.568686 -0.067927 0.154090 1.543620 -0.133575 0.078222 1.520851 0.008596 0.088274 1.555537 -0.150189 -0.384766 1.610600 0.051003 -0.372455 1.533173 -0.138611 -0.734663 1.697544 0.077094 -0.728297 1.631295 -0.121183 -0.778174 1.616121 0.094523 -0.771808 1.549872 
-0.020492 0.707990 1.505578 -0.101369 0.568894 1.543529 -0.251747 0.455951 1.503301 0.054804 0.480546 1.571842 -0.312775 0.241008 1.430963 0.133216 0.241784 1.592188 -0.278316 0.039055 1.592188 0.157301 0.037865 1.323398 -0.253074 -0.009233 1.285010 0.157749 -0.018880 1.444962 -0.082086 0.221693 1.551945 -0.071629 0.154948 1.526158 -0.138282 0.079407 1.504267 0.005131 0.089431 1.537162 -0.150165 -0.387382 1.602671 0.048340 -0.359683 1.498116 -0.137266 -0.729726 1.694484 0.095307 -0.739725 1.542593 -0.120490 -0.773246 1.612774 0.112083 -0.783245 1.460884 
-0.005597 0.695544 1.481284 -0.086510 0.556389 1.519279 -0.252536 0.453524 1.486027 0.053967 0.477779 1.554792 -0.314237 0.240674 1.418867 0.132053 0.239887 1.573972 -0.275549 0.040585 1.573972 0.150954 0.036481 1.309271 -0.250505 -0.009558 1.271718 0.155681 -0.029892 1.425535 -0.079629 0.220241 1.535317 -0.070879 0.154234 1.510959 -0.139546 0.078162 1.488492 0.004715 0.088924 1.523621 -0.151169 -0.386966 1.592351 0.039913 -0.351213 1.473253 -0.133499 -0.726396 1.692136 0.126337 -0.740474 1.448736 -0.116494 -0.770429 1.610698 0.143342 -0.784507 1.367297 
-0.002776 0.690267 1.467096 -0.083724 0.551051 1.505139 -0.253413 0.454624 1.469058 0.054593 0.473606 1.536759 -0.313691 0.240675 1.406459 0.130798 0.236728 1.556996 -0.274753 0.040750 1.556996 0.149638 0.031717 1.296908 -0.248938 -0.010538 1.262105 0.153982 -0.034811 1.412650 -0.080576 0.219383 1.517657 -0.073209 0.154983 1.493057 -0.144450 0.079157 1.469924 0.002155 0.088674 1.506210 -0.152244 -0.388149 1.583417 0.028539 -0.341112 1.450555 -0.129877 -0.720277 1.688779 0.127242 -0.726267 1.368980 -0.113155 -0.764226 1.607076 0.145717 -0.777058 1.286300 
