81
0.090779 0.141126 3.373475 0.092616 -0.035298 3.374736 -0.069381 -0.155964 3.310356 0.263614 -0.166355 3.356551 -0.129473 -0.413584 3.281835 0.319886 -0.421799 3.302124 -0.170205 -0.628473 3.302124 0.310832 -0.618996 3.270025 -0.178034 -0.661808 3.244193 0.312575 -0.653515 3.185574 0.097750 -0.365970 3.322776 0.106346 -0.415951 3.265621 0.035376 -0.479889 3.224845 0.182157 -0.496872 3.256403 0.039695 -0.860667 3.220840 0.148129 -0.895621 3.312361 0.050689 -1.158265 3.165899 0.148934 -1.218617 3.425811 0.079270 -1.237449 3.125106 0.158914 -1.290949 3.411730 
0.085829 0.145309 3.362635 0.088042 -0.032008 3.355325 -0.072464 -0.151480 3.290761 0.257329 -0.158273 3.336245 -0.133123 -0.411573 3.276175 0.318467 -0.420205 3.282984 -0.169269 -0.626745 3.282984 0.308589 -0.617611 3.246855 -0.178458 -0.655376 3.223178 0.308372 -0.646646 3.158268 0.094116 -0.363217 3.305707 0.102644 -0.413637 3.248960 0.033258 -0.477418 3.212280 0.177718 -0.494486 3.241021 0.043140 -0.861743 3.217875 0.152959 -0.907182 3.308710 0.050189 -1.156791 3.165087 0.147238 -1.216877 3.415837 0.078611 -1.237144 3.121737 0.157770 -1.289590 3.408178 
0.085352 0.148812 3.359079 0.088830 -0.031938 3.341144 -0.073720 -0.150187 3.278685 0.256153 -0.155087 3.326371 -0.136421 -0.405438 3.245196 0.318556 -0.414674 3.266686 -0.172041 -0.618481 3.266686 0.308145 -0.605476 3.197057 -0.178951 -0.635274 3.166160 0.307728 -0.631209 3.113334 0.094310 -0.362083 3.290113 0.102913 -0.411942 3.232942 0.032046 -0.477436 3.197315 0.179344 -0.489973 3.222335 0.053120 -0.851092 3.210002 0.155240 -0.913886 3.289723 0.041197 -1.142746 3.163632 0.148747 -1.215730 3.414802 0.089284 -1.226828 3.173206 0.157616 -1.288003 3.402734 
0.080890 0.154014 3.349133 0.081897 -0.025007 3.320949 -0.075290 -0.148619 3.266385 0.253979 -0.152530 3.315549 -0.139681 -0.404023 3.236889 0.315325 -0.408309 3.252870 -0.176705 -0.595746 3.252870 0.309460 -0.604461 3.125291 -0.180019 -0.618872 3.132907 0.308257 -0.631444 3.114496 0.089585 -0.355356 3.275530 0.098792 -0.405948 3.218993 0.028505 -0.471632 3.182020 0.175578 -0.484774 3.212027 0.058438 -0.859949 3.200343 0.149077 -0.917947 3.256765 0.046489 -1.150059 3.159329 0.148662 -1.210802 3.401653 0.082619 -1.228080 3.132696 0.152835 -1.282264 3.384161 
0.074497 0.158022 3.329015 0.077665 -0.025442 3.309701 -0.077861 -0.148360 3.254953 0.255386 -0.149951 3.299651 -0.143244 -0.384385 3.189142 0.313980 -0.408507 3.236606 -0.172104 -0.590282 3.236606 0.309771 -0.604090 3.107869 -0.185851 -0.592946 3.080672 0.306159 -0.626772 3.102989 0.088980 -0.354754 3.264813 0.098064 -0.405026 3.208098 0.027677 -0.473455 3.170405 0.176282 -0.482660 3.200741 0.065634 -0.862761 3.187723 0.153562 -0.918519 3.227942 0.062750 -1.163627 3.171643 0.152003 -1.210022 3.382735 0.081314 -1.228128 3.131958 0.154181 -1.281968 3.367862 
0.072930 0.159297 3.321958 0.073716 -0.022149 3.297554 -0.076178 -0.145595 3.235785 0.254578 -0.149088 3.285348 -0.146167 -0.383585 3.174134 0.311459 -0.401579 3.220851 -0.161743 -0.573753 3.220851 0.310904 -0.596658 3.054206 -0.183643 -0.582704 3.038413 0.306238 -0.617607 3.076600 0.085960 -0.352793 3.248843 0.096183 -0.402751 3.191481 0.026832 -0.470253 3.154759 0.174216 -0.479972 3.183312 0.070881 -0.863802 3.177193 0.158137 -0.907417 3.192739 0.051432 -1.156693 3.157542 0.159262 -1.207024 3.351835 0.081508 -1.229134 3.132512 0.157960 -1.272583 3.318863 
0.072508 0.161172 3.298153 0.070723 -0.023085 3.280620 -0.080301 -0.145263 3.218167 0.253298 -0.148767 3.273252 -0.146880 -0.376783 3.153995 0.313432 -0.401443 3.211212 -0.167273 -0.561143 3.211212 0.310327 -0.588443 3.025200 -0.183015 -0.572248 3.016417 0.305593 -0.618150 3.066039 0.085494 -0.353086 3.233140 0.096955 -0.402918 3.176010 0.027943 -0.473274 3.135156 0.176046 -0.479202 3.170416 0.075014 -0.871978 3.157535 0.159787 -0.907125 3.171907 0.063727 -1.175631 3.165254 0.157952 -1.218545 3.299278 0.087307 -1.244302 3.146204 0.149969 -1.284757 3.269049 
0.072253 0.161801 3.293158 0.070456 -0.023426 3.269754 -0.079223 -0.142885 3.204946 0.251167 -0.146522 3.263889 -0.140785 -0.365264 3.130516 0.310587 -0.396304 3.189225 -0.166092 -0.539388 3.189225 0.315669 -0.590611 2.987896 -0.182732 -0.599769 2.927275 0.307378 -0.619452 3.058849 0.087225 -0.352635 3.217766 0.099851 -0.401401 3.159880 0.032139 -0.471929 3.119025 0.178920 -0.475518 3.153789 0.074054 -0.871194 3.133104 0.161658 -0.904193 3.128568 0.106714 -1.212060 3.197734 0.180422 -1.242415 3.270524 0.084531 -1.248881 3.138317 0.174054 -1.316859 3.250392 
0.072486 0.162894 3.270384 0.067397 -0.019873 3.249658 -0.080830 -0.140909 3.184752 0.246576 -0.143183 3.244264 -0.144467 -0.359672 3.124789 0.305821 -0.396582 3.171733 -0.158146 -0.519099 3.171733 0.317199 -0.587259 2.963146 -0.172848 -0.544018 2.946726 0.307256 -0.655525 2.999053 0.085802 -0.351239 3.204966 0.098817 -0.401369 3.148007 0.031636 -0.471753 3.107577 0.177863 -0.475576 3.144681 0.059107 -0.864408 3.118132 0.158263 -0.902327 3.099092 0.073663 -1.192914 3.152786 0.172807 -1.248025 3.226214 0.091779 -1.261700 3.134466 0.165289 -1.315695 3.198655 
0.072922 0.163329 3.257411 0.068149 -0.019227 3.240567 -0.080688 -0.139969 3.176718 0.243205 -0.143879 3.223418 -0.146675 -0.352716 3.094218 0.307198 -0.394981 3.167784 -0.149482 -0.520449 3.167784 0.316414 -0.583909 2.941503 -0.163786 -0.576526 2.875752 0.304943 -0.622840 3.014855 0.088584 -0.351980 3.191945 0.100236 -0.401974 3.134066 0.033390 -0.471906 3.094547 0.178970 -0.475103 3.129561 0.055998 -0.871797 3.108723 0.157652 -0.889800 3.063236 0.084323 -1.201716 3.146026 0.167472 -1.239559 3.168837 0.085905 -1.252570 3.092898 0.159358 -1.305694 3.137668 
0.072814 0.167595 3.245188 0.067703 -0.011997 3.221275 -0.080657 -0.136444 3.161972 0.244082 -0.142370 3.221542 -0.146284 -0.350508 3.085872 0.307054 -0.393596 3.160120 -0.143051 -0.506594 3.160120 0.316641 -0.580997 2.920455 -0.155891 -0.530567 2.899589 0.308195 -0.623220 3.011261 0.085589 -0.347488 3.179125 0.098891 -0.398936 3.122376 0.031592 -0.469136 3.082571 0.177886 -0.473309 3.119915 0.049519 -0.871784 3.098567 0.154830 -0.860982 3.032192 0.080347 -1.200046 3.126179 0.167651 -1.218834 3.110678 0.087992 -1.266175 3.094635 0.130884 -1.279881 3.092026 
0.072425 0.168378 3.234376 0.068168 -0.008934 3.207846 -0.078085 -0.130905 3.144620 0.243476 -0.138892 3.200145 -0.145007 -0.343231 3.067750 0.305908 -0.392167 3.146844 -0.139878 -0.497526 3.146844 0.317123 -0.582327 2.900723 -0.145554 -0.526735 2.872315 0.309978 -0.624331 3.005835 0.083482 -0.345579 3.164567 0.095797 -0.397286 3.107528 0.028201 -0.466478 3.066927 0.173674 -0.471824 3.106335 0.042923 -0.868523 3.093075 0.153204 -0.862800 3.011024 0.081062 -1.196304 3.119361 0.173256 -1.197571 3.063301 0.087439 -1.263484 3.089621 0.143147 -1.263937 3.074584 
0.072405 0.170212 3.215570 0.061051 -0.009404 3.181587 -0.080813 -0.131261 3.125908 0.245184 -0.137367 3.183963 -0.144351 -0.344000 3.055737 0.305782 -0.393774 3.133193 -0.133116 -0.499465 3.133193 0.316484 -0.586731 2.890353 -0.137332 -0.528645 2.862734 0.305803 -0.628292 2.988969 0.079599 -0.343033 3.146907 0.092679 -0.395269 3.091086 0.025608 -0.466705 3.056280 0.171438 -0.468002 3.085394 0.041739 -0.866854 3.085341 0.151120 -0.858309 2.992393 0.083930 -1.203707 3.110173 0.185987 -1.175727 2.991748 0.077832 -1.269943 3.078428 0.200173 -1.199167 2.909481 
0.072287 0.168289 3.195531 0.060676 -0.009557 3.170986 -0.085070 -0.129508 3.092853 0.240925 -0.138260 3.153922 -0.144516 -0.343292 3.037682 0.305733 -0.391689 3.117802 -0.125222 -0.506680 3.117802 0.315844 -0.586043 2.881837 -0.131577 -0.527183 2.855265 0.310187 -0.630108 2.984080 0.078498 -0.344439 3.130118 0.092067 -0.396003 3.073434 0.024635 -0.468904 3.036476 0.171146 -0.467299 3.069322 0.040099 -0.880782 3.075196 0.146627 -0.853754 2.967893 0.082426 -1.204873 3.110171 0.169774 -1.141421 2.948824 0.080749 -1.271619 3.078804 0.184847 -1.164570 2.866552 
0.072884 0.172027 3.180872 0.060116 -0.003191 3.136266 -0.083135 -0.124611 3.080434 0.240942 -0.137454 3.145082 -0.142349 -0.342868 3.029112 0.303420 -0.391765 3.092747 -0.123141 -0.503494 3.092747 0.311584 -0.593065 2.870309 -0.125226 -0.532835 2.850813 0.308048 -0.631830 2.972739 0.078869 -0.338619 3.104456 0.093426 -0.391517 3.049279 0.026931 -0.464552 3.010868 0.172220 -0.463105 3.049963 0.038160 -0.887211 3.070751 0.145537 -0.836400 2.951933 0.082141 -1.204615 3.108923 0.209835 -1.193753 2.822410 0.079701 -1.271786 3.078473 0.226258 -1.218863 2.740045 
0.072045 0.170809 3.145522 0.061648 -0.007285 3.116251 -0.085075 -0.122076 3.061911 0.243476 -0.132109 3.112925 -0.142646 -0.341755 3.018797 0.300762 -0.391131 3.076427 -0.123107 -0.506472 3.076427 0.307591 -0.591073 2.864797 -0.115097 -0.550266 2.836931 0.311367 -0.652541 2.957141 0.081467 -0.337529 3.088698 0.093971 -0.389968 3.033702 0.026813 -0.465266 2.997143 0.173581 -0.460914 3.032729 0.038933 -0.883211 3.052345 0.145608 -0.825174 2.936542 0.080928 -1.204823 3.107955 0.208306 -1.165780 2.761535 0.077506 -1.272677 3.079116 0.222495 -1.197542 2.675511 
0.072256 0.170444 3.131873 0.058830 -0.001128 3.092025 -0.082493 -0.120733 3.043755 0.239855 -0.130512 3.091775 -0.137791 -0.333873 3.001036 0.297462 -0.388231 3.059726 -0.122982 -0.512419 3.059726 0.309385 -0.590216 2.864496 -0.112365 -0.555041 2.837756 0.309181 -0.650552 2.942898 0.080098 -0.336611 3.067497 0.092567 -0.390541 3.012873 0.026403 -0.465087 2.979804 0.171256 -0.460058 3.012873 0.036927 -0.884917 3.046891 0.146453 -0.821974 2.924925 0.079642 -1.202492 3.102666 0.198871 -1.148155 2.718256 0.078036 -1.272379 3.078924 0.212678 -1.181736 2.630351 
0.071041 0.170189 3.107179 0.060107 -0.003886 3.079340 -0.081511 -0.124285 3.022776 0.244277 -0.137464 3.058174 -0.131134 -0.360303 2.961558 0.301715 -0.385849 3.045923 -0.122131 -0.552654 3.045923 0.303797 -0.586529 2.847186 -0.111338 -0.579493 2.838111 0.307588 -0.649602 2.928550 0.080942 -0.341149 3.046950 0.091282 -0.394414 2.990577 0.023534 -0.468651 2.960063 0.170455 -0.464515 2.982096 0.036088 -0.872669 3.012572 0.146631 -0.828852 2.908504 0.079570 -1.202571 3.100564 0.203764 -1.135518 2.672412 0.076574 -1.273595 3.080598 0.215267 -1.163456 2.583838 
0.072702 0.166234 3.072235 0.057025 -0.006741 3.058807 -0.081034 -0.128527 2.998993 0.240952 -0.135867 3.045193 -0.132390 -0.365663 2.950834 0.299642 -0.389068 3.004979 -0.121307 -0.563370 3.004979 0.309061 -0.597180 2.847602 -0.113640 -0.588390 2.840039 0.313074 -0.657993 2.907494 0.077532 -0.343274 3.023425 0.089478 -0.395846 2.967035 0.023164 -0.470069 2.935138 0.167818 -0.463209 2.961852 0.035833 -0.840628 2.982831 0.146270 -0.826146 2.882638 0.076958 -1.190359 3.092202 0.200788 -1.132999 2.646434 0.074007 -1.263469 3.082154 0.215498 -1.159830 2.556220 
0.069025 0.168622 3.054598 0.060136 -0.001164 3.008240 -0.079840 -0.125095 2.979663 0.239458 -0.134409 2.999473 -0.131529 -0.372652 2.936609 0.303610 -0.391885 2.975326 -0.122570 -0.575642 2.975326 0.312781 -0.602735 2.845557 -0.120836 -0.608229 2.842643 0.318878 -0.643948 2.896150 0.079781 -0.338255 2.990751 0.087580 -0.393771 2.936313 0.020986 -0.467753 2.908714 0.164587 -0.461214 2.932227 0.036831 -0.838088 2.970745 0.166387 -0.813457 2.809455 0.074329 -1.186684 3.083372 0.173791 -1.173724 2.675852 0.052526 -1.253944 3.061921 0.179897 -1.213836 2.588197 
0.071913 0.171567 3.037642 0.064458 0.000425 3.001387 -0.077234 -0.118786 2.960428 0.241056 -0.134206 2.990911 -0.132794 -0.373990 2.923556 0.301052 -0.381662 2.959015 -0.125045 -0.580438 2.959015 0.311143 -0.584048 2.841902 -0.123113 -0.611820 2.840980 0.323061 -0.634875 2.849535 0.077469 -0.335736 2.970783 0.085238 -0.388745 2.913584 0.015981 -0.459836 2.881375 0.160377 -0.457712 2.906755 0.039833 -0.829978 2.943307 0.152981 -0.817755 2.815713 0.073849 -1.173816 3.067915 0.170279 -1.149706 2.614702 0.082499 -1.197580 2.984710 0.180702 -1.182144 2.521184 
0.072644 0.176811 3.006771 0.067963 -0.000300 2.979539 -0.077798 -0.115239 2.939211 0.242772 -0.129892 2.952278 -0.133154 -0.371617 2.907113 0.302750 -0.390622 2.924065 -0.132278 -0.582513 2.924065 0.315524 -0.598324 2.839680 -0.128812 -0.615231 2.839499 0.321953 -0.633448 2.840615 0.074547 -0.333559 2.940867 0.078391 -0.385049 2.883399 0.008687 -0.456725 2.857207 0.151194 -0.453495 2.869828 0.037144 -0.824921 2.918381 0.147038 -0.818127 2.807596 0.072769 -1.161453 3.058230 0.175718 -1.143448 2.596233 0.077251 -1.184785 2.974539 0.182480 -1.171065 2.501716 
0.070634 0.177258 2.967351 0.068776 0.001718 2.950228 -0.081115 -0.114134 2.913709 0.241228 -0.123864 2.923329 -0.131922 -0.367700 2.878678 0.303579 -0.379618 2.884860 -0.139876 -0.582453 2.884860 0.316624 -0.587906 2.829685 -0.134424 -0.615367 2.831445 0.321003 -0.625804 2.791667 0.079695 -0.329806 2.914691 0.083836 -0.381337 2.857254 0.015247 -0.453923 2.828530 0.157753 -0.449451 2.846615 0.031472 -0.844128 2.903028 0.144892 -0.811229 2.770643 0.077721 -1.173090 3.054559 0.187808 -1.151172 2.591280 0.054992 -1.241810 3.039347 0.195090 -1.183472 2.498554 
0.072367 0.186674 2.951554 0.071161 0.010356 2.930608 -0.082590 -0.109257 2.885485 0.238618 -0.115806 2.890825 -0.134208 -0.365251 2.854871 0.304834 -0.370414 2.864252 -0.144111 -0.581848 2.864252 0.320243 -0.570048 2.822850 -0.141737 -0.612585 2.821329 0.320528 -0.633953 2.758059 0.083622 -0.323133 2.885769 0.087309 -0.373884 2.826855 0.018574 -0.445974 2.797763 0.161853 -0.440973 2.813695 0.035438 -0.829686 2.853802 0.144266 -0.804214 2.751595 0.077002 -1.158845 3.004081 0.190479 -1.147504 2.581530 0.028907 -1.214618 2.997272 0.196576 -1.179240 2.489528 
0.069057 0.194551 2.920362 0.068805 0.018530 2.904515 -0.082681 -0.101464 2.864798 0.238596 -0.111168 2.862386 -0.137486 -0.355862 2.842679 0.304345 -0.360136 2.819564 -0.147657 -0.571084 2.819564 0.319431 -0.567778 2.798843 -0.149081 -0.607661 2.791196 0.326512 -0.628945 2.724638 0.079423 -0.313802 2.853251 0.081615 -0.363245 2.793426 0.011758 -0.433982 2.764730 0.155969 -0.430587 2.777167 0.050180 -0.817089 2.803751 0.142486 -0.794994 2.727234 0.072375 -1.137143 2.974467 0.195406 -1.141587 2.567964 0.048616 -1.205902 2.987936 0.200095 -1.173052 2.476303 
0.073493 0.201082 2.904673 0.066051 0.025199 2.884595 -0.082372 -0.093927 2.842854 0.239905 -0.105093 2.839648 -0.139026 -0.354673 2.830568 0.306549 -0.357988 2.784489 -0.151675 -0.564717 2.784489 0.323127 -0.557956 2.763242 -0.152690 -0.604240 2.769058 0.330473 -0.618584 2.668220 0.083728 -0.309512 2.830085 0.087501 -0.358987 2.769424 0.019190 -0.430362 2.741234 0.163895 -0.425449 2.751203 0.044848 -0.815369 2.777234 0.145883 -0.788297 2.693171 0.067485 -1.130721 2.932420 0.194006 -1.149333 2.578202 0.028732 -1.192936 2.922436 0.197750 -1.184762 2.489891 
0.077394 0.209641 2.883039 0.071549 0.033829 2.844461 -0.083775 -0.089559 2.816864 0.238943 -0.094235 2.808437 -0.142783 -0.343618 2.787665 0.308616 -0.356282 2.759748 -0.160935 -0.556447 2.759748 0.319553 -0.556518 2.735952 -0.162368 -0.587178 2.732601 0.326434 -0.585153 2.648448 0.085148 -0.300684 2.799176 0.086896 -0.351609 2.740158 0.017378 -0.421097 2.713337 0.162423 -0.421071 2.724327 0.044463 -0.791565 2.708511 0.127338 -0.790115 2.679234 0.071120 -1.110569 2.875918 0.212913 -1.146447 2.575277 0.069813 -1.133598 2.792012 0.212764 -1.174297 2.490298 
0.072734 0.209781 2.843908 0.067638 0.037118 2.835347 -0.086081 -0.081807 2.795101 0.236123 -0.088109 2.785817 -0.141050 -0.339523 2.766667 0.308952 -0.344678 2.722810 -0.162398 -0.552300 2.722810 0.318474 -0.538237 2.717803 -0.164195 -0.583409 2.706790 0.323560 -0.565322 2.606068 0.081553 -0.297586 2.779351 0.083338 -0.346838 2.718164 0.014953 -0.413718 2.688242 0.157817 -0.417362 2.700367 0.046250 -0.781686 2.671601 0.119282 -0.799715 2.659780 0.066886 -1.085480 2.802400 0.216016 -1.149266 2.582143 0.035120 -1.147994 2.825941 0.214692 -1.171798 2.498101 
0.070166 0.215772 2.821167 0.072789 0.039357 2.805167 -0.086935 -0.082134 2.774748 0.235306 -0.080872 2.754476 -0.139613 -0.334440 2.746456 0.309493 -0.336126 2.685920 -0.158308 -0.536278 2.685920 0.317390 -0.532341 2.656502 -0.163379 -0.556580 2.662195 0.315293 -0.555942 2.562077 0.087025 -0.293970 2.751746 0.086504 -0.343515 2.691771 0.017237 -0.411663 2.669434 0.160802 -0.412927 2.668320 0.050302 -0.773984 2.629700 0.125557 -0.799535 2.631940 0.055368 -1.059391 2.739782 0.204325 -1.154000 2.598497 0.023598 -1.121913 2.763327 0.199782 -1.176710 2.514602 
0.068631 0.219917 2.797717 0.077734 0.048696 2.772317 -0.087844 -0.081167 2.757462 0.233389 -0.076872 2.731574 -0.140043 -0.332613 2.714854 0.308413 -0.332611 2.667690 -0.159141 -0.541860 2.667690 0.311949 -0.515545 2.647900 -0.163494 -0.557401 2.649153 0.314914 -0.547324 2.530624 0.087202 -0.289245 2.726784 0.084789 -0.340750 2.667402 0.014901 -0.409235 2.648057 0.157695 -0.410318 2.644767 0.045230 -0.770505 2.589463 0.130089 -0.795701 2.611490 0.050311 -1.039271 2.677797 0.191151 -1.153969 2.615840 0.018528 -1.101819 2.701351 0.185027 -1.177119 2.532130 
0.067996 0.230132 2.778885 0.072278 0.053983 2.757689 -0.087502 -0.076675 2.730596 0.230347 -0.070023 2.693103 -0.142571 -0.324484 2.684273 0.306673 -0.317459 2.625535 -0.156562 -0.528202 2.625535 0.307597 -0.507532 2.598071 -0.167815 -0.548167 2.595602 0.307277 -0.541273 2.494906 0.086928 -0.285975 2.703053 0.083552 -0.337061 2.642474 0.014987 -0.405268 2.621472 0.156596 -0.405074 2.618564 0.043481 -0.765280 2.561346 0.136169 -0.791287 2.594422 0.045754 -1.119838 2.650842 0.158180 -1.151824 2.617624 0.036658 -1.150280 2.569707 0.149035 -1.174710 2.534057 
0.062123 0.235985 2.754438 0.073335 0.057821 2.733807 -0.089692 -0.074205 2.714844 0.225804 -0.065594 2.671216 -0.141700 -0.323833 2.673714 0.301877 -0.313742 2.600407 -0.158729 -0.524149 2.600407 0.305307 -0.495594 2.579189 -0.166860 -0.535566 2.571029 0.303422 -0.534991 2.467162 0.087930 -0.281304 2.681382 0.083237 -0.332615 2.621569 0.014471 -0.401008 2.605734 0.155653 -0.400049 2.593515 0.034312 -0.756523 2.518308 0.144352 -0.783943 2.584178 0.069444 -1.113539 2.591046 0.141335 -1.148235 2.601642 0.059296 -1.143440 2.509546 0.130513 -1.171286 2.518274 
0.063537 0.237781 2.725824 0.067470 0.058951 2.700310 -0.093072 -0.067838 2.692950 0.226823 -0.059998 2.646925 -0.142331 -0.318352 2.656120 0.298879 -0.312064 2.564848 -0.156132 -0.514197 2.564848 0.296199 -0.492640 2.550762 -0.161070 -0.527040 2.536640 0.294890 -0.517038 2.425618 0.084872 -0.275161 2.655384 0.080334 -0.326436 2.596502 0.011161 -0.395024 2.581552 0.154014 -0.396082 2.569106 0.017689 -0.743490 2.466602 0.144355 -0.774807 2.567578 0.045202 -1.102244 2.532037 0.134998 -1.143864 2.577289 0.034664 -1.129545 2.452802 0.123838 -1.167230 2.494049 
0.059792 0.241058 2.690205 0.062677 0.063271 2.678639 -0.089317 -0.065897 2.663605 0.221948 -0.056737 2.617044 -0.142388 -0.314603 2.629411 0.298057 -0.312571 2.536069 -0.155320 -0.510857 2.536069 0.288395 -0.492577 2.525396 -0.164923 -0.528692 2.523319 0.286416 -0.511274 2.403920 0.080455 -0.275017 2.629017 0.075687 -0.326666 2.569588 0.008155 -0.392695 2.556553 0.147906 -0.395414 2.541998 0.012014 -0.740792 2.441658 0.147390 -0.778006 2.562186 0.003325 -1.110523 2.411395 0.138342 -1.140456 2.574975 -0.009045 -1.146556 2.330946 0.126638 -1.163678 2.491777 
0.057286 0.243826 2.674181 0.065520 0.064912 2.653464 -0.091720 -0.060993 2.644448 0.216550 -0.052568 2.590312 -0.143343 -0.313245 2.601304 0.288188 -0.304587 2.504568 -0.156946 -0.515309 2.504568 0.277380 -0.483111 2.510898 -0.167233 -0.528356 2.503848 0.276452 -0.502690 2.369396 0.079003 -0.271937 2.608024 0.072143 -0.323738 2.549288 0.003979 -0.389176 2.538023 0.142600 -0.392326 2.519304 0.008323 -0.734912 2.416769 0.147972 -0.777691 2.548255 -0.014103 -1.098770 2.330079 0.144630 -1.135106 2.568946 -0.029360 -1.136946 2.246214 0.131055 -1.158551 2.486088 
0.055819 0.247052 2.655464 0.065861 0.069426 2.633927 -0.092357 -0.058512 2.617090 0.213704 -0.048417 2.567788 -0.143666 -0.310351 2.589454 0.281973 -0.298235 2.483156 -0.153108 -0.507439 2.483156 0.272001 -0.478218 2.487310 -0.163090 -0.529148 2.485051 0.265945 -0.496114 2.344433 0.072818 -0.271047 2.584047 0.065078 -0.322903 2.524486 -0.004065 -0.386688 2.513432 0.133871 -0.391983 2.494622 0.004660 -0.730632 2.388274 0.148778 -0.774843 2.533905 -0.025478 -1.091663 2.295021 0.143938 -1.128543 2.574760 -0.040660 -1.129386 2.210874 0.131296 -1.151720 2.491702 
0.043591 0.246943 2.604923 0.057850 0.073860 2.591112 -0.095875 -0.056992 2.600161 0.208118 -0.046561 2.536582 -0.145824 -0.306284 2.573643 0.278288 -0.294201 2.448512 -0.156819 -0.506610 2.448512 0.261195 -0.468721 2.479095 -0.162356 -0.535625 2.462870 0.255326 -0.483569 2.307978 0.068646 -0.267414 2.556919 0.059292 -0.321819 2.500112 -0.009647 -0.386254 2.493033 0.128610 -0.391022 2.470891 -0.001259 -0.727897 2.362132 0.147843 -0.774593 2.521751 -0.042092 -1.069229 2.204247 0.145219 -1.123746 2.569920 -0.060795 -1.107126 2.116460 0.129104 -1.147986 2.487752 
0.042799 0.247410 2.596590 0.059554 0.072901 2.579321 -0.101365 -0.057171 2.572738 0.206983 -0.047288 2.515371 -0.148919 -0.306125 2.540834 0.275293 -0.294518 2.432128 -0.156520 -0.509823 2.432128 0.254172 -0.468979 2.455500 -0.165200 -0.571747 2.443229 0.245453 -0.480594 2.287790 0.062494 -0.267348 2.537033 0.052356 -0.319861 2.478631 -0.019131 -0.384515 2.471355 0.120160 -0.390392 2.445328 -0.010414 -0.726123 2.341626 0.147900 -0.763227 2.498985 -0.014906 -1.069764 2.186540 0.136091 -1.114681 2.569921 -0.030011 -1.107849 2.097932 0.121662 -1.138240 2.487283 
0.039580 0.247250 2.565776 0.047868 0.072724 2.537611 -0.108864 -0.058545 2.548537 0.204533 -0.046948 2.482483 -0.150747 -0.305661 2.528065 0.264477 -0.294156 2.392405 -0.157924 -0.511271 2.392405 0.248008 -0.469479 2.449113 -0.164759 -0.547593 2.442483 0.234219 -0.475812 2.250436 0.053695 -0.265514 2.505360 0.043261 -0.319452 2.449400 -0.029443 -0.386201 2.441560 0.113944 -0.390874 2.421213 -0.014237 -0.732246 2.327927 0.145590 -0.761514 2.487916 -0.000531 -1.050576 2.120250 0.133140 -1.112557 2.555679 -0.016380 -1.083266 2.026886 0.116870 -1.136818 2.473606 
0.034949 0.249640 2.534420 0.048510 0.072811 2.522443 -0.112510 -0.056358 2.516091 0.203522 -0.045315 2.465301 -0.154855 -0.299733 2.510343 0.261752 -0.296823 2.374077 -0.160897 -0.508304 2.374077 0.238290 -0.464749 2.442268 -0.165481 -0.551220 2.436650 0.227884 -0.479133 2.226055 0.051341 -0.265456 2.484201 0.042845 -0.318220 2.426452 -0.029630 -0.385331 2.418553 0.113078 -0.389848 2.395377 -0.018006 -0.731928 2.307934 0.141295 -0.757866 2.467787 -0.027473 -1.015337 2.049836 0.129544 -1.107556 2.544130 -0.041865 -1.037506 1.953228 0.116940 -1.131252 2.461274 
0.030291 0.249478 2.510333 0.042122 0.071173 2.483430 -0.112861 -0.059320 2.478800 0.199279 -0.046710 2.432174 -0.160567 -0.305075 2.469986 0.252448 -0.293118 2.337805 -0.165382 -0.518932 2.337805 0.230658 -0.469989 2.430021 -0.167990 -0.554727 2.424081 0.220071 -0.479515 2.197688 0.043653 -0.267941 2.450287 0.035472 -0.321660 2.393495 -0.036847 -0.386400 2.384676 0.105752 -0.393700 2.367259 -0.022541 -0.731229 2.269862 0.138455 -0.756365 2.441503 -0.018073 -1.022600 2.021868 0.127141 -1.101254 2.542019 -0.030545 -1.045244 1.925123 0.115288 -1.125691 2.459315 
0.021003 0.251847 2.469294 0.028979 0.071372 2.446568 -0.116591 -0.055807 2.456845 0.190905 -0.048566 2.400554 -0.163853 -0.302795 2.457268 0.250209 -0.291484 2.318659 -0.172935 -0.514719 2.318659 0.222628 -0.465355 2.405740 -0.172442 -0.554503 2.400212 0.215697 -0.477409 2.179094 0.039037 -0.264590 2.416683 0.030861 -0.318354 2.360363 -0.039339 -0.382018 2.352617 0.101401 -0.390162 2.332933 -0.033277 -0.722438 2.224349 0.137572 -0.750563 2.420591 0.006467 -1.074661 2.104609 0.114981 -1.094684 2.516990 -0.004458 -1.113545 2.019294 0.100995 -1.118989 2.434563 
0.020265 0.257748 2.447551 0.032412 0.077306 2.432297 -0.122426 -0.050467 2.417059 0.188837 -0.044195 2.382746 -0.173001 -0.290981 2.428146 0.243062 -0.292052 2.287242 -0.174652 -0.505281 2.287242 0.217877 -0.467861 2.391282 -0.174030 -0.552887 2.386355 0.210862 -0.477596 2.148287 0.032808 -0.260596 2.390662 0.026230 -0.312678 2.331531 -0.046968 -0.375438 2.318862 0.096136 -0.384883 2.303749 -0.032698 -0.723489 2.218370 0.122091 -0.752995 2.391349 -0.021836 -1.005473 1.959258 0.120247 -1.081557 2.510389 -0.030376 -1.029477 1.865045 0.111725 -1.104889 2.426955 
0.014237 0.260898 2.420355 0.029719 0.088295 2.402855 -0.127518 -0.047080 2.392578 0.183154 -0.034484 2.343372 -0.180984 -0.287019 2.389997 0.239948 -0.286731 2.263346 -0.178818 -0.502347 2.263346 0.214913 -0.466099 2.371769 -0.179700 -0.553481 2.374029 0.209212 -0.475168 2.132502 0.033282 -0.252062 2.356176 0.024951 -0.304333 2.297490 -0.046676 -0.370114 2.290368 0.094642 -0.374567 2.263803 -0.039930 -0.714193 2.175672 0.118154 -0.758338 2.366358 0.009217 -1.071495 2.084944 0.125119 -1.063350 2.490468 0.000233 -1.108982 2.000978 0.112537 -1.086631 2.407563 
0.005323 0.268415 2.381401 0.023619 0.094375 2.370825 -0.135490 -0.038284 2.357548 0.174240 -0.029622 2.315049 -0.183102 -0.282464 2.372006 0.232080 -0.274082 2.232254 -0.182863 -0.509664 2.232254 0.216901 -0.464256 2.326369 -0.197758 -0.571039 2.326991 0.208045 -0.474984 2.119172 0.024615 -0.245170 2.325376 0.017026 -0.297056 2.266194 -0.056587 -0.360203 2.248733 0.088182 -0.367935 2.241921 -0.040680 -0.711299 2.163535 0.125095 -0.796688 2.345922 0.007804 -1.065206 2.056322 0.107009 -1.066257 2.441161 0.000232 -1.102858 1.969426 0.096281 -1.089490 2.357964 
0.001254 0.277307 2.353808 0.016761 0.106261 2.336054 -0.140168 -0.029574 2.330896 0.167780 -0.020917 2.283469 -0.195451 -0.262657 2.322030 0.224967 -0.271915 2.203951 -0.197168 -0.477838 2.203951 0.210579 -0.461109 2.299661 -0.196778 -0.539884 2.313944 0.199087 -0.519127 2.067368 0.015831 -0.234470 2.294934 0.007110 -0.287342 2.236781 -0.062131 -0.355238 2.235610 0.072338 -0.355379 2.195210 -0.050614 -0.702130 2.132681 0.109828 -0.760048 2.285243 0.033350 -1.049412 2.026416 0.123395 -1.043346 2.411569 0.027132 -1.085533 1.940851 0.111430 -1.066853 2.328634 
-0.003644 0.283380 2.330824 0.013505 0.112725 2.316869 -0.146812 -0.017772 2.302850 0.161219 -0.014549 2.259336 -0.201127 -0.264275 2.296333 0.220809 -0.269731 2.181004 -0.206193 -0.477984 2.181004 0.213134 -0.464707 2.259454 -0.211562 -0.540550 2.254224 0.201653 -0.470418 2.076333 0.012334 -0.228869 2.262994 0.004558 -0.279987 2.202220 -0.066754 -0.343116 2.183593 0.072346 -0.350496 2.177973 -0.060156 -0.695637 2.107493 0.107329 -0.707727 2.223951 0.053958 -1.039755 2.036303 0.121541 -1.035769 2.359755 0.051423 -1.072374 1.952412 0.111197 -1.064997 2.279613 
-0.007840 0.292751 2.304104 -0.001956 0.123901 2.278667 -0.153906 -0.008730 2.271988 0.157065 -0.007768 2.231507 -0.209301 -0.257133 2.257043 0.217973 -0.261138 2.158718 -0.215829 -0.471291 2.158718 0.213580 -0.456381 2.227688 -0.216183 -0.513430 2.220576 0.201169 -0.512534 2.030838 0.005367 -0.217534 2.231629 -0.000305 -0.269856 2.172195 -0.069128 -0.338138 2.166923 0.068391 -0.336194 2.131967 -0.062839 -0.690915 2.093341 0.111729 -0.762865 2.194120 0.022645 -1.046158 2.069444 0.141957 -1.060460 2.221502 0.018427 -1.080819 1.988276 0.132325 -1.083645 2.138219 
-0.011880 0.298996 2.276070 -0.000464 0.126496 2.261697 -0.151754 0.009427 2.233144 0.154422 -0.004454 2.207819 -0.217467 -0.254776 2.216109 0.213791 -0.253434 2.138483 -0.227230 -0.467236 2.138483 0.211827 -0.448285 2.174367 -0.228365 -0.502097 2.164297 0.203542 -0.465329 2.029903 0.000910 -0.216175 2.205248 -0.002608 -0.267156 2.143764 -0.072710 -0.330742 2.123793 0.066561 -0.335030 2.118064 -0.066099 -0.686869 2.077786 0.098263 -0.716264 2.130983 0.006442 -1.044828 2.054809 0.106662 -1.042596 2.240167 0.005358 -1.080826 1.971581 0.101863 -1.065223 2.156332 
-0.015721 0.304399 2.250332 -0.019212 0.131590 2.220298 -0.161536 0.005223 2.218746 0.146231 -0.002038 2.176690 -0.225732 -0.248823 2.192839 0.210192 -0.250703 2.114932 -0.236905 -0.454903 2.114932 0.208657 -0.443778 2.122038 -0.243525 -0.484363 2.112600 0.203409 -0.466391 2.011792 -0.003831 -0.209688 2.174473 -0.008067 -0.262247 2.114988 -0.075722 -0.329627 2.104945 0.062505 -0.328906 2.083004 -0.068795 -0.685643 2.061302 0.090764 -0.710054 2.075633 0.019950 -1.038424 2.067472 0.117065 -1.064791 2.055738 0.014125 -1.073435 1.985837 0.107538 -1.088065 1.972509 
-0.018777 0.307018 2.223229 -0.016895 0.134975 2.209290 -0.170131 0.007348 2.184654 0.145064 0.001466 2.159520 -0.230756 -0.246478 2.141836 0.205971 -0.246715 2.094956 -0.247172 -0.451628 2.094956 0.208538 -0.442074 2.069818 -0.258960 -0.468879 2.057258 0.201582 -0.457802 1.984164 -0.006431 -0.207396 2.153466 -0.008568 -0.258497 2.091930 -0.077826 -0.326419 2.074235 0.062650 -0.325843 2.063834 -0.069358 -0.686055 2.048281 0.093802 -0.704467 2.029306 0.082646 -1.017763 2.031910 0.123026 -1.059659 1.983970 0.080164 -1.046479 1.948298 0.117773 -1.082329 1.900205 
-0.022453 0.313834 2.199789 -0.015811 0.143985 2.181646 -0.167645 0.018797 2.157762 0.142186 0.007407 2.135353 -0.237091 -0.239097 2.116719 0.203570 -0.243529 2.075569 -0.256150 -0.433161 2.075569 0.204848 -0.435256 2.016054 -0.266960 -0.447491 2.007581 0.203183 -0.494076 1.946363 -0.009055 -0.203010 2.126487 -0.010970 -0.255283 2.065411 -0.079862 -0.322124 2.046586 0.059569 -0.321681 2.042075 -0.054955 -0.691195 2.022117 0.082933 -0.688286 1.993192 -0.030404 -1.054972 1.985650 0.106023 -1.050578 1.932568 -0.034520 -1.079800 1.901812 0.101959 -1.076359 1.848495 
-0.022802 0.318845 2.171081 -0.019312 0.148962 2.160061 -0.173093 0.018278 2.136804 0.140409 0.009065 2.112767 -0.237282 -0.234090 2.080679 0.201831 -0.239284 2.059700 -0.263381 -0.422318 2.059700 0.203365 -0.429682 1.970282 -0.267719 -0.429102 1.962374 0.203254 -0.450069 1.947880 -0.010761 -0.197999 2.104977 -0.012649 -0.250260 2.043806 -0.081615 -0.319881 2.025773 0.058561 -0.314918 2.017691 -0.057147 -0.691847 2.016221 0.080178 -0.686371 1.941604 -0.033274 -1.054775 1.994419 0.100742 -1.039720 1.856435 -0.038043 -1.077516 1.910706 0.095972 -1.062461 1.772721 
-0.025542 0.321549 2.148381 -0.027627 0.152263 2.133375 -0.178927 0.026622 2.112712 0.136769 0.013138 2.089703 -0.243532 -0.213140 2.046763 0.197863 -0.235288 2.038447 -0.268263 -0.392559 2.038447 0.201484 -0.427124 1.920650 -0.272475 -0.408558 1.910632 0.202525 -0.447232 1.928178 -0.011510 -0.191654 2.084187 -0.011706 -0.244054 2.023606 -0.079035 -0.314966 2.004054 0.060640 -0.308759 2.000432 -0.058289 -0.692969 2.005425 0.075531 -0.671011 1.912020 -0.038728 -1.049387 1.993815 0.090185 -1.027506 1.812632 -0.042943 -1.072345 1.910141 0.086016 -1.051577 1.728725 
-0.028243 0.326980 2.124795 -0.027704 0.154337 2.112233 -0.180254 0.030054 2.087986 0.135430 0.016838 2.067341 -0.246828 -0.204537 2.021165 0.196849 -0.230486 2.018083 -0.269904 -0.373889 2.018083 0.199588 -0.422180 1.880193 -0.274745 -0.390538 1.868171 0.203503 -0.443378 1.910595 -0.011788 -0.189191 2.061955 -0.011483 -0.241379 2.001619 -0.078842 -0.313090 1.981377 0.061276 -0.305391 1.979765 -0.057922 -0.691656 1.991334 0.071425 -0.655672 1.878430 -0.038330 -1.046191 1.987669 0.081655 -1.008795 1.764189 -0.041981 -1.069094 1.903957 0.078275 -1.041042 1.678112 
-0.032449 0.327963 2.094399 -0.032096 0.154828 2.079667 -0.182589 0.034414 2.066914 0.132385 0.020514 2.042592 -0.245965 -0.193973 1.991609 0.195038 -0.225968 2.001955 -0.266882 -0.355557 2.001955 0.198770 -0.415752 1.840667 -0.274448 -0.366810 1.822428 0.204626 -0.474322 1.870118 -0.013859 -0.184253 2.038530 -0.013773 -0.236822 1.979304 -0.081000 -0.309051 1.960770 0.059615 -0.300659 1.957893 -0.059331 -0.689402 1.979008 0.073716 -0.649246 1.849071 -0.039325 -1.040557 1.982683 0.087913 -1.000193 1.727407 -0.043923 -1.063881 1.899130 0.083661 -1.032073 1.641494 
-0.032242 0.332678 2.073286 -0.031035 0.158253 2.063164 -0.182939 0.039780 2.041651 0.130362 0.022967 2.019979 -0.246887 -0.182466 1.967923 0.193850 -0.224387 1.971906 -0.266954 -0.337025 1.971906 0.199017 -0.418347 1.809102 -0.273251 -0.352952 1.789823 0.207684 -0.476728 1.849350 -0.014477 -0.181410 2.018043 -0.014079 -0.233446 1.958421 -0.081092 -0.305236 1.937152 0.058714 -0.296930 1.939208 -0.059437 -0.682944 1.963513 0.070324 -0.644755 1.821622 -0.039267 -1.034740 1.975001 0.081957 -0.993268 1.691633 -0.042979 -1.057800 1.891487 0.078465 -1.022910 1.606133 
-0.033670 0.333334 2.042662 -0.030566 0.161107 2.036270 -0.182776 0.041113 2.015718 0.128028 0.025569 1.991611 -0.247928 -0.175604 1.938644 0.193127 -0.224407 1.956608 -0.262413 -0.324920 1.956608 0.200454 -0.415887 1.773891 -0.271053 -0.339858 1.757158 0.203608 -0.434774 1.850694 -0.011423 -0.181199 1.993737 -0.011032 -0.234217 1.934397 -0.077858 -0.306203 1.915376 0.062285 -0.296538 1.914873 -0.059228 -0.683025 1.952261 0.072365 -0.638506 1.803578 -0.041917 -1.033195 1.973440 0.082674 -0.988252 1.677839 -0.046394 -1.056423 1.890144 0.078592 -1.024864 1.590683 
-0.036174 0.334171 2.021348 -0.030608 0.160853 2.010028 -0.183625 0.041145 1.992508 0.130555 0.028900 1.971076 -0.247561 -0.172018 1.912556 0.192401 -0.223474 1.926028 -0.260846 -0.320509 1.926028 0.199148 -0.417901 1.746948 -0.269390 -0.333906 1.729832 0.202766 -0.476910 1.805262 -0.012061 -0.178957 1.972134 -0.011462 -0.232105 1.913557 -0.077748 -0.305827 1.896227 0.061352 -0.294273 1.892269 -0.058882 -0.680469 1.934504 0.074891 -0.635499 1.784618 -0.041189 -1.031813 1.957406 0.088797 -0.985970 1.662187 -0.045230 -1.055217 1.874281 0.085331 -1.023877 1.575025 
-0.035598 0.334193 1.995739 -0.031768 0.160167 1.985198 -0.183861 0.041333 1.967955 0.128022 0.024450 1.936542 -0.246263 -0.172840 1.887095 0.193173 -0.222152 1.904650 -0.257586 -0.315415 1.904650 0.201468 -0.417415 1.715888 -0.267852 -0.333614 1.698811 0.205574 -0.434236 1.808283 -0.014794 -0.181888 1.943067 -0.016040 -0.234995 1.883868 -0.083944 -0.307073 1.863756 0.057206 -0.297981 1.865565 -0.058194 -0.683049 1.916816 0.076080 -0.639857 1.762585 -0.034597 -1.027587 1.952170 0.095482 -0.991281 1.644872 -0.040732 -1.050801 1.869257 0.090148 -1.028988 1.558132 
-0.035372 0.332605 1.967510 -0.030153 0.160023 1.961340 -0.181967 0.041539 1.942169 0.127969 0.023580 1.909097 -0.241978 -0.174171 1.860843 0.192986 -0.221524 1.876073 -0.256341 -0.319717 1.876073 0.204174 -0.416823 1.692691 -0.266123 -0.336469 1.672981 0.211162 -0.475985 1.759595 -0.012354 -0.182683 1.920682 -0.013696 -0.236158 1.861749 -0.080341 -0.307569 1.844288 0.058379 -0.299155 1.841012 -0.058539 -0.678719 1.894881 0.084245 -0.701886 1.727019 -0.037994 -1.028475 1.929610 0.103917 -1.008184 1.625068 -0.044516 -1.051764 1.846885 0.097395 -1.031473 1.542342 
-0.034942 0.328258 1.936870 -0.032506 0.157578 1.926844 -0.179285 0.039345 1.911366 0.128270 0.019683 1.877531 -0.238985 -0.178196 1.837304 0.193577 -0.225480 1.845872 -0.255639 -0.326341 1.845872 0.203923 -0.422767 1.671942 -0.263336 -0.342264 1.652675 0.216718 -0.482098 1.738478 -0.012826 -0.185146 1.889270 -0.013928 -0.239105 1.830783 -0.079282 -0.310253 1.815983 0.057551 -0.301537 1.809199 -0.058184 -0.671616 1.873243 0.082821 -0.702102 1.688954 -0.037400 -1.027601 1.917240 0.102060 -1.007057 1.582158 -0.044089 -1.051048 1.834717 0.095371 -1.030504 1.499636 
-0.035827 0.327766 1.909345 -0.026964 0.158110 1.902217 -0.180736 0.033741 1.884889 0.127081 0.020056 1.849680 -0.239135 -0.187432 1.806026 0.197074 -0.227111 1.814155 -0.250866 -0.342034 1.814155 0.206062 -0.427271 1.646777 -0.258215 -0.348812 1.638698 0.214335 -0.485020 1.706391 -0.009499 -0.186268 1.861140 -0.011542 -0.240100 1.802070 -0.077711 -0.312098 1.785107 0.059680 -0.301779 1.780968 -0.060045 -0.661166 1.844465 0.080551 -0.703085 1.664865 -0.042041 -1.016916 1.892976 0.096458 -1.008951 1.561128 -0.048878 -1.050563 1.812718 0.089095 -1.032196 1.478722 
-0.031171 0.330001 1.879588 -0.025251 0.158396 1.871806 -0.176964 0.036420 1.857100 0.129620 0.020955 1.820196 -0.236596 -0.193345 1.783333 0.199063 -0.227725 1.783266 -0.247317 -0.354042 1.783266 0.208536 -0.426767 1.631130 -0.253616 -0.361048 1.624589 0.218850 -0.487263 1.685090 -0.010206 -0.183777 1.829321 -0.012919 -0.236809 1.770115 -0.078826 -0.308612 1.758223 0.056975 -0.298295 1.742817 -0.060420 -0.653089 1.820846 0.084654 -0.701631 1.639473 -0.041474 -1.007668 1.873458 0.105768 -1.009290 1.545416 -0.048400 -1.044255 1.794096 0.098121 -1.032390 1.463106 
-0.029571 0.330710 1.852344 -0.024985 0.162052 1.842011 -0.173485 0.036893 1.824968 0.130546 0.026927 1.786751 -0.233510 -0.200546 1.752784 0.200660 -0.221739 1.751727 -0.245123 -0.374194 1.751727 0.209776 -0.422064 1.617629 -0.251806 -0.424227 1.581485 0.220365 -0.479927 1.647953 -0.008708 -0.180806 1.798089 -0.011695 -0.233853 1.738695 -0.076794 -0.305001 1.725863 0.057809 -0.295017 1.713313 -0.061274 -0.649027 1.784264 0.088734 -0.699887 1.621511 -0.045244 -1.004361 1.832794 0.112342 -1.008976 1.536220 -0.052997 -1.041761 1.753615 0.103941 -1.032014 1.454074 
-0.028669 0.337299 1.823354 -0.021470 0.169535 1.815577 -0.174419 0.044341 1.800851 0.131374 0.035965 1.755896 -0.227740 -0.205002 1.724689 0.202276 -0.206503 1.718958 -0.244084 -0.392335 1.718958 0.208594 -0.407708 1.612926 -0.248896 -0.445634 1.581665 0.223811 -0.466835 1.627384 -0.008930 -0.173051 1.765712 -0.013916 -0.225087 1.705386 -0.080325 -0.296430 1.693416 0.054735 -0.286304 1.675143 -0.059918 -0.641264 1.743449 0.090264 -0.692883 1.598990 -0.038820 -0.997770 1.783405 0.117414 -1.003571 1.525611 -0.047995 -1.034855 1.704071 0.107389 -1.026303 1.443667 
-0.027000 0.345379 1.797141 -0.020777 0.178819 1.783835 -0.171230 0.051010 1.761714 0.129176 0.041425 1.718817 -0.224072 -0.205885 1.701395 0.202843 -0.204955 1.681775 -0.240864 -0.403247 1.681775 0.209043 -0.406003 1.612359 -0.246982 -0.459075 1.586472 0.232061 -0.459802 1.581225 -0.010071 -0.168500 1.733275 -0.015044 -0.221591 1.672909 -0.080921 -0.291945 1.663160 0.052691 -0.282394 1.643226 -0.053085 -0.699467 1.707086 0.089407 -0.690082 1.580643 -0.031795 -1.011155 1.725518 0.117489 -1.001898 1.517612 -0.041401 -1.033878 1.643626 0.107883 -1.024622 1.435721 
-0.023377 0.354823 1.771005 -0.019417 0.187734 1.753742 -0.167323 0.059443 1.737820 0.130485 0.048564 1.690090 -0.219554 -0.201030 1.680949 0.206326 -0.198718 1.650834 -0.236707 -0.404900 1.650834 0.212531 -0.398736 1.612619 -0.245770 -0.462433 1.592210 0.232227 -0.456752 1.560687 -0.009492 -0.162140 1.702887 -0.015450 -0.215831 1.642510 -0.080739 -0.285116 1.633241 0.051081 -0.276493 1.611388 -0.053340 -0.694434 1.655292 0.085136 -0.684386 1.554479 -0.032364 -1.007800 1.657030 0.111209 -0.996662 1.495767 -0.043143 -1.030553 1.575397 0.100430 -1.019415 1.414133 
-0.025354 0.365425 1.737070 -0.015459 0.196276 1.731566 -0.163352 0.065105 1.704614 0.132130 0.057282 1.659445 -0.217120 -0.191484 1.663212 0.205934 -0.189993 1.614570 -0.233523 -0.398635 1.614570 0.213246 -0.389130 1.609655 -0.243097 -0.457973 1.596218 0.226625 -0.443071 1.503654 -0.006321 -0.155488 1.676471 -0.012180 -0.209043 1.615365 -0.077261 -0.277927 1.606090 0.053866 -0.269200 1.583824 -0.045298 -0.687693 1.597054 0.079527 -0.678169 1.539116 -0.020802 -1.001732 1.575006 0.099193 -0.991597 1.489729 -0.031217 -1.024279 1.493371 0.088778 -1.014145 1.408094 
-0.023556 0.371208 1.716335 -0.016356 0.202300 1.699960 -0.162911 0.068360 1.684979 0.132382 0.062523 1.631767 -0.215909 -0.183342 1.644627 0.208615 -0.185688 1.587397 -0.230289 -0.392047 1.587397 0.212032 -0.382021 1.600511 -0.237817 -0.452408 1.591639 0.223065 -0.438438 1.474269 -0.008390 -0.149601 1.648661 -0.015999 -0.203770 1.588405 -0.081662 -0.271050 1.581465 0.049792 -0.266067 1.555236 -0.045503 -0.678949 1.542099 0.079964 -0.674736 1.520626 -0.017761 -0.991890 1.496796 0.103112 -0.988268 1.478971 -0.030333 -1.014650 1.415627 0.090540 -1.011028 1.397803 
-0.022182 0.373386 1.683469 -0.019647 0.207022 1.676808 -0.162836 0.072029 1.658958 0.131542 0.067713 1.602174 -0.216305 -0.174356 1.626353 0.207100 -0.179353 1.550336 -0.226394 -0.382516 1.550336 0.211940 -0.374612 1.578758 -0.233706 -0.443339 1.575036 0.219209 -0.426833 1.425640 -0.010110 -0.143941 1.624895 -0.018152 -0.197881 1.564710 -0.083115 -0.265503 1.560636 0.047273 -0.260361 1.528645 -0.052048 -0.671823 1.505503 0.082769 -0.668465 1.508283 -0.028189 -0.983875 1.448081 0.110030 -0.981886 1.477565 -0.041768 -1.006622 1.367173 0.096451 -1.004634 1.396657 
-0.021089 0.379108 1.659324 -0.018074 0.213483 1.649901 -0.161411 0.077456 1.635862 0.132079 0.071789 1.576532 -0.216608 -0.168150 1.607684 0.208733 -0.173201 1.528954 -0.224719 -0.375624 1.528954 0.210948 -0.361093 1.557083 -0.234002 -0.435684 1.549241 0.215577 -0.414615 1.390709 -0.011262 -0.138970 1.598430 -0.020253 -0.193269 1.538352 -0.085557 -0.260116 1.534108 0.044376 -0.256512 1.502849 -0.073458 -0.660649 1.439594 0.081754 -0.663780 1.494360 -0.064154 -0.968617 1.351865 0.110493 -0.976926 1.472775 -0.078279 -0.991377 1.271155 0.096368 -0.999686 1.392064 
-0.020406 0.382871 1.628788 -0.019850 0.215892 1.625688 -0.160844 0.081262 1.615471 0.131456 0.077052 1.549784 -0.215709 -0.162048 1.585531 0.202931 -0.164638 1.489635 -0.225653 -0.368624 1.489635 0.214443 -0.352278 1.531999 -0.236840 -0.427894 1.521701 0.209879 -0.358595 1.376277 -0.011802 -0.133715 1.574765 -0.021770 -0.187526 1.515075 -0.086828 -0.255044 1.514001 0.042648 -0.250386 1.475917 -0.081689 -0.653706 1.413153 0.089037 -0.655830 1.477761 -0.077734 -0.960522 1.320502 0.124738 -0.967866 1.464143 -0.093569 -0.983362 1.240094 0.108903 -0.990705 1.383735 
-0.022805 0.387863 1.607033 -0.022246 0.220916 1.600118 -0.161816 0.087843 1.598244 0.130891 0.083208 1.526297 -0.216620 -0.155759 1.565908 0.199317 -0.158829 1.464953 -0.227300 -0.360259 1.464953 0.210845 -0.345018 1.504258 -0.238832 -0.418846 1.491277 0.205190 -0.349758 1.349215 -0.012329 -0.124953 1.551692 -0.022984 -0.178346 1.492605 -0.087844 -0.246411 1.494681 0.041632 -0.242851 1.450650 -0.085486 -0.634376 1.356838 0.084314 -0.647301 1.466514 -0.083670 -0.933238 1.235636 0.117193 -0.958861 1.463719 -0.100958 -0.956228 1.155572 0.099905 -0.981850 1.383655 
-0.020209 0.390375 1.579916 -0.020212 0.225749 1.579222 -0.160999 0.094815 1.572101 0.132188 0.088918 1.502999 -0.215911 -0.150537 1.539490 0.201474 -0.153496 1.443651 -0.226915 -0.352402 1.443651 0.204260 -0.332993 1.468895 -0.242004 -0.410397 1.457397 0.199403 -0.340527 1.317719 -0.010432 -0.118951 1.529127 -0.020512 -0.171795 1.469780 -0.086224 -0.239193 1.470850 0.045092 -0.237221 1.427820 -0.086712 -0.624764 1.327840 0.080011 -0.640705 1.455964 -0.087088 -0.922061 1.202576 0.106936 -0.951814 1.462669 -0.103566 -0.944918 1.122312 0.090458 -0.974670 1.382406 
-0.023155 0.396529 1.555251 -0.017694 0.232019 1.556403 -0.161746 0.097865 1.553041 0.132013 0.093040 1.482141 -0.215094 -0.143116 1.516193 0.202911 -0.146631 1.414146 -0.229196 -0.342250 1.414146 0.199274 -0.327411 1.438207 -0.242032 -0.399019 1.420184 0.194223 -0.381128 1.266321 -0.008971 -0.113502 1.506430 -0.019589 -0.166550 1.447168 -0.085593 -0.233842 1.448481 0.045785 -0.232535 1.405126 -0.088315 -0.613404 1.290877 0.074186 -0.635095 1.439966 -0.090416 -0.906382 1.154251 0.096107 -0.945824 1.451884 -0.107365 -0.929261 1.074113 0.079159 -0.968703 1.371746 
-0.025942 0.397969 1.530755 -0.017991 0.234510 1.532679 -0.163851 0.102419 1.533890 0.131459 0.096164 1.458022 -0.216222 -0.140762 1.491846 0.198613 -0.147963 1.384452 -0.230268 -0.336365 1.384452 0.194763 -0.329070 1.404685 -0.244210 -0.390031 1.379683 0.189495 -0.382570 1.237568 -0.007729 -0.109474 1.484677 -0.018768 -0.162561 1.425905 -0.085080 -0.230625 1.428085 0.047294 -0.228838 1.383067 -0.082989 -0.607590 1.265745 0.071783 -0.629070 1.431788 -0.081374 -0.898850 1.125362 0.090704 -0.938307 1.454480 -0.099309 -0.921862 1.045502 0.072768 -0.961318 1.374620 
-0.027307 0.401202 1.510035 -0.022308 0.235115 1.505856 -0.165534 0.103867 1.510041 0.130303 0.098458 1.435999 -0.217065 -0.142771 1.463944 0.196674 -0.149043 1.362752 -0.231050 -0.333647 1.362752 0.188616 -0.328194 1.366060 -0.243641 -0.388335 1.342912 0.181290 -0.381334 1.213380 -0.009842 -0.106208 1.463049 -0.020260 -0.159521 1.405003 -0.086223 -0.226580 1.407908 0.046278 -0.227178 1.363014 -0.077227 -0.603862 1.248605 0.073545 -0.624675 1.422649 -0.070269 -0.895653 1.110471 0.094633 -0.932102 1.453842 -0.087838 -0.918893 1.030624 0.077063 -0.955342 1.373995 
-0.030124 0.402801 1.480815 -0.021358 0.238373 1.482040 -0.166569 0.105881 1.485136 0.128979 0.099653 1.413497 -0.219592 -0.142467 1.439034 0.197068 -0.150768 1.342001 -0.229531 -0.331016 1.342001 0.184379 -0.328670 1.336254 -0.242019 -0.381369 1.304926 0.174143 -0.380757 1.190754 -0.009921 -0.103411 1.440690 -0.020080 -0.156981 1.382928 -0.086260 -0.223215 1.386301 0.046503 -0.225443 1.341629 -0.074166 -0.602181 1.233663 0.074512 -0.621156 1.406654 -0.064804 -0.895530 1.100603 0.096194 -0.927468 1.442081 -0.081778 -0.918815 1.020664 0.079220 -0.950753 1.362143 
-0.033797 0.404847 1.457106 -0.022504 0.238916 1.460550 -0.169848 0.105309 1.465040 0.126431 0.101628 1.391709 -0.220087 -0.140322 1.412808 0.192442 -0.149426 1.317720 -0.233146 -0.324675 1.317720 0.177999 -0.328240 1.302701 -0.243091 -0.375639 1.271669 0.167173 -0.380958 1.170357 -0.010335 -0.104251 1.418280 -0.020702 -0.158073 1.360421 -0.087452 -0.226131 1.361632 0.046595 -0.224650 1.321009 -0.074611 -0.607462 1.217864 0.074496 -0.617823 1.394731 -0.064661 -0.902923 1.091585 0.096114 -0.922459 1.436968 -0.082153 -0.926209 1.011780 0.078622 -0.945745 1.357162 
-0.035893 0.404884 1.432714 -0.026008 0.238511 1.433414 -0.172664 0.105687 1.438403 0.123918 0.101285 1.368893 -0.222016 -0.137309 1.386376 0.187995 -0.150182 1.296283 -0.233736 -0.320655 1.296283 0.173615 -0.330996 1.274809 -0.241272 -0.370115 1.241005 0.162277 -0.383204 1.152365 -0.013670 -0.104333 1.395272 -0.023356 -0.158649 1.337950 -0.089954 -0.226519 1.340031 0.044112 -0.224967 1.299445 -0.174045 -0.602793 1.210850 0.075726 -0.615977 1.378444 -0.239254 -0.894575 1.095813 0.100242 -0.919187 1.424841 -0.255807 -0.918045 1.015879 0.083689 -0.942656 1.344907 
