35
-0.062125 0.999447 3.694037 -0.051344 0.808278 3.756253 -0.204341 0.675124 3.766396 0.116310 0.701799 3.759083 -0.280880 0.405078 3.806468 0.211643 0.492444 3.808007 -0.305797 0.179320 3.808007 0.228583 0.197205 3.752574 -0.297396 0.081202 3.731046 0.272590 0.137551 3.786015 -0.035579 0.453828 3.786575 -0.032999 0.382894 3.786430 -0.101556 0.306541 3.792403 0.040961 0.314286 3.783837 -0.103783 -0.221824 3.877867 0.096103 -0.242872 3.720520 -0.074848 -0.568245 3.978063 0.097445 -0.594320 3.771224 -0.077741 -0.609385 3.904658 0.118308 -0.659772 3.702990 
-0.063738 0.990455 3.677390 -0.049861 0.805811 3.752124 -0.205129 0.677743 3.758161 0.114564 0.699368 3.745391 -0.283436 0.402497 3.785556 0.203701 0.489766 3.776099 -0.306008 0.174471 3.776099 0.228833 0.192690 3.747245 -0.296841 0.076109 3.724778 0.273801 0.134031 3.786802 -0.035120 0.451656 3.777182 -0.032793 0.380884 3.777238 -0.100747 0.304236 3.784377 0.040216 0.312906 3.772953 -0.103933 -0.224569 3.876009 0.088590 -0.255525 3.695257 -0.071444 -0.605885 3.994814 0.094807 -0.612237 3.691635 -0.081670 -0.675833 3.981756 0.117867 -0.664914 3.626603 
-0.057243 0.973207 3.614233 -0.034829 0.789361 3.702064 -0.210961 0.672033 3.714958 0.133053 0.681587 3.684510 -0.277277 0.394730 3.724136 0.227746 0.415804 3.750908 -0.306218 0.166064 3.750908 0.249785 0.186040 3.694529 -0.295802 0.065617 3.686848 0.251546 0.086064 3.710912 -0.024791 0.442102 3.722744 -0.023398 0.372504 3.723176 -0.094396 0.288162 3.735771 0.051898 0.300135 3.713471 -0.104063 -0.244392 3.861162 0.081453 -0.266322 3.621322 -0.069431 -0.608912 3.996629 0.092200 -0.594984 3.520051 -0.107504 -0.670092 4.000363 0.117480 -0.644946 3.440082 
-0.055931 0.971016 3.607183 -0.028645 0.785756 3.688389 -0.207115 0.673497 3.705872 0.131606 0.679746 3.680515 -0.275567 0.397082 3.720727 0.227698 0.423391 3.733394 -0.290911 0.143393 3.733394 0.250296 0.159905 3.669434 -0.285767 0.042289 3.663840 0.292586 0.110091 3.679995 -0.026168 0.438845 3.713272 -0.025860 0.369137 3.714721 -0.097654 0.286722 3.725803 0.047809 0.298077 3.707397 -0.105446 -0.256212 3.855450 0.080807 -0.268476 3.608096 -0.075883 -0.598689 3.982460 0.096400 -0.584703 3.491923 -0.082974 -0.639803 3.908547 0.111910 -0.630917 3.407360 
-0.049309 0.952517 3.539110 -0.027517 0.761918 3.606798 -0.201675 0.657512 3.648093 0.141336 0.656476 3.628531 -0.270219 0.367670 3.674024 0.235839 0.393805 3.679310 -0.295948 0.133265 3.679310 0.267070 0.165058 3.610696 -0.283168 0.035076 3.589116 0.283966 0.066373 3.675444 -0.025332 0.417904 3.645133 -0.025219 0.348686 3.650428 -0.098425 0.270395 3.665055 0.048850 0.271889 3.647132 -0.102247 -0.245993 3.820256 0.091819 -0.261392 3.559453 -0.071612 -0.596302 3.979986 0.097154 -0.582441 3.414932 -0.116341 -0.639378 3.943364 0.112060 -0.640531 3.338009 
-0.024050 0.945707 3.493305 -0.001917 0.750898 3.565113 -0.192540 0.658404 3.612269 0.164427 0.640636 3.581007 -0.260067 0.363008 3.604265 0.247520 0.388682 3.651331 -0.290859 0.120025 3.651331 0.269777 0.157925 3.553341 -0.282081 0.033156 3.553735 0.286266 0.057263 3.672974 -0.015213 0.417107 3.597609 -0.017790 0.349700 3.602518 -0.096269 0.272640 3.615483 0.055470 0.265883 3.598211 -0.093410 -0.254727 3.792990 0.092143 -0.278744 3.510620 -0.076802 -0.599572 3.978146 0.090081 -0.590063 3.402034 -0.120304 -0.657206 3.975019 0.103431 -0.650189 3.326083 
0.023461 0.929906 3.377901 0.022287 0.752610 3.475649 -0.157369 0.648777 3.505214 0.198301 0.639914 3.486734 -0.238251 0.383314 3.525557 0.272326 0.390756 3.556616 -0.275344 0.128887 3.556616 0.290123 0.141483 3.461446 -0.269003 0.045932 3.446048 0.292044 0.039176 3.603539 0.012136 0.411284 3.496758 0.009888 0.342914 3.500133 -0.068638 0.263561 3.506432 0.083564 0.262035 3.498151 -0.088646 -0.245747 3.683833 0.099168 -0.266964 3.419328 -0.065792 -0.565352 3.913764 0.094783 -0.592581 3.386215 -0.108841 -0.622265 3.926421 0.102692 -0.655931 3.311793 
0.028639 0.930190 3.365602 0.026428 0.756127 3.453193 -0.148806 0.654160 3.478633 0.201491 0.641328 3.453899 -0.229403 0.390600 3.508595 0.280060 0.379238 3.545529 -0.267663 0.144660 3.545529 0.296259 0.136881 3.433162 -0.257666 0.058803 3.402219 0.300859 0.037064 3.583510 0.019313 0.410806 3.478395 0.017621 0.341673 3.482791 -0.059964 0.262333 3.492288 0.091793 0.262700 3.478614 -0.090340 -0.249062 3.636603 0.099368 -0.266561 3.416697 -0.069105 -0.550089 3.889471 0.096694 -0.612099 3.378755 -0.103974 -0.619412 3.923744 0.104852 -0.668961 3.299179 
0.051793 0.938778 3.296782 0.052176 0.751301 3.393668 -0.128749 0.668849 3.428732 0.231126 0.639880 3.401373 -0.212602 0.395602 3.436825 0.302256 0.360713 3.481069 -0.252904 0.160378 3.481069 0.319734 0.128747 3.379185 -0.249222 0.071639 3.360982 0.309281 0.026159 3.497776 0.038612 0.418863 3.412429 0.035640 0.352310 3.416122 -0.046133 0.275614 3.422796 0.110674 0.266413 3.413123 -0.094589 -0.214534 3.494281 0.111828 -0.254777 3.398049 -0.077522 -0.500370 3.764854 0.098438 -0.607102 3.369537 -0.084954 -0.541438 3.690240 0.106128 -0.670501 3.294786 
0.054030 0.943514 3.279643 0.053385 0.752125 3.384763 -0.126409 0.670497 3.421670 0.233761 0.646044 3.387903 -0.208576 0.396789 3.428445 0.309476 0.364268 3.424168 -0.249472 0.168384 3.424168 0.330487 0.135045 3.354963 -0.247807 0.080969 3.323355 0.316838 0.034688 3.441473 0.043490 0.419453 3.396180 0.041447 0.352896 3.398455 -0.038733 0.275898 3.404053 0.117419 0.267705 3.392037 -0.094949 -0.225009 3.441371 0.116104 -0.250018 3.384976 -0.084344 -0.492938 3.730737 0.097082 -0.606413 3.363266 -0.110725 -0.579150 3.770535 0.105542 -0.673013 3.291119 
0.066918 0.945437 3.222345 0.074011 0.762386 3.308428 -0.109669 0.664294 3.354576 0.250364 0.644538 3.320434 -0.192266 0.406002 3.382435 0.316364 0.360359 3.362147 -0.230596 0.164901 3.362147 0.324018 0.122051 3.283152 -0.225668 0.088063 3.269446 0.319333 0.023809 3.340550 0.057837 0.419841 3.324737 0.054344 0.351300 3.328579 -0.026250 0.275059 3.336237 0.127160 0.264962 3.323577 -0.085910 -0.215483 3.337189 0.118419 -0.250804 3.351683 -0.077455 -0.509808 3.604176 0.096926 -0.604321 3.360522 -0.119380 -0.593885 3.634236 0.104821 -0.673312 3.290463 
0.086665 0.939697 3.105648 0.093080 0.746160 3.178359 -0.087757 0.661120 3.230307 0.265668 0.626123 3.180729 -0.164281 0.392679 3.262289 0.329709 0.355471 3.179446 -0.196973 0.153932 3.179446 0.318884 0.115427 3.156906 -0.190049 0.080215 3.137306 0.303879 0.028719 3.088261 0.078009 0.404037 3.197354 0.074685 0.335571 3.202260 -0.004135 0.264068 3.209875 0.146336 0.247045 3.198723 -0.050417 -0.239812 3.117259 0.130491 -0.265800 3.291140 -0.070341 -0.631392 3.175390 0.094786 -0.609501 3.356776 -0.104749 -0.689785 3.148321 0.104698 -0.676512 3.288430 
0.085676 0.933175 3.087011 0.093326 0.743117 3.171787 -0.085844 0.657344 3.214771 0.266182 0.629031 3.177788 -0.163408 0.390653 3.243111 0.332000 0.356605 3.158493 -0.196671 0.153045 3.158493 0.321075 0.124259 3.153844 -0.192598 0.076108 3.128526 0.295170 0.038251 3.019667 0.079796 0.402220 3.184519 0.076994 0.334162 3.188039 -0.001041 0.261672 3.194062 0.148979 0.247086 3.182015 -0.045102 -0.243492 3.099978 0.130761 -0.265847 3.290702 -0.069584 -0.628115 3.064909 0.090470 -0.620549 3.350977 -0.086956 -0.685630 3.021740 0.104909 -0.677243 3.288403 
0.085729 0.918465 3.017835 0.097944 0.721492 3.097239 -0.087548 0.636897 3.139735 0.267501 0.604354 3.095462 -0.167643 0.364348 3.176562 0.332143 0.356810 3.073793 -0.185671 0.128949 3.073793 0.314200 0.137079 3.103036 -0.180712 0.035375 3.065901 0.287479 0.045518 2.932586 0.084205 0.381479 3.112472 0.081235 0.313457 3.117038 0.001241 0.239679 3.121585 0.154660 0.226803 3.114988 -0.020937 -0.271915 3.033924 0.126403 -0.277460 3.266843 -0.058948 -0.627170 2.876362 0.094559 -0.627982 3.352466 -0.089907 -0.680856 2.804144 0.116202 -0.687706 3.292589 
0.078312 0.904181 2.965638 0.095505 0.707911 3.040566 -0.092914 0.612460 3.077723 0.252838 0.601298 3.035110 -0.163014 0.351937 3.128646 0.325920 0.347894 3.031559 -0.185313 0.107226 3.031559 0.301362 0.128163 3.074005 -0.178003 0.018103 3.049088 0.272442 0.041479 2.854316 0.084592 0.366816 3.051815 0.082324 0.298582 3.055814 0.004933 0.225010 3.060492 0.154919 0.215678 3.052070 -0.031809 -0.268260 2.948546 0.133634 -0.279544 3.240455 -0.051517 -0.607988 2.766548 0.097714 -0.625799 3.343690 -0.071639 -0.647825 2.678021 0.123001 -0.691489 3.291740 
0.078895 0.899960 2.943370 0.094535 0.699046 3.008144 -0.092362 0.612113 3.053585 0.251616 0.593751 3.012846 -0.165315 0.336411 3.081549 0.319591 0.343882 2.992712 -0.182099 0.086546 2.992712 0.297965 0.127628 3.052249 -0.180797 0.006398 3.034691 0.268956 0.038384 2.839103 0.082757 0.359069 3.024826 0.080298 0.291058 3.030133 0.003122 0.218800 3.035981 0.152200 0.208358 3.027473 -0.019775 -0.267710 2.945067 0.130591 -0.298457 3.216745 -0.037878 -0.617919 2.726614 0.099848 -0.630501 3.336046 -0.069752 -0.656428 2.640918 0.123850 -0.691049 3.292027 
0.064647 0.889633 2.859066 0.081148 0.698387 2.948305 -0.097287 0.602218 2.985344 0.241458 0.579601 2.934698 -0.163658 0.328182 3.020836 0.315570 0.330206 2.925371 -0.188071 0.084802 2.925371 0.287468 0.114099 2.986889 -0.190206 0.002842 3.002380 0.256078 0.025652 2.771888 0.073208 0.348409 2.952060 0.071717 0.278198 2.952423 -0.003918 0.208154 2.948949 0.145037 0.193218 2.948228 -0.029353 -0.277708 2.821148 0.135420 -0.299195 3.163823 -0.027036 -0.620878 2.704422 0.101278 -0.640569 3.281578 -0.050203 -0.676026 2.624758 0.135415 -0.705337 3.273736 
0.063243 0.891072 2.822370 0.081175 0.695501 2.883558 -0.101910 0.600844 2.930480 0.239101 0.583320 2.905612 -0.165162 0.333679 2.988908 0.304860 0.319946 2.874852 -0.188666 0.086319 2.874852 0.283692 0.097318 2.968593 -0.186178 0.002026 2.946580 0.251119 0.005828 2.742786 0.074158 0.348558 2.901711 0.072534 0.279032 2.910559 -0.003419 0.208472 2.917798 0.145294 0.195814 2.914841 -0.029807 -0.279902 2.798701 0.144740 -0.287044 3.113740 -0.021832 -0.628936 2.692888 0.102208 -0.638939 3.279249 -0.049799 -0.685896 2.615947 0.137129 -0.703783 3.276133 
0.052744 0.895642 2.746275 0.063519 0.706927 2.810882 -0.114214 0.602658 2.847594 0.226949 0.592287 2.817606 -0.178855 0.345331 2.897579 0.297738 0.321971 2.805296 -0.193291 0.101550 2.805296 0.282920 0.095568 2.898882 -0.198529 0.004626 2.925001 0.252869 0.003395 2.682375 0.062679 0.358275 2.819048 0.062332 0.288557 2.821930 -0.012493 0.216306 2.824835 0.136722 0.207075 2.818138 -0.025460 -0.294494 2.728699 0.132841 -0.276295 2.990681 -0.018942 -0.635186 2.679579 0.114012 -0.604884 3.224021 -0.039610 -0.704136 2.610656 0.105612 -0.645808 3.148098 
0.051509 0.900788 2.718591 0.058299 0.705659 2.776035 -0.120378 0.609931 2.809609 0.230142 0.589985 2.792644 -0.186072 0.342695 2.861165 0.294576 0.321573 2.779802 -0.203973 0.107096 2.779802 0.282478 0.091865 2.862641 -0.204120 0.009096 2.853209 0.254148 0.013442 2.677322 0.058224 0.359952 2.782222 0.058095 0.290865 2.784235 -0.019260 0.216868 2.782106 0.135114 0.206598 2.784068 -0.031504 -0.292036 2.706980 0.139566 -0.278571 2.931294 -0.021024 -0.629818 2.675179 0.121744 -0.592691 3.183212 -0.038130 -0.708399 2.615893 0.116425 -0.633635 3.106769 
0.046360 0.903352 2.678215 0.058198 0.710496 2.743663 -0.129421 0.611604 2.769372 0.215150 0.594046 2.739439 -0.193911 0.344075 2.810560 0.292961 0.320419 2.750661 -0.212726 0.104585 2.750661 0.278559 0.091061 2.808684 -0.212430 0.008397 2.818642 0.254410 0.011176 2.661439 0.053173 0.361418 2.749202 0.051871 0.291647 2.750480 -0.025300 0.217261 2.752225 0.126442 0.210141 2.745772 -0.030868 -0.288890 2.691872 0.142928 -0.266775 2.841481 -0.023060 -0.624626 2.671297 0.122888 -0.566757 3.109646 -0.038366 -0.709987 2.621426 0.114550 -0.607568 3.033254 
0.040156 0.900732 2.563937 0.045607 0.713595 2.635220 -0.138013 0.611194 2.657834 0.215676 0.603525 2.650539 -0.213754 0.332518 2.686308 0.283861 0.321728 2.663839 -0.245266 0.094003 2.663839 0.284301 0.087575 2.641657 -0.236339 0.015932 2.644716 0.280464 0.010997 2.584910 0.042755 0.369377 2.634989 0.042095 0.300697 2.633718 -0.035815 0.222311 2.630440 0.118651 0.219995 2.631231 -0.033501 -0.280157 2.640398 0.153205 -0.263635 2.642036 -0.023506 -0.638293 2.658759 0.145084 -0.586244 2.887847 -0.038648 -0.709915 2.620845 0.141881 -0.626838 2.810716 
0.031030 0.893911 2.488662 0.042519 0.711663 2.567633 -0.140973 0.610868 2.591848 0.206262 0.600091 2.584669 -0.220015 0.342441 2.597576 0.279038 0.324250 2.612283 -0.261496 0.100309 2.612283 0.289243 0.088601 2.521141 -0.258467 0.022368 2.510621 0.282016 0.014202 2.559293 0.034355 0.366377 2.572226 0.032617 0.297448 2.571181 -0.045363 0.221277 2.571594 0.106861 0.217303 2.567026 -0.049064 -0.286191 2.616230 0.134235 -0.273113 2.523964 -0.013237 -0.646267 2.658263 0.113630 -0.642557 2.702407 -0.040639 -0.711632 2.620351 0.163600 -0.703378 2.705340 
0.033175 0.887761 2.462876 0.039997 0.707259 2.552394 -0.140683 0.610779 2.561765 0.207318 0.596856 2.564905 -0.228107 0.347305 2.561631 0.281720 0.324695 2.602777 -0.266267 0.119398 2.602777 0.289253 0.089523 2.467440 -0.263623 0.035895 2.437013 0.285226 0.008926 2.534471 0.033281 0.363994 2.555355 0.032022 0.295561 2.552863 -0.045002 0.218823 2.549006 0.106166 0.215511 2.551049 -0.052431 -0.287355 2.608013 0.125232 -0.293436 2.474720 -0.009744 -0.652557 2.653525 0.121662 -0.661973 2.601735 -0.040537 -0.711623 2.620838 0.155402 -0.720851 2.570153 
0.034661 0.871537 2.386160 0.037924 0.693361 2.477269 -0.141478 0.598759 2.486716 0.210919 0.581984 2.490108 -0.237184 0.346824 2.478066 0.284283 0.317414 2.537251 -0.279801 0.135116 2.537251 0.292349 0.080762 2.363280 -0.274248 0.054603 2.326040 0.286318 -0.002641 2.515569 0.030902 0.352691 2.482017 0.029574 0.284753 2.479218 -0.048953 0.207467 2.475217 0.104859 0.203350 2.478746 -0.057127 -0.295331 2.578243 0.116116 -0.312819 2.377378 -0.013958 -0.655886 2.652311 0.118939 -0.675079 2.361528 -0.042997 -0.715389 2.619927 0.153007 -0.736461 2.299529 
0.035707 0.850514 2.316845 0.041800 0.677030 2.406424 -0.141020 0.587934 2.424298 0.212600 0.573310 2.426242 -0.237209 0.339709 2.408334 0.287087 0.309488 2.478255 -0.282347 0.142343 2.478255 0.294618 0.073862 2.271917 -0.277505 0.067729 2.226603 0.289082 -0.014700 2.487620 0.031580 0.338597 2.415300 0.029580 0.271026 2.413229 -0.049711 0.193138 2.411511 0.104079 0.189742 2.412337 -0.055423 -0.325871 2.534902 0.111827 -0.326671 2.302494 -0.016004 -0.661097 2.650229 0.115066 -0.653106 2.160887 -0.045932 -0.716938 2.612550 0.136552 -0.699417 2.075217 
0.044617 0.816963 2.210038 0.057724 0.652205 2.292324 -0.130348 0.563949 2.316195 0.220868 0.545741 2.309591 -0.228302 0.319261 2.304315 0.291906 0.282990 2.379330 -0.274343 0.123183 2.379330 0.299818 0.051094 2.166274 -0.272324 0.031341 2.113245 0.301025 -0.010533 2.411528 0.040305 0.311940 2.303890 0.036697 0.243945 2.302701 -0.044037 0.165165 2.302832 0.109290 0.164672 2.301377 -0.053163 -0.369027 2.487485 0.104375 -0.344410 2.208593 -0.026133 -0.677822 2.638417 0.095529 -0.648119 2.042965 -0.052676 -0.735501 2.601110 0.092528 -0.689116 1.966699 
0.058904 0.796791 2.143765 0.067654 0.644701 2.221837 -0.115904 0.551367 2.237701 0.238177 0.536954 2.236994 -0.214678 0.301523 2.234941 0.300515 0.278741 2.299647 -0.257896 0.094214 2.299647 0.308368 0.048209 2.115615 -0.257568 0.021765 2.083769 0.305282 -0.020734 2.346648 0.052648 0.304750 2.225172 0.049642 0.237026 2.221344 -0.031633 0.158122 2.216375 0.123879 0.156650 2.220864 -0.055583 -0.358894 2.411414 0.116731 -0.340057 2.109350 -0.043355 -0.672821 2.599344 0.100210 -0.669617 2.023795 -0.067213 -0.742270 2.603629 0.117639 -0.733635 1.949620 
0.063595 0.794262 2.116512 0.075351 0.646343 2.194173 -0.111301 0.549998 2.210412 0.242338 0.537847 2.208312 -0.204788 0.299173 2.211326 0.306074 0.275431 2.269178 -0.249717 0.085595 2.269178 0.313825 0.043625 2.106220 -0.247084 0.012604 2.073487 0.313505 -0.033569 2.315433 0.059616 0.305026 2.196957 0.056427 0.237100 2.191895 -0.024700 0.159018 2.187253 0.130194 0.156239 2.190378 -0.061955 -0.307806 2.316205 0.114787 -0.336978 2.107460 -0.031053 -0.639426 2.550653 0.101266 -0.672534 2.021101 -0.033039 -0.679719 2.474009 0.123725 -0.753428 1.967504 
0.066937 0.792806 2.074178 0.080340 0.648133 2.156104 -0.100732 0.556979 2.167504 0.251172 0.534215 2.162609 -0.191632 0.297645 2.174899 0.312253 0.272023 2.216954 -0.243192 0.075901 2.216954 0.315000 0.039280 2.096564 -0.238827 0.005855 2.068674 0.312051 -0.066241 2.255792 0.066707 0.308233 2.152938 0.063903 0.240965 2.144527 -0.016334 0.165208 2.137601 0.137744 0.158577 2.142155 -0.062095 -0.301033 2.241327 0.116074 -0.324882 2.068973 -0.030813 -0.615120 2.497372 0.100221 -0.678411 2.013821 -0.033278 -0.655036 2.420239 0.125781 -0.761751 1.973567 
0.067885 0.788912 2.041936 0.086544 0.647815 2.127764 -0.097084 0.557865 2.138139 0.252478 0.540398 2.131055 -0.182871 0.294047 2.142612 0.317476 0.277544 2.178528 -0.226824 0.067188 2.178528 0.319409 0.042034 2.077644 -0.224523 -0.008990 2.059881 0.323672 -0.041082 2.191066 0.070864 0.307935 2.125615 0.067507 0.240795 2.115531 -0.012951 0.165452 2.110478 0.140624 0.159168 2.110355 -0.066369 -0.292754 2.161922 0.119137 -0.322571 2.053982 -0.039936 -0.588708 2.438642 0.099310 -0.678345 2.010765 -0.042975 -0.628560 2.361512 0.125176 -0.761010 1.975901 
0.081127 0.771036 1.887478 0.097101 0.644395 1.988493 -0.076031 0.551750 2.002167 0.269323 0.530214 1.986211 -0.151761 0.291976 2.024185 0.331913 0.270098 1.995571 -0.188536 0.058658 1.995571 0.324502 0.036502 1.996198 -0.184932 -0.019136 1.991269 0.312052 -0.032747 1.926129 0.076061 0.297734 1.982478 0.071213 0.229680 1.968981 -0.009257 0.157130 1.967368 0.141999 0.147102 1.958262 -0.073521 -0.279440 1.900898 0.120184 -0.343204 1.982946 -0.068958 -0.625974 2.120748 0.100317 -0.680968 2.010611 -0.106120 -0.701630 2.133334 0.125320 -0.760234 1.975867 
0.076002 0.766240 1.863804 0.097440 0.645993 1.969890 -0.078268 0.551254 1.990609 0.267807 0.527077 1.961658 -0.149439 0.293259 2.011321 0.336059 0.281679 1.952060 -0.186735 0.060705 1.952060 0.324104 0.051748 1.977536 -0.183024 -0.017087 1.976521 0.315936 -0.027326 1.858482 0.076221 0.297390 1.965380 0.070576 0.229205 1.949748 -0.010385 0.156793 1.949304 0.141504 0.145670 1.937496 -0.068231 -0.273886 1.848321 0.121692 -0.343893 1.981121 -0.052978 -0.644319 2.030965 0.100346 -0.681039 2.010635 -0.109196 -0.725427 2.015043 0.124796 -0.758526 1.973794 
0.074004 0.764864 1.764505 0.094884 0.633688 1.861191 -0.070836 0.531634 1.881364 0.260420 0.508481 1.849750 -0.143868 0.281131 1.914460 0.337219 0.281250 1.817059 -0.178013 0.049368 1.817059 0.328995 0.069356 1.872114 -0.178905 -0.002470 1.865773 0.305885 -0.007267 1.659231 0.082321 0.277690 1.862409 0.078036 0.207860 1.846374 0.002171 0.139085 1.848538 0.147991 0.127238 1.834287 -0.052837 -0.285870 1.727136 0.133384 -0.335458 1.940553 -0.071863 -0.710774 1.701830 0.098547 -0.690054 2.012115 -0.078352 -0.769074 1.634666 0.124583 -0.757452 1.971864 
0.072736 0.746054 1.700560 0.089469 0.612399 1.795654 -0.089602 0.516303 1.827752 0.257265 0.488822 1.781309 -0.145460 0.260675 1.845836 0.339931 0.269064 1.735540 -0.169567 0.028460 1.735540 0.320616 0.071556 1.800799 -0.169935 -0.048342 1.788690 0.294896 0.001348 1.548179 0.082663 0.268065 1.798081 0.078625 0.200695 1.780977 -0.000244 0.128898 1.781500 0.153373 0.116068 1.769762 -0.036727 -0.300246 1.675234 0.137256 -0.324800 1.905869 -0.089879 -0.703090 1.525614 0.096170 -0.690402 2.009717 -0.105164 -0.759097 1.444248 0.125542 -0.756939 1.971288 
