55
-0.183407 0.290886 3.422512 -0.161355 0.115270 3.370023 -0.311538 0.008033 3.308223 -0.013001 -0.002760 3.386553 -0.359323 -0.268793 3.279644 0.080200 -0.275261 3.410308 -0.361915 -0.510162 3.410308 0.117748 -0.543414 3.231479 -0.353405 -0.577209 3.219808 0.130213 -0.644307 3.254149 -0.160083 -0.240815 3.369803 -0.145451 -0.303595 3.319571 -0.210401 -0.374027 3.289034 -0.076598 -0.371778 3.329099 -0.253364 -0.833540 3.365594 -0.048841 -0.855126 3.203764 -0.247085 -1.138155 3.495102 -0.015673 -1.148343 3.059042 -0.224228 -1.168478 3.402591 0.007184 -1.178666 2.966530 
-0.165676 0.301488 3.388412 -0.164583 0.124168 3.336600 -0.304539 -0.001736 3.283242 -0.000265 -0.000989 3.353683 -0.365219 -0.273606 3.276458 0.103755 -0.270667 3.373178 -0.366652 -0.497183 3.373178 0.122343 -0.545364 3.215754 -0.354568 -0.585073 3.187820 0.138779 -0.643019 3.236091 -0.152830 -0.240728 3.330154 -0.137839 -0.304140 3.277837 -0.200752 -0.376128 3.245586 -0.065629 -0.372712 3.285539 -0.241929 -0.882806 3.357025 -0.042064 -0.839123 3.167098 -0.232621 -1.215505 3.499380 -0.011846 -1.137738 3.054812 -0.212739 -1.245007 3.405853 0.008036 -1.167240 2.961285 
-0.145346 0.308108 3.364861 -0.154474 0.132304 3.299827 -0.293965 -0.003528 3.235666 0.013122 0.007654 3.277263 -0.364467 -0.274643 3.254865 0.102130 -0.267601 3.298325 -0.370330 -0.483625 3.298325 0.135349 -0.546674 3.166497 -0.355466 -0.575496 3.161124 0.137904 -0.624495 3.178601 -0.136434 -0.234603 3.280217 -0.126142 -0.296764 3.226009 -0.193456 -0.371227 3.215473 -0.052209 -0.359482 3.218611 -0.236355 -0.844869 3.297951 -0.037385 -0.815112 3.107470 -0.231640 -1.177321 3.442370 0.000230 -1.106918 3.007444 -0.220455 -1.205612 3.346984 -0.012707 -1.173549 2.956108 
-0.133053 0.314897 3.326709 -0.145508 0.137326 3.277228 -0.285619 0.006891 3.219574 0.015958 0.016332 3.248677 -0.352572 -0.257970 3.200760 0.112222 -0.257577 3.265638 -0.349012 -0.527857 3.265638 0.142036 -0.538149 3.121236 -0.350149 -0.619993 3.136199 0.140374 -0.628131 3.147728 -0.130081 -0.233821 3.259438 -0.121936 -0.296920 3.203777 -0.185842 -0.367340 3.178594 -0.049782 -0.359236 3.197666 -0.224449 -0.843426 3.258264 -0.036549 -0.814692 3.091795 -0.229273 -1.169689 3.415313 -0.000609 -1.108482 3.005053 -0.221367 -1.198128 3.319673 -0.011806 -1.174911 2.953092 
-0.122803 0.323032 3.312700 -0.119401 0.149982 3.230607 -0.275564 0.019727 3.179690 0.027380 0.027062 3.232317 -0.297989 -0.242945 3.137965 0.125932 -0.246854 3.246136 -0.344547 -0.523257 3.246136 0.152451 -0.520111 3.097175 -0.370815 -0.595971 3.067737 0.147043 -0.612049 3.125949 -0.115863 -0.211774 3.212558 -0.106003 -0.272854 3.157820 -0.172526 -0.345458 3.134596 -0.035140 -0.337214 3.153323 -0.225991 -0.855464 3.223250 -0.028960 -0.806817 3.067857 -0.219808 -1.175618 3.392064 -0.008272 -1.111517 2.992343 -0.205115 -1.204089 3.297181 0.006421 -1.139989 2.897460 
-0.104042 0.334586 3.260127 -0.117178 0.156357 3.214464 -0.266932 0.018240 3.148396 0.044029 0.047559 3.182791 -0.322477 -0.257538 3.132697 0.138350 -0.224506 3.217911 -0.350204 -0.505230 3.217911 0.167115 -0.502158 3.050172 -0.369589 -0.584200 3.044222 0.156045 -0.586717 3.073498 -0.108002 -0.209521 3.188091 -0.101214 -0.270354 3.130967 -0.168793 -0.345484 3.109132 -0.028150 -0.331862 3.120965 -0.212315 -0.857655 3.162631 -0.025477 -0.804860 3.056668 -0.214325 -1.166481 3.350251 -0.007653 -1.115361 2.988071 -0.206509 -1.194150 3.254265 0.000163 -1.143030 2.892085 
-0.104227 0.339496 3.245051 -0.114378 0.161494 3.189890 -0.257547 0.026136 3.116352 0.045973 0.056221 3.172960 -0.325540 -0.258590 3.116583 0.145837 -0.220734 3.162829 -0.343673 -0.478019 3.162829 0.169912 -0.501452 3.019950 -0.373166 -0.557931 2.988114 0.156738 -0.612058 3.041633 -0.103037 -0.202755 3.157882 -0.091941 -0.262175 3.100682 -0.156604 -0.336456 3.071193 -0.019767 -0.323539 3.097005 -0.199494 -0.779235 3.072831 -0.029800 -0.807815 3.044407 -0.206148 -1.081957 3.270736 -0.005277 -1.118127 2.979964 -0.192033 -1.109205 3.175297 0.008837 -1.145375 2.884525 
-0.099386 0.357097 3.219789 -0.103535 0.178818 3.162411 -0.250832 0.044262 3.092904 0.055522 0.064982 3.150185 -0.304367 -0.238123 3.052440 0.153696 -0.213333 3.136255 -0.346418 -0.462834 3.136255 0.176479 -0.492023 2.970197 -0.372166 -0.534963 2.950657 0.150614 -0.579304 3.005283 -0.096519 -0.190508 3.129310 -0.085845 -0.250899 3.071718 -0.152184 -0.324517 3.047450 -0.013646 -0.313553 3.062342 -0.186182 -0.760550 3.017548 -0.030655 -0.797930 3.015051 -0.184534 -1.073913 3.202179 -0.007117 -1.116074 2.978187 -0.169693 -1.101240 3.106807 -0.004409 -1.186136 2.929666 
-0.091342 0.357233 3.163306 -0.096219 0.178663 3.143516 -0.249212 0.045782 3.079640 0.081661 0.054337 3.125105 -0.305792 -0.236399 3.049673 0.170648 -0.227795 3.102058 -0.337573 -0.450997 3.102058 0.181604 -0.504595 2.935709 -0.371821 -0.512057 2.901948 0.180486 -0.590111 2.952360 -0.086598 -0.175649 3.101447 -0.077572 -0.229755 3.041552 -0.145141 -0.301036 3.003296 -0.005078 -0.303514 3.039851 -0.182419 -0.771312 2.984961 -0.020216 -0.785227 2.987343 -0.186321 -1.099437 3.138916 -0.006200 -1.116506 2.974777 -0.174920 -1.125753 3.042533 -0.002241 -1.183211 2.921478 
-0.088313 0.363555 3.160614 -0.084078 0.184045 3.113728 -0.242501 0.049290 3.054605 0.086205 0.048295 3.089949 -0.306229 -0.231912 3.037750 0.173456 -0.234723 3.056618 -0.339351 -0.430589 3.056618 0.195223 -0.461840 2.896218 -0.361629 -0.501296 2.847183 0.210781 -0.552006 2.922891 -0.077494 -0.172250 3.075772 -0.070370 -0.228572 3.017358 -0.140440 -0.302733 2.986564 0.004975 -0.297623 3.007797 -0.165538 -0.784136 2.933080 -0.021064 -0.752833 2.951977 -0.176391 -1.108177 3.102072 -0.008101 -1.075057 2.960239 -0.166860 -1.134907 3.005561 0.001430 -1.101786 2.863727 
-0.083549 0.374865 3.122545 -0.089044 0.195050 3.078833 -0.240198 0.051267 3.034131 0.080701 0.069434 3.074425 -0.298177 -0.223818 3.005232 0.174756 -0.211709 3.037073 -0.335828 -0.423786 3.037073 0.190392 -0.455835 2.872273 -0.360974 -0.480407 2.817810 0.204214 -0.540107 2.875190 -0.073976 -0.165552 3.048420 -0.065071 -0.223820 2.990409 -0.135411 -0.300517 2.969106 0.012730 -0.286987 2.976783 -0.160321 -0.777365 2.889743 -0.005228 -0.765406 2.945141 -0.168338 -1.121856 3.020808 -0.010933 -1.094901 2.952142 -0.158519 -1.149131 2.924440 -0.001114 -1.122176 2.855773 
-0.079569 0.376345 3.094988 -0.085715 0.196900 3.071794 -0.226730 0.053121 3.007052 0.086848 0.078551 3.032143 -0.301407 -0.220398 2.999551 0.175665 -0.205013 3.003685 -0.316575 -0.406774 3.003685 0.203713 -0.447098 2.831825 -0.350235 -0.454481 2.767918 0.227326 -0.531925 2.828872 -0.067455 -0.164996 3.029486 -0.060881 -0.222173 2.969096 -0.127429 -0.295250 2.943666 0.013690 -0.285387 2.955712 -0.150069 -0.753375 2.835846 0.011730 -0.737467 2.924259 -0.137565 -1.098290 2.940422 -0.010749 -1.087886 2.947172 -0.132513 -1.124699 2.843426 -0.005698 -1.114295 2.850177 
-0.078572 0.376775 3.078377 -0.076139 0.196515 3.045196 -0.229553 0.055358 2.999850 0.092682 0.075679 3.021137 -0.275685 -0.201783 2.945253 0.179111 -0.207495 2.967243 -0.313464 -0.399644 2.967243 0.205734 -0.440089 2.825143 -0.335634 -0.445240 2.753476 0.225490 -0.514672 2.780235 -0.061672 -0.158121 3.001367 -0.056257 -0.213426 2.941308 -0.125509 -0.289928 2.919629 0.020126 -0.278956 2.921849 -0.142196 -0.726746 2.796419 0.017425 -0.742624 2.914216 -0.137937 -1.080261 2.859715 -0.017587 -1.101262 2.925314 -0.133721 -1.106482 2.762608 0.017140 -1.179455 2.926934 
-0.077315 0.380764 3.028723 -0.076080 0.201664 3.013150 -0.225907 0.053367 2.961213 0.094107 0.078884 2.994348 -0.286679 -0.210235 2.945006 0.183471 -0.201275 2.921956 -0.297574 -0.391827 2.921956 0.202730 -0.426992 2.790699 -0.334558 -0.432684 2.717635 0.227610 -0.506223 2.747607 -0.059221 -0.154177 2.975893 -0.051492 -0.210577 2.916841 -0.118831 -0.283776 2.894565 0.024060 -0.277530 2.901804 -0.132522 -0.700658 2.766535 0.025090 -0.745972 2.893037 -0.142298 -1.053581 2.759055 -0.012332 -1.098280 2.912797 -0.106104 -1.131048 2.755273 -0.005100 -1.124957 2.815973 
-0.076947 0.391831 3.026255 -0.067345 0.211611 2.979370 -0.223329 0.061348 2.943741 0.099103 0.084039 2.967579 -0.289414 -0.210470 2.938459 0.184257 -0.199444 2.905899 -0.290340 -0.390785 2.905899 0.203647 -0.419347 2.775937 -0.332660 -0.431307 2.711400 0.217977 -0.489093 2.701754 -0.055674 -0.147960 2.952535 -0.049968 -0.206716 2.894903 -0.118816 -0.279902 2.876947 0.025370 -0.274798 2.879055 -0.128104 -0.695608 2.754006 0.036876 -0.734763 2.869572 -0.121249 -1.025659 2.696225 0.008294 -1.101780 2.885257 -0.116185 -1.053253 2.599499 0.013358 -1.129374 2.788531 
-0.065357 0.391267 2.969940 -0.069032 0.211700 2.952984 -0.211409 0.073280 2.905288 0.102374 0.087381 2.948052 -0.290465 -0.210451 2.912344 0.182702 -0.193075 2.858515 -0.294239 -0.390409 2.858515 0.204639 -0.409625 2.758066 -0.330355 -0.434271 2.689473 0.215986 -0.483249 2.665178 -0.057799 -0.146924 2.919871 -0.048643 -0.204602 2.861834 -0.115776 -0.273996 2.839185 0.025641 -0.273329 2.850194 -0.123397 -0.683848 2.715495 0.033550 -0.719645 2.833475 -0.112489 -1.054553 2.609749 0.012236 -1.089999 2.888224 -0.100112 -1.106419 2.508731 0.023219 -1.117112 2.791841 
-0.069058 0.376598 2.960304 -0.064900 0.196361 2.910644 -0.214372 0.067867 2.883993 0.107573 0.082914 2.912549 -0.286473 -0.213016 2.885704 0.184654 -0.201487 2.835701 -0.292154 -0.395234 2.835701 0.200962 -0.397224 2.729961 -0.322461 -0.443725 2.676396 0.211896 -0.470672 2.630452 -0.053690 -0.147873 2.891761 -0.046996 -0.204941 2.835178 -0.115535 -0.274842 2.814071 0.028298 -0.276391 2.822005 -0.119015 -0.687371 2.702425 0.030992 -0.711918 2.811990 -0.095536 -1.043840 2.548525 0.009806 -1.073017 2.902164 -0.086310 -1.093300 2.444176 0.016716 -1.100983 2.805635 
-0.061368 0.380994 2.926973 -0.069544 0.200473 2.881474 -0.211972 0.063653 2.835096 0.110164 0.086051 2.877240 -0.284440 -0.214187 2.861186 0.185992 -0.168518 2.821105 -0.291706 -0.409141 2.821105 0.194761 -0.407328 2.708567 -0.318234 -0.469100 2.660780 0.209703 -0.482205 2.601635 -0.056225 -0.148551 2.862339 -0.047170 -0.206226 2.806690 -0.115120 -0.277249 2.789143 0.028630 -0.277106 2.795032 -0.114265 -0.687907 2.672178 0.016344 -0.702053 2.762001 -0.080612 -1.033416 2.492443 0.026738 -1.046784 2.896157 -0.066469 -1.078501 2.386627 0.036914 -1.074870 2.799916 
-0.061461 0.379725 2.902903 -0.069712 0.199425 2.857475 -0.209869 0.064797 2.811627 0.108358 0.091715 2.851881 -0.284946 -0.219558 2.830020 0.198248 -0.190107 2.778198 -0.294316 -0.419603 2.778198 0.192194 -0.407731 2.696335 -0.311667 -0.497842 2.657338 0.199378 -0.476833 2.565685 -0.054528 -0.152412 2.829031 -0.045636 -0.209194 2.771231 -0.112370 -0.281267 2.747097 0.029581 -0.277404 2.760422 -0.115218 -0.694861 2.645273 0.055059 -0.699132 2.769354 -0.067465 -1.037269 2.462009 0.030960 -1.050116 2.887977 -0.051225 -1.077467 2.354525 0.040262 -1.077402 2.791407 
-0.068778 0.374088 2.843646 -0.058796 0.193839 2.815431 -0.210470 0.056815 2.768326 0.112936 0.077871 2.806104 -0.283014 -0.227775 2.793356 0.198432 -0.195326 2.757411 -0.298559 -0.439935 2.757411 0.193898 -0.407183 2.679288 -0.315973 -0.513161 2.647356 0.198030 -0.480994 2.543702 -0.050725 -0.154309 2.797334 -0.043208 -0.211931 2.741434 -0.112774 -0.286147 2.716663 0.032322 -0.280140 2.734402 -0.116782 -0.696151 2.601856 0.058197 -0.701051 2.747431 -0.060662 -1.037317 2.418245 0.034215 -1.045611 2.881238 -0.041276 -1.076482 2.310881 0.043275 -1.073802 2.784888 
-0.066345 0.381944 2.829181 -0.056215 0.201287 2.794252 -0.208780 0.055134 2.735390 0.112920 0.083325 2.781350 -0.282506 -0.229402 2.762927 0.203234 -0.194738 2.733511 -0.302731 -0.446549 2.733511 0.198708 -0.400825 2.674656 -0.320880 -0.528313 2.641747 0.197213 -0.485431 2.525459 -0.047908 -0.154279 2.760551 -0.039616 -0.211506 2.701503 -0.109193 -0.285929 2.681816 0.035454 -0.278652 2.684777 -0.113006 -0.690867 2.550458 0.063025 -0.696897 2.720212 -0.056676 -1.049863 2.412503 0.044780 -1.031525 2.875002 -0.034113 -1.096978 2.308997 0.055355 -1.058528 2.778445 
-0.066598 0.377332 2.777540 -0.068547 0.196600 2.739978 -0.208757 0.061997 2.698447 0.107796 0.085186 2.737153 -0.278816 -0.224673 2.728138 0.205699 -0.197781 2.690442 -0.306461 -0.449049 2.690442 0.197909 -0.408909 2.669474 -0.321815 -0.529542 2.641013 0.195817 -0.488283 2.505432 -0.049770 -0.153371 2.719630 -0.040329 -0.211109 2.664518 -0.106754 -0.283343 2.636886 0.035396 -0.278641 2.660826 -0.105780 -0.688875 2.509479 0.074116 -0.696510 2.686110 -0.044246 -1.049397 2.379331 0.040771 -1.029446 2.841897 -0.023392 -1.098064 2.276532 0.050117 -1.057463 2.745503 
-0.069805 0.388198 2.747196 -0.071407 0.207297 2.709835 -0.205927 0.063091 2.660902 0.118222 0.107038 2.728273 -0.277653 -0.223117 2.693364 0.192547 -0.180713 2.657429 -0.309259 -0.454418 2.657429 0.196602 -0.408587 2.660898 -0.321451 -0.529704 2.640695 0.196984 -0.489822 2.491747 -0.049475 -0.141512 2.681859 -0.035422 -0.196694 2.623869 -0.102274 -0.273454 2.602803 0.044681 -0.265751 2.611207 -0.098933 -0.677323 2.471658 0.069801 -0.682979 2.647230 -0.045550 -1.043621 2.358985 0.035109 -0.974287 2.775331 -0.021448 -1.093089 2.260082 0.050211 -1.001411 2.679488 
-0.072929 0.399857 2.710674 -0.061437 0.219402 2.681322 -0.209661 0.073678 2.627812 0.104038 0.120822 2.672574 -0.275180 -0.213048 2.664022 0.193965 -0.165886 2.645522 -0.309621 -0.448812 2.645522 0.201148 -0.410227 2.635444 -0.321243 -0.528731 2.632206 0.200581 -0.489917 2.486161 -0.041788 -0.135590 2.648784 -0.032200 -0.192438 2.590870 -0.098046 -0.263383 2.564570 0.044025 -0.261312 2.580327 -0.099311 -0.666548 2.432822 0.077954 -0.689651 2.620386 -0.047449 -1.039479 2.354289 0.046037 -1.007955 2.760376 -0.029401 -1.088395 2.260794 0.055194 -1.034971 2.663754 
-0.073608 0.412579 2.680526 -0.068560 0.231836 2.630808 -0.201309 0.088852 2.577580 0.110075 0.126303 2.657788 -0.270306 -0.196857 2.613916 0.204730 -0.158514 2.621786 -0.310965 -0.439333 2.621786 0.205652 -0.406673 2.607147 -0.321873 -0.518988 2.606482 0.204046 -0.489950 2.480222 -0.045800 -0.121940 2.600100 -0.029092 -0.178276 2.543115 -0.092926 -0.250656 2.515993 0.048035 -0.247161 2.538139 -0.095625 -0.659166 2.406157 0.069517 -0.692074 2.557628 -0.057644 -1.035197 2.339861 0.067112 -1.011054 2.700415 -0.032892 -1.085243 2.245766 0.086660 -1.038167 2.605373 
-0.081938 0.427327 2.645333 -0.060601 0.247306 2.609791 -0.206188 0.097939 2.550036 0.104655 0.150325 2.601996 -0.271626 -0.185506 2.598608 0.201899 -0.133629 2.575681 -0.312558 -0.429485 2.575681 0.216924 -0.397523 2.577417 -0.317802 -0.510340 2.578455 0.214268 -0.485557 2.469896 -0.040241 -0.111562 2.576910 -0.029366 -0.168918 2.518298 -0.094222 -0.241653 2.491194 0.045754 -0.234926 2.507964 -0.094752 -0.648670 2.377034 0.091249 -0.681697 2.507451 -0.059137 -1.027013 2.341434 0.065480 -1.018878 2.655776 -0.043679 -1.075345 2.250431 0.076337 -1.045884 2.559325 
-0.079547 0.435114 2.609729 -0.072269 0.253980 2.564418 -0.199365 0.104028 2.497273 0.098189 0.151411 2.566211 -0.270716 -0.178774 2.541956 0.203709 -0.128615 2.561469 -0.312047 -0.413395 2.561469 0.225311 -0.385052 2.527641 -0.320825 -0.499204 2.525915 0.230208 -0.480009 2.451148 -0.045216 -0.106640 2.533044 -0.029566 -0.164467 2.475576 -0.089246 -0.235571 2.458807 0.042520 -0.225264 2.461569 -0.091197 -0.645992 2.361669 0.091247 -0.672714 2.445876 -0.058313 -1.024487 2.334216 0.082733 -0.987248 2.562663 -0.039761 -1.073768 2.238616 0.099302 -1.014356 2.467062 
-0.072999 0.444792 2.581577 -0.062804 0.263539 2.544166 -0.202666 0.113226 2.474339 0.105955 0.155762 2.547576 -0.267485 -0.171367 2.517353 0.208299 -0.125983 2.526344 -0.306456 -0.402801 2.526344 0.233961 -0.374151 2.479917 -0.317579 -0.488400 2.474776 0.236045 -0.469843 2.437844 -0.040062 -0.088628 2.508186 -0.024911 -0.143371 2.449798 -0.085227 -0.211669 2.413494 0.046753 -0.213827 2.447730 -0.093742 -0.657015 2.339972 0.096400 -0.663004 2.388069 -0.058914 -1.027035 2.331062 0.074713 -0.970018 2.517338 -0.041637 -1.053690 2.235460 0.091989 -0.996674 2.421735 
-0.072010 0.448606 2.546762 -0.061107 0.267307 2.512454 -0.199561 0.119799 2.437247 0.109037 0.165133 2.509228 -0.265958 -0.167490 2.465066 0.210380 -0.116450 2.498516 -0.302206 -0.398645 2.498516 0.245627 -0.373320 2.436262 -0.314849 -0.477244 2.418613 0.248663 -0.467565 2.405821 -0.039292 -0.082891 2.477736 -0.024522 -0.137839 2.419937 -0.084679 -0.209681 2.391899 0.047801 -0.203651 2.411644 -0.088365 -0.664616 2.327342 0.097889 -0.664420 2.339271 -0.059775 -1.026242 2.325450 0.068677 -0.989650 2.507247 -0.042996 -1.052985 2.229781 0.085456 -1.016393 2.411579 
-0.065152 0.457778 2.518491 -0.059772 0.276139 2.485863 -0.199273 0.126347 2.415769 0.112107 0.168607 2.491698 -0.265304 -0.161313 2.441146 0.214239 -0.112252 2.485650 -0.296376 -0.393255 2.485650 0.251454 -0.364172 2.378475 -0.307380 -0.478929 2.357392 0.269894 -0.450856 2.372078 -0.037140 -0.075305 2.451341 -0.021462 -0.130470 2.393412 -0.081586 -0.204612 2.362093 0.051636 -0.195694 2.388421 -0.089193 -0.660818 2.306241 0.098098 -0.662186 2.292185 -0.060260 -1.019384 2.321666 0.105604 -0.988016 2.374130 -0.042339 -1.046149 2.226203 0.123525 -1.014782 2.278667 
-0.063518 0.462701 2.481850 -0.060698 0.280784 2.446525 -0.199451 0.130199 2.385966 0.113042 0.167794 2.443941 -0.253147 -0.160636 2.378453 0.215017 -0.112614 2.448200 -0.292309 -0.382744 2.448200 0.255140 -0.359292 2.317847 -0.307614 -0.461048 2.290197 0.274176 -0.447848 2.351945 -0.035520 -0.074262 2.410715 -0.022156 -0.130229 2.352108 -0.082444 -0.206162 2.327157 0.051115 -0.192052 2.341105 -0.078590 -0.722089 2.290853 0.107560 -0.656996 2.237060 -0.030269 -1.019072 2.319005 0.132901 -0.988918 2.293145 -0.016916 -1.045735 2.222857 0.146254 -1.015582 2.196997 
-0.061321 0.467046 2.456578 -0.060546 0.285008 2.423308 -0.203191 0.138133 2.366253 0.113129 0.175566 2.426562 -0.242886 -0.144119 2.328005 0.216301 -0.104236 2.435564 -0.285632 -0.366204 2.435564 0.260503 -0.349998 2.254777 -0.296006 -0.449922 2.224528 0.281677 -0.440386 2.312888 -0.034903 -0.067232 2.393460 -0.021043 -0.123386 2.335682 -0.080947 -0.200887 2.305943 0.052364 -0.186373 2.329949 -0.079393 -0.717939 2.284815 0.113285 -0.642590 2.184902 -0.026314 -1.015187 2.300361 0.122456 -0.978661 2.216545 -0.012324 -1.042217 2.204390 0.136446 -1.005690 2.120574 
-0.059426 0.448470 2.421888 -0.048142 0.247541 2.373436 -0.198162 0.140314 2.329174 0.115140 0.179345 2.390092 -0.232968 -0.129462 2.281771 0.222643 -0.099799 2.393447 -0.277845 -0.349724 2.393447 0.262195 -0.349688 2.195901 -0.293294 -0.417663 2.160158 0.281907 -0.433244 2.289196 -0.031436 -0.067850 2.352355 -0.019019 -0.117455 2.296193 -0.079109 -0.194395 2.266486 0.052516 -0.179464 2.289011 -0.085620 -0.730942 2.272961 0.112567 -0.631644 2.143987 -0.030293 -1.006711 2.296398 0.123795 -0.976604 2.131005 -0.016099 -1.033792 2.200461 0.137989 -1.003686 2.035069 
-0.056265 0.478895 2.388185 -0.050648 0.296924 2.357589 -0.199173 0.143825 2.303245 0.119859 0.181841 2.362823 -0.256162 -0.094813 2.271108 0.222946 -0.098374 2.373037 -0.259870 -0.330523 2.373037 0.261851 -0.346398 2.132135 -0.258976 -0.394244 2.091699 0.284997 -0.435904 2.229856 -0.028516 -0.057030 2.331073 -0.015526 -0.110983 2.272537 -0.078129 -0.188641 2.237861 0.059249 -0.174929 2.268384 -0.086012 -0.733493 2.264642 0.108670 -0.602784 2.100203 -0.030214 -1.002840 2.293612 0.137668 -0.962299 2.039921 -0.017283 -1.026244 2.196843 0.151394 -0.989542 1.943928 
-0.046989 0.480544 2.368428 -0.048720 0.298423 2.339595 -0.194568 0.150689 2.268161 0.123598 0.184802 2.333166 -0.257585 -0.090811 2.243367 0.223309 -0.098165 2.330052 -0.247090 -0.322218 2.330052 0.262170 -0.338529 2.078252 -0.248464 -0.379782 2.036588 0.286831 -0.430218 2.215742 -0.026474 -0.052095 2.296550 -0.012811 -0.105512 2.237645 -0.076017 -0.182372 2.206095 0.062680 -0.170030 2.230996 -0.086501 -0.734159 2.251066 0.108827 -0.601146 2.076174 -0.031932 -1.000939 2.292841 0.138938 -0.954224 1.962578 -0.019275 -1.015475 2.193794 0.153979 -0.980412 1.866468 
-0.042829 0.482699 2.317949 -0.044607 0.301256 2.299573 -0.195445 0.151959 2.243635 0.120954 0.178748 2.284768 -0.249812 -0.108287 2.180510 0.222994 -0.100838 2.304986 -0.241370 -0.298342 2.304986 0.271501 -0.343155 2.040178 -0.233848 -0.367852 1.988960 0.287650 -0.434057 2.166743 -0.020072 -0.054989 2.262098 -0.009233 -0.110924 2.201973 -0.073537 -0.187394 2.166977 0.067049 -0.174926 2.198841 -0.086347 -0.734056 2.234294 0.104076 -0.587723 2.046535 -0.032477 -0.995890 2.294086 0.136751 -0.953483 1.924830 -0.024977 -1.013280 2.194344 0.146529 -0.984435 1.826912 
-0.039334 0.479951 2.303419 -0.041248 0.297493 2.274711 -0.193000 0.150443 2.203141 0.125188 0.180334 2.266434 -0.250162 -0.106034 2.147685 0.225161 -0.103003 2.264303 -0.230619 -0.293336 2.264303 0.265673 -0.332332 1.994165 -0.227175 -0.351528 1.947969 0.281676 -0.424807 2.146418 -0.020427 -0.054555 2.233125 -0.006984 -0.108897 2.173845 -0.072214 -0.186035 2.138902 0.070256 -0.173524 2.168173 -0.086000 -0.730642 2.216066 0.103022 -0.580577 2.025387 -0.033101 -0.988928 2.286894 0.131429 -0.933147 1.861709 -0.019868 -1.006794 2.187735 0.147378 -0.971749 1.760856 
-0.034734 0.475581 2.255864 -0.038981 0.293343 2.232064 -0.186225 0.150632 2.171763 0.131212 0.173050 2.214910 -0.244461 -0.099703 2.107694 0.226304 -0.110296 2.229901 -0.229363 -0.284972 2.229901 0.265992 -0.333356 1.962832 -0.224759 -0.345022 1.900735 0.279072 -0.423071 2.097025 -0.015457 -0.060658 2.192438 -0.004378 -0.115840 2.132520 -0.068591 -0.191897 2.096014 0.071702 -0.180050 2.131784 -0.085785 -0.738455 2.199591 0.100034 -0.582161 1.991542 -0.029976 -0.996081 2.270762 0.112349 -0.937561 1.832522 -0.022996 -1.007660 2.168575 0.123150 -0.981707 1.729205 
-0.029903 0.475736 2.239080 -0.033607 0.292808 2.205256 -0.182210 0.151817 2.141953 0.133716 0.175499 2.194724 -0.238020 -0.089774 2.075681 0.230050 -0.109415 2.194022 -0.225091 -0.282423 2.194022 0.265973 -0.339499 1.926775 -0.232818 -0.315691 1.825878 0.281258 -0.433447 2.068498 -0.014766 -0.059848 2.160472 -0.003185 -0.113931 2.100159 -0.067951 -0.189435 2.065774 0.071881 -0.178325 2.092287 -0.083671 -0.733961 2.165135 0.097187 -0.579539 1.966120 -0.026683 -0.986622 2.248203 0.065123 -0.905957 1.748801 -0.016632 -1.001134 2.146790 0.074992 -0.948051 1.641363 
-0.021596 0.482462 2.199288 -0.026464 0.299580 2.169535 -0.174601 0.153327 2.104815 0.138827 0.169502 2.142645 -0.227978 -0.089994 2.026475 0.233537 -0.115676 2.146778 -0.236270 -0.245601 2.146778 0.271472 -0.338093 1.853703 -0.230322 -0.318101 1.789789 0.278283 -0.428421 2.027919 -0.009286 -0.060312 2.117611 -0.000197 -0.115328 2.055462 -0.065163 -0.188169 2.020614 0.073172 -0.179749 2.050809 -0.083947 -0.724930 2.131666 0.097131 -0.576842 1.911033 -0.037842 -0.982475 2.208386 0.038063 -0.929505 1.756777 -0.030119 -1.000060 2.108209 0.040178 -0.974699 1.651989 
-0.011039 0.482847 2.152494 -0.019484 0.300420 2.129727 -0.171532 0.151846 2.076612 0.143057 0.168713 2.110224 -0.228348 -0.083462 2.007596 0.238108 -0.113451 2.108565 -0.232586 -0.240795 2.108565 0.274282 -0.340659 1.836268 -0.226575 -0.304378 1.763194 0.282516 -0.436751 1.997813 -0.005856 -0.061722 2.080373 0.001866 -0.117615 2.018918 -0.064828 -0.190711 1.993331 0.075952 -0.180859 2.000930 -0.083130 -0.709135 2.085526 0.095773 -0.581020 1.871030 -0.093236 -0.995393 2.118088 0.012011 -0.931533 1.724517 -0.085250 -1.021382 2.021095 0.008825 -0.974329 1.620406 
-0.005485 0.486716 2.132046 -0.015638 0.303674 2.099926 -0.162564 0.153052 2.030996 0.148822 0.173333 2.066371 -0.220657 -0.081464 1.966784 0.244504 -0.110655 2.060758 -0.212542 -0.268912 2.060758 0.274592 -0.324916 1.826575 -0.221956 -0.301977 1.740320 0.285872 -0.418655 1.960069 0.000487 -0.057241 2.042423 0.008824 -0.111513 1.979357 -0.055499 -0.184880 1.943553 0.080954 -0.174071 1.973115 -0.080196 -0.696145 2.046453 0.092992 -0.569123 1.826646 -0.094154 -0.985081 2.086421 0.060637 -0.944101 1.747011 -0.086045 -1.010576 1.989294 0.064326 -0.991354 1.650961 
0.005371 0.496122 2.096212 -0.000633 0.312678 2.061110 -0.159710 0.160143 2.006235 0.155798 0.179092 2.028190 -0.216093 -0.078377 1.941102 0.248920 -0.104992 2.029386 -0.209155 -0.271583 2.029386 0.280599 -0.312676 1.804970 -0.222603 -0.302734 1.727547 0.291115 -0.406478 1.910431 0.010812 -0.048687 2.005757 0.015930 -0.103594 1.943098 -0.051773 -0.178964 1.917681 0.089751 -0.163872 1.923573 -0.079590 -0.675869 1.987818 0.099476 -0.561866 1.786753 -0.097047 -0.987688 2.014447 -0.102682 -0.872490 1.675768 -0.092605 -1.013321 1.917105 -0.113890 -0.897090 1.579581 
0.013411 0.500303 2.061715 -0.000426 0.317123 2.022337 -0.150218 0.174750 1.959420 0.163781 0.196257 1.993390 -0.208675 -0.073980 1.907527 0.254549 -0.088385 1.976721 -0.207787 -0.263627 1.976721 0.281401 -0.303063 1.772184 -0.220950 -0.305660 1.715231 0.294157 -0.397874 1.874413 0.012258 -0.038063 1.963571 0.019492 -0.090695 1.900326 -0.047149 -0.162654 1.868773 0.092672 -0.154699 1.889435 -0.079209 -0.610125 1.909288 0.097426 -0.554418 1.759506 0.014781 -0.928034 2.035312 -0.020486 -0.915485 1.755017 0.022267 -0.953390 1.938074 -0.024307 -0.950198 1.666877 
0.015230 0.512075 2.026668 0.008522 0.328423 1.991113 -0.145485 0.187100 1.935344 0.167774 0.207338 1.954495 -0.200602 -0.077212 1.860658 0.258730 -0.080816 1.945253 -0.205522 -0.276307 1.945253 0.283908 -0.300728 1.745827 -0.225487 -0.321194 1.693272 0.301670 -0.379048 1.828016 0.019048 -0.027498 1.933452 0.023361 -0.080724 1.870448 -0.044046 -0.153444 1.847358 0.095736 -0.141400 1.846196 -0.078987 -0.590935 1.848259 0.100078 -0.545252 1.733303 0.027763 -0.922989 1.957395 -0.045187 -0.886637 1.791974 0.031260 -0.948412 1.859957 -0.051734 -0.910617 1.706251 
0.022912 0.520421 2.004069 0.012322 0.337132 1.955174 -0.137786 0.201911 1.891349 0.171061 0.214849 1.913007 -0.195561 -0.068867 1.841089 0.263774 -0.065465 1.896436 -0.207756 -0.270073 1.896436 0.280012 -0.296185 1.730754 -0.231719 -0.321984 1.687205 0.309930 -0.374587 1.782607 0.022330 -0.022078 1.891589 0.027381 -0.075239 1.827406 -0.039643 -0.144385 1.802405 0.098928 -0.138177 1.810445 -0.074019 -0.571922 1.786798 0.106475 -0.544792 1.711867 0.094856 -0.889955 1.873141 -0.068652 -0.864573 1.795035 0.099743 -0.915145 1.775716 -0.072361 -0.881092 1.707635 
0.030648 0.531231 1.962698 0.013916 0.348048 1.921311 -0.137968 0.209594 1.866481 0.172521 0.217937 1.872739 -0.197854 -0.064817 1.823002 0.267174 -0.068693 1.857341 -0.210476 -0.267387 1.857341 0.281364 -0.281455 1.713951 -0.240934 -0.324385 1.682685 0.300126 -0.356965 1.722745 0.023863 -0.015905 1.864550 0.026554 -0.071092 1.801301 -0.040260 -0.139312 1.781034 0.097242 -0.135796 1.776927 -0.079990 -0.550931 1.731502 0.106878 -0.551188 1.695786 0.127309 -0.859014 1.788874 0.115585 -0.926567 1.608647 0.132006 -0.880653 1.693422 0.116982 -0.969618 1.508432 
0.029532 0.538767 1.942000 0.014803 0.355857 1.889287 -0.128373 0.215777 1.823624 0.175586 0.233578 1.853409 -0.184011 -0.053934 1.771427 0.272346 -0.052986 1.811580 -0.212642 -0.267933 1.811580 0.279010 -0.282145 1.697024 -0.247743 -0.328082 1.679942 0.298640 -0.353658 1.672537 0.020596 -0.007919 1.830284 0.026080 -0.062855 1.766980 -0.039885 -0.129281 1.746858 0.095636 -0.128020 1.746197 -0.069088 -0.540410 1.687853 0.104666 -0.552119 1.689076 -0.095882 -0.917610 1.620074 0.112723 -0.930490 1.624142 -0.090610 -0.966441 1.520353 0.119903 -0.967700 1.525812 
0.027846 0.550371 1.899245 0.021176 0.366380 1.858645 -0.134866 0.215878 1.805702 0.173876 0.243945 1.811902 -0.184657 -0.053621 1.763109 0.271006 -0.043135 1.778382 -0.214571 -0.266945 1.778382 0.277938 -0.281393 1.682099 -0.251351 -0.328027 1.675494 0.295706 -0.347829 1.623630 0.029045 0.000598 1.802746 0.030188 -0.055248 1.739570 -0.036542 -0.124994 1.719216 0.100061 -0.119108 1.716813 -0.080478 -0.530607 1.634362 0.105441 -0.548853 1.673247 -0.120836 -0.903181 1.542781 0.110192 -0.928380 1.620671 -0.124107 -0.951806 1.441415 0.109496 -0.960871 1.522887 
0.027513 0.550996 1.869183 0.015364 0.367354 1.822631 -0.137456 0.219655 1.775154 0.174252 0.248772 1.785379 -0.190382 -0.038142 1.753145 0.269805 -0.037475 1.728607 -0.218379 -0.264096 1.728607 0.276545 -0.267296 1.667314 -0.256150 -0.324831 1.668813 0.287933 -0.339303 1.578125 0.028663 0.007548 1.773334 0.031472 -0.047852 1.711031 -0.034143 -0.119341 1.694321 0.102078 -0.111262 1.686951 -0.078179 -0.521870 1.596293 0.108332 -0.536545 1.651865 -0.118682 -0.892093 1.492502 0.113920 -0.916536 1.606542 -0.120788 -0.940732 1.390476 0.114467 -0.953642 1.508736 
0.023376 0.554607 1.830676 0.018386 0.370470 1.797899 -0.136028 0.219994 1.742146 0.176547 0.251475 1.751769 -0.192940 -0.031114 1.740331 0.251773 -0.031815 1.678221 -0.240380 -0.248345 1.678221 0.276587 -0.248466 1.665634 -0.261757 -0.319775 1.659216 0.288752 -0.323267 1.538069 0.028310 0.010541 1.746505 0.030241 -0.044582 1.684168 -0.036028 -0.115429 1.666586 0.100246 -0.108935 1.660343 -0.075911 -0.513011 1.548300 0.110731 -0.528576 1.635396 -0.112645 -0.879203 1.425729 0.120233 -0.908879 1.598972 -0.114928 -0.927389 1.322556 0.120609 -0.951190 1.501258 
0.027460 0.560805 1.802178 0.016365 0.376733 1.762547 -0.136797 0.227286 1.720279 0.173603 0.258645 1.719699 -0.195711 -0.027539 1.729040 0.249293 -0.024687 1.650233 -0.244809 -0.244062 1.650233 0.273789 -0.241033 1.656376 -0.268129 -0.321839 1.646925 0.298116 -0.300756 1.485424 0.029112 0.016504 1.717391 0.029904 -0.039588 1.655855 -0.035416 -0.108432 1.640716 0.099491 -0.105686 1.631952 -0.094358 -0.498867 1.507902 0.111407 -0.522323 1.618286 -0.148732 -0.859040 1.371768 0.122288 -0.902799 1.592071 -0.154811 -0.907142 1.268013 0.120061 -0.947944 1.495013 
0.020132 0.563368 1.764121 0.017002 0.379007 1.732001 -0.140864 0.229485 1.684872 0.170889 0.251730 1.679922 -0.203118 -0.033393 1.708180 0.247052 -0.018315 1.610581 -0.249780 -0.244380 1.610581 0.268985 -0.228636 1.633870 -0.272527 -0.325996 1.640460 0.282066 -0.284365 1.442611 0.026236 0.017088 1.687471 0.026072 -0.039503 1.626087 -0.040780 -0.107459 1.611339 0.095852 -0.106984 1.602287 -0.090631 -0.500898 1.486613 0.111357 -0.519034 1.604099 -0.136692 -0.864431 1.357765 0.125663 -0.899197 1.592150 -0.142718 -0.912683 1.254579 0.123270 -0.947843 1.496021 
0.010180 0.558497 1.731967 0.007910 0.373897 1.693539 -0.143141 0.231378 1.659417 0.168205 0.255425 1.657725 -0.210897 -0.032756 1.706737 0.244218 -0.014772 1.572590 -0.250593 -0.239651 1.572590 0.264790 -0.223568 1.615338 -0.276493 -0.331549 1.630830 0.274542 -0.277142 1.405914 0.022237 0.019601 1.662807 0.023465 -0.037486 1.603205 -0.043218 -0.105050 1.591485 0.094738 -0.105771 1.579400 -0.088251 -0.494022 1.452170 0.111170 -0.516481 1.583784 -0.129927 -0.853993 1.309654 0.126376 -0.896569 1.574252 -0.134671 -0.902733 1.205942 0.125059 -0.946521 1.478552 
0.008565 0.561872 1.697927 0.004418 0.377393 1.667710 -0.146800 0.233252 1.629567 0.163097 0.247725 1.611953 -0.218694 -0.035293 1.686072 0.239937 -0.009346 1.538732 -0.254049 -0.246370 1.538732 0.251987 -0.219174 1.603924 -0.280355 -0.338710 1.616053 0.268784 -0.268811 1.366113 0.021871 0.019375 1.631153 0.021501 -0.037752 1.571263 -0.045372 -0.104315 1.558905 0.093956 -0.106862 1.548784 -0.087552 -0.498149 1.436815 0.112699 -0.516176 1.565234 -0.126652 -0.863220 1.310069 0.130074 -0.895597 1.566910 -0.135134 -0.911886 1.207497 0.124977 -0.945123 1.472036 
