43
-0.028307 0.976295 3.598317 -0.016636 0.786515 3.707277 -0.181835 0.684439 3.727931 0.155896 0.689491 3.707475 -0.234021 0.400777 3.743738 0.252737 0.423887 3.750223 -0.264986 0.168210 3.750223 0.272095 0.118187 3.694551 -0.254139 0.065916 3.693020 0.280647 0.045850 3.683330 -0.000019 0.442676 3.730068 0.002829 0.373494 3.729187 -0.066969 0.296155 3.737975 0.080357 0.297553 3.721893 -0.078144 -0.206348 3.817929 0.125013 -0.235511 3.649146 -0.045614 -0.564885 3.912394 0.134043 -0.601037 3.631839 -0.051786 -0.605658 3.838988 0.163911 -0.656894 3.583349 
-0.033717 0.969547 3.564930 -0.011734 0.779406 3.674828 -0.185292 0.664948 3.683891 0.155793 0.675726 3.672508 -0.234140 0.396649 3.719905 0.262777 0.405424 3.721414 -0.261278 0.147401 3.721414 0.271171 0.119890 3.691940 -0.246745 0.045566 3.695342 0.278713 0.041251 3.687355 -0.002201 0.432188 3.694687 -0.000593 0.362601 3.694416 -0.073441 0.284486 3.704319 0.076414 0.286481 3.687289 -0.078434 -0.207956 3.815588 0.126690 -0.248535 3.610174 -0.045776 -0.565339 3.912136 0.133972 -0.594280 3.524138 -0.049906 -0.605969 3.838500 0.157020 -0.647790 3.446795 
-0.024891 0.971259 3.543194 -0.012328 0.777565 3.650591 -0.188015 0.666985 3.675335 0.156707 0.677825 3.667458 -0.235932 0.399119 3.707679 0.259825 0.425197 3.694070 -0.260065 0.145136 3.694070 0.267504 0.134173 3.690209 -0.247190 0.042959 3.692818 0.292623 0.043235 3.697067 -0.004673 0.433013 3.675449 -0.003263 0.363808 3.676723 -0.078904 0.285224 3.682339 0.075378 0.286134 3.674882 -0.077867 -0.226038 3.808399 0.118656 -0.255360 3.588989 -0.045216 -0.566170 3.912627 0.122886 -0.583830 3.476285 -0.048476 -0.607251 3.839175 0.150190 -0.633283 3.397609 
-0.031295 0.952461 3.499580 -0.011016 0.772450 3.623799 -0.187023 0.665515 3.640419 0.158407 0.674326 3.637478 -0.234001 0.382566 3.693691 0.264213 0.415148 3.690904 -0.256563 0.143060 3.690904 0.263011 0.123360 3.675085 -0.247891 0.041059 3.686984 0.231241 0.058348 3.644434 -0.001830 0.427302 3.659046 -0.000140 0.357966 3.662827 -0.075353 0.279453 3.674559 0.078494 0.281148 3.658486 -0.078516 -0.222138 3.797685 0.119625 -0.248769 3.579993 -0.042965 -0.569399 3.913374 0.132949 -0.577289 3.437765 -0.045033 -0.611387 3.840394 0.145618 -0.628411 3.356481 
-0.028465 0.951693 3.495115 -0.012443 0.771881 3.596571 -0.177855 0.656628 3.610425 0.165884 0.668888 3.620884 -0.228976 0.378749 3.680000 0.270479 0.412367 3.681721 -0.256607 0.142758 3.681721 0.285969 0.156241 3.669353 -0.249812 0.039725 3.670954 0.293146 0.053385 3.668101 -0.001039 0.421321 3.631911 0.001387 0.350916 3.636757 -0.072780 0.271257 3.649023 0.080385 0.274990 3.635165 -0.079608 -0.217283 3.773512 0.119939 -0.246332 3.566567 -0.042088 -0.570766 3.912021 0.136006 -0.574580 3.431472 -0.041184 -0.612892 3.838983 0.147753 -0.620867 3.347078 
-0.006884 0.947002 3.448026 0.001869 0.756589 3.544538 -0.169636 0.656954 3.592107 0.178693 0.654755 3.558173 -0.216625 0.369154 3.624182 0.280840 0.368701 3.633073 -0.248871 0.135506 3.633073 0.302028 0.134685 3.580000 -0.251072 0.032893 3.591302 0.312892 0.032001 3.656628 0.005703 0.407352 3.578209 0.005986 0.337201 3.583283 -0.068013 0.260533 3.595562 0.081507 0.258705 3.580366 -0.075429 -0.225029 3.753627 0.123208 -0.270674 3.514653 -0.047180 -0.575001 3.908860 0.129498 -0.594912 3.384392 -0.056040 -0.616833 3.836180 0.153237 -0.645583 3.305191 
0.001466 0.927880 3.418081 0.004262 0.753811 3.542054 -0.161482 0.654056 3.561140 0.186883 0.646236 3.545409 -0.213890 0.365689 3.600149 0.287053 0.366975 3.619214 -0.244462 0.130105 3.619214 0.302409 0.130074 3.570933 -0.244633 0.029031 3.549882 0.310804 0.028194 3.638257 0.010735 0.405637 3.572586 0.012045 0.335855 3.577296 -0.062201 0.258105 3.587044 0.090379 0.256570 3.574652 -0.065405 -0.241143 3.733701 0.125253 -0.271726 3.506686 -0.046680 -0.573748 3.888761 0.131564 -0.602787 3.377807 -0.051736 -0.615483 3.815580 0.147803 -0.651883 3.295674 
0.010484 0.923136 3.397377 0.024618 0.745300 3.488555 -0.155927 0.646257 3.524669 0.198906 0.642558 3.514917 -0.210317 0.364672 3.565631 0.288567 0.364572 3.573459 -0.234394 0.127701 3.573459 0.309756 0.119630 3.547356 -0.220971 0.025548 3.538221 0.312499 0.018298 3.625479 0.021098 0.399437 3.530206 0.020128 0.330108 3.539127 -0.058871 0.250375 3.549393 0.097477 0.250776 3.544842 -0.058624 -0.244656 3.717058 0.129980 -0.262764 3.472060 -0.047197 -0.574462 3.887589 0.133605 -0.602991 3.376013 -0.076084 -0.636932 3.907818 0.145780 -0.660779 3.298992 
0.028136 0.919893 3.345710 0.029753 0.746387 3.469155 -0.150012 0.648838 3.505722 0.213914 0.641100 3.475702 -0.203055 0.359629 3.549115 0.295305 0.365248 3.548067 -0.226063 0.122310 3.548067 0.323145 0.129416 3.535524 -0.220058 0.019170 3.530936 0.320003 0.026062 3.557687 0.027299 0.402290 3.497652 0.026654 0.333525 3.501702 -0.053990 0.253159 3.512480 0.106396 0.251503 3.495738 -0.057026 -0.240965 3.679734 0.133932 -0.263739 3.434860 -0.047292 -0.574347 3.887321 0.132702 -0.603391 3.373582 -0.079060 -0.637426 3.899792 0.146561 -0.662573 3.297946 
0.053180 0.929484 3.295551 0.054975 0.752047 3.403770 -0.123468 0.652126 3.437111 0.238891 0.643480 3.409219 -0.182501 0.375107 3.478503 0.318448 0.356167 3.485389 -0.199619 0.131875 3.485389 0.337121 0.119349 3.455285 -0.202148 0.042761 3.421073 0.332131 0.015939 3.494570 0.050502 0.402884 3.435199 0.049353 0.332865 3.441520 -0.031218 0.250989 3.453371 0.127732 0.251337 3.439144 -0.053712 -0.237118 3.585329 0.142205 -0.261876 3.409432 -0.052724 -0.552915 3.830854 0.133727 -0.604913 3.372088 -0.078671 -0.617679 3.847458 0.155837 -0.673056 3.306648 
0.076769 0.938946 3.236585 0.097320 0.754001 3.327694 -0.088591 0.660337 3.377217 0.270316 0.645765 3.343780 -0.163428 0.391553 3.404657 0.347505 0.357999 3.380780 -0.180312 0.152013 3.380780 0.360489 0.119862 3.308656 -0.175425 0.069480 3.286682 0.338110 0.021447 3.359642 0.082977 0.406915 3.351785 0.079909 0.337422 3.357449 -0.002425 0.259539 3.366847 0.155916 0.254673 3.353761 -0.061519 -0.219562 3.396506 0.156891 -0.258146 3.380589 -0.072034 -0.502807 3.676874 0.137289 -0.609694 3.360617 -0.080760 -0.543935 3.603677 0.146243 -0.681491 3.295899 
0.118167 0.950107 3.125360 0.122651 0.747187 3.206983 -0.055642 0.671001 3.253444 0.295153 0.638212 3.213191 -0.139563 0.401622 3.260210 0.372157 0.365901 3.217679 -0.158574 0.179501 3.217679 0.375875 0.133966 3.145566 -0.152694 0.100736 3.108475 0.353275 0.040889 3.098243 0.109353 0.401755 3.216903 0.106472 0.332678 3.220233 0.026487 0.261096 3.221911 0.180271 0.245780 3.218481 -0.032912 -0.241355 3.162645 0.169082 -0.257130 3.302093 -0.035494 -0.585058 3.345024 0.137688 -0.612841 3.356484 -0.088978 -0.647482 3.332554 0.149556 -0.686123 3.294384 
0.122341 0.950720 3.114799 0.127534 0.752605 3.190597 -0.047661 0.671971 3.233934 0.295478 0.639593 3.204776 -0.135206 0.402339 3.248970 0.371555 0.367939 3.183555 -0.157433 0.186472 3.183555 0.370316 0.134848 3.134875 -0.145423 0.099005 3.079627 0.347400 0.050964 3.040066 0.111542 0.401883 3.204457 0.108309 0.331925 3.208521 0.029052 0.261522 3.209859 0.180791 0.246402 3.208250 -0.031132 -0.231990 3.120555 0.169239 -0.258110 3.300749 -0.031483 -0.610999 3.264310 0.134927 -0.623435 3.360030 -0.088159 -0.679172 3.247884 0.157232 -0.691667 3.303580 
0.117971 0.946190 3.090101 0.128967 0.749776 3.163086 -0.046456 0.664710 3.205154 0.296312 0.644238 3.185782 -0.130098 0.392999 3.204991 0.376904 0.367389 3.159470 -0.149885 0.170313 3.159470 0.364344 0.134784 3.089084 -0.141180 0.089854 3.065200 0.346205 0.053165 3.023139 0.114642 0.400181 3.175935 0.111702 0.330314 3.180318 0.032117 0.259082 3.182891 0.184983 0.246841 3.179345 -0.018581 -0.236727 3.081252 0.169369 -0.260197 3.295576 -0.025150 -0.622650 3.155616 0.128316 -0.626266 3.330650 -0.077404 -0.674753 3.127345 0.157996 -0.691470 3.300030 
0.116125 0.936430 3.059119 0.133402 0.741642 3.145166 -0.046285 0.659741 3.185469 0.295492 0.635577 3.151312 -0.129728 0.388014 3.189096 0.377918 0.368636 3.142016 -0.145165 0.162295 3.142016 0.362040 0.143044 3.075634 -0.138153 0.088596 3.042909 0.333417 0.058617 2.971522 0.117705 0.393030 3.151148 0.114321 0.323379 3.153293 0.034342 0.251875 3.153390 0.187120 0.240298 3.150416 -0.011555 -0.239432 3.057268 0.168811 -0.262324 3.284337 -0.022206 -0.619564 3.044104 0.132434 -0.621351 3.334440 -0.067548 -0.688486 2.992705 0.159275 -0.691715 3.297817 
0.119382 0.937990 3.040679 0.140039 0.736899 3.107513 -0.046097 0.655400 3.158435 0.296668 0.637644 3.129739 -0.122883 0.378891 3.168504 0.380265 0.368302 3.116553 -0.137016 0.146409 3.116553 0.356467 0.145844 3.046801 -0.131735 0.073987 3.018615 0.330993 0.066971 2.951626 0.123109 0.390026 3.122311 0.119531 0.320625 3.126680 0.039862 0.249272 3.129221 0.191499 0.237669 3.126077 -0.004059 -0.259617 3.036037 0.167464 -0.269158 3.270274 -0.023255 -0.634458 2.944443 0.135210 -0.625479 3.337996 -0.045708 -0.681472 2.883108 0.172226 -0.696373 3.315291 
0.122300 0.916846 3.001574 0.139096 0.732514 3.082129 -0.043395 0.648230 3.110208 0.296531 0.621831 3.080162 -0.117074 0.372734 3.131531 0.377704 0.358680 3.075882 -0.134571 0.141180 3.075882 0.354077 0.147271 3.039344 -0.125993 0.047360 2.994031 0.322851 0.053147 2.919733 0.123505 0.381883 3.095397 0.120244 0.311700 3.099630 0.041264 0.241632 3.100729 0.192339 0.228323 3.100529 0.003665 -0.272460 3.002669 0.149805 -0.280077 3.219618 -0.015780 -0.617960 2.854047 0.141227 -0.624130 3.336291 -0.049108 -0.665900 2.776297 0.173344 -0.695600 3.313875 
0.120255 0.916285 2.982062 0.133824 0.722141 3.047459 -0.048240 0.639054 3.094039 0.296413 0.619768 3.069475 -0.120144 0.366317 3.106153 0.377414 0.355839 3.050120 -0.130046 0.131244 3.050120 0.345872 0.139619 3.025051 -0.124203 0.035724 2.985167 0.318504 0.051660 2.889099 0.122397 0.373569 3.067479 0.119897 0.303774 3.073167 0.041328 0.231278 3.074545 0.193040 0.220647 3.075002 0.002559 -0.293156 2.964024 0.152448 -0.280555 3.217172 -0.011754 -0.627562 2.768447 0.145331 -0.624989 3.329528 -0.049455 -0.658925 2.684426 0.164945 -0.693092 3.287517 
0.115614 0.910425 2.950454 0.127183 0.717226 3.018665 -0.052613 0.630055 3.060456 0.293204 0.610400 3.030724 -0.119880 0.354804 3.072364 0.377556 0.358068 3.026618 -0.129181 0.116888 3.026618 0.344703 0.139482 3.001765 -0.122640 0.018561 2.966103 0.313522 0.055100 2.867832 0.119498 0.367979 3.033795 0.117892 0.298103 3.038726 0.040385 0.225713 3.039597 0.192095 0.214539 3.040880 0.008523 -0.271946 2.934988 0.156167 -0.283751 3.194455 -0.001486 -0.613839 2.756444 0.145678 -0.626749 3.325805 -0.034425 -0.646836 2.670982 0.156534 -0.694361 3.279059 
0.113145 0.909171 2.917034 0.119673 0.712151 2.977969 -0.055491 0.622380 3.013310 0.290365 0.604657 2.998364 -0.122133 0.341587 3.045959 0.371063 0.353926 3.005747 -0.130421 0.106671 3.005747 0.335575 0.135962 2.987940 -0.125105 0.008786 2.961275 0.302674 0.048806 2.839633 0.116025 0.362115 3.003034 0.115137 0.292105 3.009926 0.038020 0.219415 3.009991 0.190277 0.209447 3.015956 0.009694 -0.270049 2.904478 0.153757 -0.284965 3.146480 0.012420 -0.612858 2.727285 0.136772 -0.616023 3.308349 -0.018274 -0.652921 2.643931 0.174493 -0.698514 3.292873 
0.106721 0.897492 2.884322 0.114281 0.707539 2.957688 -0.061469 0.610745 2.989696 0.288542 0.598856 2.971868 -0.119238 0.334547 3.009869 0.365732 0.340861 2.965464 -0.131242 0.097570 2.965464 0.326725 0.122415 2.964648 -0.128120 0.004729 2.955581 0.295290 0.031539 2.820137 0.111193 0.356449 2.969832 0.110614 0.286257 2.974170 0.033180 0.212562 2.975323 0.187020 0.201547 2.973051 0.003633 -0.269949 2.849706 0.160298 -0.287015 3.151727 0.011620 -0.616565 2.718683 0.134772 -0.658133 3.318213 -0.010642 -0.660209 2.634316 0.136569 -0.707093 3.233847 
0.089749 0.890082 2.829933 0.111749 0.704105 2.926457 -0.071078 0.607865 2.953885 0.280117 0.595645 2.937242 -0.125498 0.327944 2.976499 0.356163 0.337409 2.935616 -0.135261 0.089227 2.935616 0.321277 0.114453 2.951178 -0.131424 -0.000436 2.951240 0.295643 0.035709 2.811864 0.107460 0.352851 2.933331 0.106556 0.282641 2.936774 0.028296 0.207910 2.933906 0.182945 0.199085 2.938939 0.007348 -0.272622 2.823340 0.096772 -0.280792 2.973243 0.010406 -0.618431 2.710513 0.138032 -0.578844 3.238811 -0.011905 -0.673471 2.632942 0.146444 -0.658519 3.182904 
0.058622 0.899773 2.696379 0.084355 0.711005 2.765484 -0.095819 0.604690 2.799540 0.253374 0.599332 2.777385 -0.142888 0.338606 2.835965 0.334261 0.337931 2.802984 -0.161850 0.100077 2.802984 0.318876 0.103067 2.822817 -0.161502 0.009151 2.836423 0.293919 0.003949 2.721427 0.084941 0.356960 2.771113 0.084941 0.286174 2.773673 0.007117 0.211422 2.772079 0.162982 0.203782 2.773320 0.001957 -0.293590 2.690607 0.167224 -0.290951 2.924158 0.013141 -0.621629 2.669699 0.136148 -0.609690 3.124086 0.006561 -0.661907 2.595035 0.129568 -0.649968 3.049421 
0.059589 0.906302 2.676201 0.077220 0.716547 2.735214 -0.103056 0.608287 2.782756 0.244436 0.605743 2.749363 -0.152899 0.335918 2.797796 0.330940 0.341969 2.782719 -0.171714 0.097656 2.782719 0.320581 0.104584 2.774906 -0.166158 0.005106 2.783537 0.298631 0.005155 2.714123 0.081161 0.361541 2.746347 0.081714 0.290547 2.750109 0.005013 0.213904 2.753026 0.159824 0.209953 2.747145 0.002414 -0.290318 2.686162 0.175948 -0.263506 2.834893 0.012740 -0.625283 2.668731 0.159708 -0.565441 3.099440 -0.003957 -0.708814 2.620670 0.150687 -0.606041 3.025254 
0.044520 0.899872 2.627601 0.076258 0.716775 2.708804 -0.108478 0.615588 2.731639 0.242266 0.604869 2.717119 -0.157104 0.337504 2.768872 0.325056 0.337869 2.749691 -0.177365 0.088385 2.749691 0.323004 0.099335 2.751086 -0.172770 -0.001765 2.748400 0.301103 -0.001693 2.696347 0.075176 0.364513 2.707875 0.074608 0.294303 2.707386 -0.003267 0.215417 2.705859 0.151376 0.215709 2.702923 0.003386 -0.284756 2.679344 0.177240 -0.258359 2.761173 0.013218 -0.634144 2.667831 0.164126 -0.544404 3.042057 -0.006231 -0.713429 2.620215 0.159242 -0.584175 2.967058 
0.038704 0.874176 2.406916 0.056178 0.703238 2.501454 -0.121811 0.599993 2.518239 0.229327 0.593235 2.513297 -0.193557 0.334091 2.492533 0.313854 0.324351 2.563238 -0.226791 0.111661 2.563238 0.333261 0.086438 2.396678 -0.211249 0.029093 2.347575 0.326426 -0.004421 2.556825 0.054174 0.352642 2.509666 0.053700 0.282716 2.506480 -0.024580 0.203834 2.507281 0.131168 0.203931 2.502473 -0.023912 -0.291397 2.599074 0.147980 -0.298434 2.405461 0.024149 -0.654678 2.655763 0.150075 -0.658254 2.399147 -0.014948 -0.723698 2.628237 0.181887 -0.723673 2.352469 
0.054339 0.850348 2.317006 0.065270 0.680494 2.404339 -0.114808 0.582389 2.419966 0.235914 0.568754 2.411659 -0.189027 0.322394 2.386483 0.311751 0.296187 2.460173 -0.229135 0.107274 2.460173 0.328818 0.058221 2.263241 -0.213953 0.017900 2.222633 0.326323 -0.026234 2.467349 0.058482 0.326924 2.409349 0.056901 0.256548 2.403656 -0.022031 0.178584 2.401488 0.132717 0.176684 2.400556 -0.022393 -0.326011 2.540842 0.145417 -0.325767 2.301102 0.022769 -0.660395 2.653256 0.150885 -0.641876 2.133809 -0.019305 -0.723041 2.626323 0.176109 -0.675949 2.045601 
0.058483 0.847729 2.300750 0.068660 0.673910 2.374956 -0.109852 0.574691 2.392077 0.240972 0.563149 2.391834 -0.186390 0.314767 2.363499 0.312634 0.290976 2.439532 -0.226000 0.099641 2.439532 0.327197 0.052564 2.241630 -0.208393 0.009413 2.196408 0.319533 -0.026739 2.437651 0.060973 0.321339 2.385592 0.059444 0.250991 2.381058 -0.019517 0.172119 2.377539 0.135004 0.171811 2.381363 -0.020227 -0.328792 2.532172 0.147851 -0.332597 2.273943 0.020415 -0.661877 2.647376 0.149134 -0.653323 2.075367 -0.019324 -0.722932 2.626296 0.178272 -0.682069 1.986443 
0.079687 0.816657 2.200621 0.086600 0.656439 2.275829 -0.092021 0.553334 2.282516 0.259606 0.540108 2.283767 -0.168161 0.293123 2.265231 0.325655 0.266081 2.322324 -0.210262 0.074198 2.322324 0.330022 0.026861 2.164143 -0.201018 -0.013288 2.131141 0.329511 -0.079023 2.311808 0.078443 0.300482 2.276007 0.076973 0.229894 2.266878 -0.002729 0.148775 2.259787 0.153337 0.152314 2.265282 -0.015497 -0.362804 2.449207 0.145279 -0.343851 2.155394 0.000249 -0.679480 2.636872 0.129603 -0.678706 2.027783 -0.036145 -0.741141 2.626468 0.148710 -0.720096 1.941157 
0.086855 0.808342 2.149502 0.097661 0.652758 2.230171 -0.087132 0.552392 2.241173 0.265715 0.539095 2.240906 -0.161440 0.285411 2.227638 0.330561 0.273649 2.271942 -0.202249 0.061278 2.271942 0.335255 0.034351 2.140251 -0.187096 -0.022122 2.112906 0.332096 -0.071992 2.266595 0.086885 0.298552 2.230281 0.084732 0.228505 2.219685 0.004469 0.147065 2.212672 0.160121 0.151283 2.217944 -0.016064 -0.391002 2.442413 0.146170 -0.342392 2.122029 -0.005167 -0.639970 2.601971 0.131960 -0.686476 2.022451 -0.006879 -0.679448 2.526567 0.155322 -0.733343 1.939733 
0.092692 0.813749 2.120875 0.102783 0.654847 2.197370 -0.080103 0.552615 2.209837 0.274248 0.538081 2.204729 -0.153093 0.283830 2.196033 0.337223 0.272180 2.237685 -0.193121 0.055273 2.237685 0.337710 0.032716 2.123277 -0.179627 -0.025550 2.104208 0.331648 -0.072566 2.212897 0.091196 0.300647 2.197425 0.088692 0.230776 2.184986 0.007259 0.151498 2.179321 0.164910 0.150951 2.180544 -0.027779 -0.303674 2.309453 0.146284 -0.338039 2.088570 -0.005473 -0.626745 2.551882 0.132602 -0.685821 2.018504 -0.008232 -0.666122 2.476389 0.158515 -0.743047 1.943327 
0.107933 0.809590 2.043469 0.119945 0.656602 2.127599 -0.059173 0.555545 2.129416 0.285956 0.539096 2.125597 -0.139688 0.281366 2.129243 0.346851 0.283736 2.147057 -0.171504 0.047511 2.147057 0.343381 0.044486 2.075307 -0.166037 -0.029821 2.072654 0.331644 -0.060486 2.109944 0.105044 0.300924 2.120834 0.101936 0.231393 2.104289 0.021161 0.156327 2.094631 0.176150 0.151590 2.100548 -0.038241 -0.290749 2.163081 0.160988 -0.317263 2.042930 -0.019048 -0.586488 2.436093 0.132252 -0.685680 2.015138 -0.021486 -0.625413 2.360394 0.157228 -0.749153 1.948097 
0.108424 0.807323 2.018249 0.123533 0.654358 2.102206 -0.056125 0.556834 2.111876 0.290346 0.537689 2.105978 -0.136306 0.284757 2.113065 0.350044 0.273420 2.108979 -0.168627 0.049857 2.108979 0.346470 0.035521 2.066357 -0.163635 -0.026666 2.061770 0.336561 -0.069898 2.055954 0.107187 0.300214 2.098426 0.103670 0.231148 2.080039 0.022399 0.156833 2.070650 0.177679 0.149973 2.076102 -0.042226 -0.273400 2.083550 0.160022 -0.323234 2.038407 -0.028740 -0.565391 2.361205 0.132702 -0.685726 2.013594 -0.031594 -0.604325 2.285547 0.157318 -0.750722 1.952192 
0.118296 0.788053 1.934513 0.127408 0.647712 2.033262 -0.048661 0.551579 2.044604 0.299388 0.533996 2.027793 -0.120787 0.293676 2.052021 0.357307 0.271161 2.022809 -0.159371 0.056127 2.022809 0.345930 0.036743 2.002347 -0.158909 -0.022060 1.992947 0.334806 -0.051669 1.942884 0.109764 0.297371 2.025940 0.105208 0.229804 2.003901 0.023366 0.156936 1.995723 0.178775 0.146883 1.996110 -0.038508 -0.274132 1.979892 0.155604 -0.336725 2.015668 -0.039094 -0.587948 2.235829 0.133324 -0.686690 2.013368 -0.071514 -0.674057 2.269261 0.159036 -0.754284 1.952253 
0.133272 0.780536 1.841325 0.132050 0.645863 1.945981 -0.040938 0.544043 1.960941 0.305653 0.534923 1.936450 -0.117121 0.294359 1.978233 0.363375 0.273546 1.905555 -0.152102 0.055882 1.905555 0.348974 0.051823 1.910435 -0.147094 -0.022759 1.888365 0.330007 -0.024579 1.767103 0.114770 0.290652 1.942188 0.109521 0.222263 1.918368 0.028300 0.150306 1.913094 0.182493 0.139121 1.908596 -0.024035 -0.289873 1.832877 0.162308 -0.351123 1.972887 -0.018384 -0.659351 1.977297 0.132551 -0.688196 2.012433 -0.071373 -0.731089 1.936700 0.158983 -0.753999 1.952380 
0.135110 0.774432 1.783010 0.127652 0.634411 1.882404 -0.039038 0.533413 1.902588 0.298837 0.514021 1.872422 -0.113592 0.286775 1.921030 0.369308 0.286133 1.830481 -0.147065 0.047081 1.830481 0.349336 0.074622 1.850835 -0.149961 -0.029117 1.831220 0.324481 -0.001280 1.665031 0.117093 0.277431 1.885371 0.112630 0.208370 1.861426 0.034269 0.138086 1.859350 0.185639 0.126829 1.851223 -0.011979 -0.284722 1.755357 0.164109 -0.349563 1.962391 -0.018844 -0.705946 1.755421 0.130749 -0.691209 2.011018 -0.027138 -0.762442 1.682470 0.159112 -0.753146 1.956926 
0.132594 0.759899 1.695705 0.124137 0.615531 1.790638 -0.043980 0.511535 1.807635 0.304716 0.496619 1.780661 -0.119056 0.252452 1.827534 0.364551 0.266240 1.734270 -0.140259 0.015303 1.734270 0.334887 0.070755 1.764963 -0.136550 -0.066334 1.744503 0.300135 -0.012963 1.530734 0.120189 0.264243 1.798867 0.117277 0.195983 1.775267 0.037765 0.122480 1.775319 0.194224 0.112600 1.764425 0.007602 -0.304748 1.688880 0.167007 -0.348620 1.908343 -0.035003 -0.696870 1.512925 0.129557 -0.693904 2.003791 -0.044976 -0.748099 1.429968 0.159631 -0.753734 1.957814 
0.129982 0.760999 1.681234 0.120712 0.610001 1.768752 -0.046923 0.503282 1.785638 0.300884 0.493407 1.761557 -0.118715 0.249226 1.804922 0.365109 0.264602 1.713022 -0.139598 0.010814 1.713022 0.331254 0.068682 1.747113 -0.135390 -0.068247 1.730636 0.296060 -0.014029 1.510187 0.118791 0.259615 1.779177 0.116432 0.191382 1.755640 0.037411 0.117903 1.755440 0.193791 0.108652 1.745917 0.008499 -0.308333 1.665463 0.170533 -0.327824 1.879180 -0.035329 -0.696886 1.481425 0.128787 -0.695352 1.997043 -0.045066 -0.746723 1.397678 0.160418 -0.754625 1.959871 
0.117298 0.755420 1.644689 0.116888 0.600740 1.728172 -0.054604 0.492428 1.751006 0.281508 0.473028 1.714547 -0.120755 0.238659 1.765708 0.362516 0.248839 1.681956 -0.139017 0.000369 1.681956 0.322529 0.060410 1.712671 -0.137298 -0.084846 1.695248 0.283679 -0.019633 1.469040 0.115236 0.250036 1.740502 0.111883 0.181602 1.717477 0.034139 0.111140 1.721371 0.187841 0.099814 1.705718 0.010336 -0.311044 1.612099 0.171911 -0.318300 1.848980 -0.028827 -0.711500 1.460503 0.127789 -0.696540 1.991944 -0.041493 -0.766848 1.380615 0.162083 -0.756502 1.961326 
0.106729 0.741726 1.570580 0.108328 0.590248 1.658073 -0.071381 0.486545 1.681823 0.279165 0.474249 1.651948 -0.127305 0.233996 1.693474 0.342748 0.244756 1.618307 -0.143943 -0.002645 1.618307 0.309380 0.047763 1.650777 -0.139884 -0.097164 1.637142 0.272719 -0.037625 1.422424 0.105540 0.249390 1.667886 0.102559 0.183243 1.643882 0.021200 0.109572 1.644744 0.181683 0.099181 1.632297 0.009497 -0.311304 1.529683 0.171190 -0.306884 1.769131 0.005549 -0.726471 1.431353 0.139701 -0.675737 1.943918 -0.002338 -0.786860 1.354592 0.162507 -0.758495 1.958591 
0.104858 0.739380 1.511874 0.106457 0.587822 1.599455 -0.077811 0.486603 1.604420 0.259948 0.474809 1.585756 -0.134152 0.234048 1.625458 0.324888 0.246317 1.571625 -0.151527 -0.002630 1.571625 0.302786 0.035547 1.595876 -0.143901 -0.108625 1.584353 0.269647 -0.054322 1.402700 0.095489 0.248284 1.599862 0.091344 0.183890 1.570836 0.008423 0.115173 1.565216 0.167714 0.101466 1.559436 0.004123 -0.309263 1.469756 0.171689 -0.301942 1.701309 -0.003839 -0.730332 1.432044 0.144860 -0.660394 1.894595 -0.010533 -0.788938 1.361597 0.138862 -0.699013 1.818676 
0.079216 0.725521 1.431499 0.080816 0.573949 1.519114 -0.097827 0.486593 1.534971 0.238248 0.487195 1.514636 -0.144730 0.238634 1.547681 0.309669 0.250504 1.510628 -0.167296 0.002529 1.510628 0.297390 0.026240 1.518582 -0.164973 -0.104166 1.513895 0.273236 -0.037767 1.398188 0.081222 0.251106 1.521601 0.079261 0.190123 1.491755 -0.003539 0.118204 1.484006 0.161453 0.111657 1.483508 0.008389 -0.310812 1.419968 0.163601 -0.358953 1.624013 -0.009758 -0.731118 1.374582 0.144794 -0.686461 1.861647 -0.020668 -0.790422 1.301126 0.138077 -0.725062 1.785741 
0.079356 0.715666 1.404135 0.080956 0.564065 1.491794 -0.100275 0.489772 1.510708 0.236187 0.490962 1.493984 -0.151048 0.238769 1.518455 0.307200 0.250130 1.495640 -0.170961 0.002581 1.495640 0.294227 0.024356 1.489181 -0.171540 -0.077159 1.482746 0.275389 -0.044270 1.388591 0.079472 0.247423 1.500638 0.077503 0.187050 1.471115 -0.004480 0.113358 1.465352 0.158088 0.110353 1.462018 0.000275 -0.315395 1.401272 0.168048 -0.315540 1.518772 0.005273 -0.735303 1.407635 0.152607 -0.623784 1.779005 -0.000313 -0.792724 1.340302 0.146771 -0.662669 1.703122 
