67
-0.340149 0.608342 3.799191 -0.365867 0.421288 3.826294 -0.517226 0.335537 3.803427 -0.230668 0.314186 3.826661 -0.547048 0.093799 3.793539 -0.168730 0.090712 3.850283 -0.588138 -0.117243 3.850283 -0.149472 -0.141913 3.730830 -0.578942 -0.188171 3.700726 -0.150870 -0.223696 3.745973 -0.361314 0.127690 3.843234 -0.360098 0.067151 3.836903 -0.426726 0.001062 3.833405 -0.290508 0.002580 3.834467 -0.392681 -0.525211 3.866130 -0.303461 -0.522882 3.795214 -0.428631 -0.858803 3.868068 -0.306333 -0.864012 3.774664 -0.356256 -0.924720 3.856294 -0.291511 -0.911621 3.699275 
-0.340641 0.606306 3.787643 -0.368343 0.417676 3.814402 -0.519100 0.332740 3.787808 -0.230898 0.314120 3.820381 -0.551025 0.093567 3.773165 -0.170144 0.090542 3.846525 -0.588730 -0.122312 3.846525 -0.149799 -0.144069 3.696088 -0.579448 -0.193923 3.668618 -0.151219 -0.225624 3.748052 -0.362641 0.125951 3.831738 -0.360984 0.065826 3.827400 -0.427119 -0.000824 3.822085 -0.291303 0.001447 3.827319 -0.395345 -0.525734 3.862449 -0.302594 -0.521412 3.770002 -0.427621 -0.859704 3.867563 -0.299506 -0.853909 3.714205 -0.357043 -0.925669 3.853592 -0.283020 -0.899801 3.635965 
-0.340987 0.603937 3.774678 -0.370680 0.413925 3.802254 -0.520712 0.329369 3.769840 -0.231165 0.313626 3.812124 -0.554689 0.091982 3.751058 -0.171884 0.088601 3.840792 -0.587809 -0.125327 3.840792 -0.149898 -0.145461 3.659529 -0.578413 -0.198431 3.630836 -0.151441 -0.227185 3.749672 -0.363799 0.123754 3.818730 -0.361705 0.064074 3.816025 -0.427204 -0.003311 3.808216 -0.292015 -0.000009 3.818671 -0.398145 -0.526580 3.858406 -0.301734 -0.519975 3.746106 -0.426627 -0.860592 3.867102 -0.292321 -0.847041 3.649383 -0.358051 -0.926750 3.850286 -0.274168 -0.891229 3.568797 
-0.341243 0.600814 3.759503 -0.372826 0.409639 3.789175 -0.521875 0.325600 3.750070 -0.231279 0.312881 3.802952 -0.557215 0.088368 3.724304 -0.174299 0.087765 3.831580 -0.584902 -0.127685 3.831580 -0.150209 -0.146463 3.616539 -0.576293 -0.202242 3.592319 -0.151823 -0.228330 3.750053 -0.364499 0.121105 3.803881 -0.361896 0.061983 3.802376 -0.426367 -0.006378 3.791054 -0.292289 -0.001765 3.808042 -0.401352 -0.526313 3.852082 -0.298877 -0.517450 3.714850 -0.425479 -0.861656 3.866206 -0.285935 -0.840828 3.592002 -0.359567 -0.928268 3.845162 -0.267681 -0.886346 3.509758 
-0.341154 0.598138 3.743489 -0.374900 0.407358 3.773998 -0.522539 0.321441 3.728931 -0.231074 0.312271 3.792821 -0.559237 0.084758 3.695534 -0.176661 0.087223 3.821470 -0.581797 -0.129206 3.821470 -0.150503 -0.147351 3.576673 -0.572523 -0.204822 3.550247 -0.152181 -0.229372 3.749989 -0.364721 0.118417 3.786204 -0.361449 0.059493 3.785056 -0.424745 -0.010154 3.768478 -0.291883 -0.004006 3.794512 -0.404484 -0.526388 3.845533 -0.295840 -0.514167 3.682950 -0.424266 -0.862822 3.865612 -0.280343 -0.835337 3.540840 -0.360564 -0.929567 3.842653 -0.262353 -0.881994 3.456982 
-0.340605 0.595565 3.725552 -0.376393 0.405259 3.757280 -0.522455 0.317052 3.703732 -0.230430 0.312152 3.777959 -0.560646 0.080643 3.665636 -0.178393 0.085922 3.809555 -0.577761 -0.131538 3.809555 -0.150780 -0.148062 3.537304 -0.568338 -0.208031 3.510628 -0.152169 -0.230458 3.747441 -0.364511 0.115544 3.765910 -0.360599 0.056711 3.764744 -0.422945 -0.013924 3.745135 -0.291105 -0.006532 3.776165 -0.407638 -0.526483 3.838327 -0.292293 -0.510938 3.649662 -0.423039 -0.864047 3.864917 -0.275329 -0.830790 3.494346 -0.361413 -0.930561 3.840269 -0.257202 -0.878766 3.409508 
-0.337519 0.593475 3.690338 -0.373884 0.405687 3.719656 -0.519800 0.312805 3.661008 -0.225196 0.312156 3.745843 -0.558704 0.074453 3.617466 -0.175785 0.084581 3.773636 -0.570595 -0.137181 3.773636 -0.148272 -0.154014 3.488492 -0.561305 -0.214752 3.463568 -0.148582 -0.234950 3.717780 -0.360508 0.113808 3.723341 -0.355529 0.055164 3.719506 -0.417289 -0.016840 3.695986 -0.285584 -0.008605 3.732350 -0.407112 -0.527088 3.782948 -0.287226 -0.509819 3.600275 -0.420230 -0.862254 3.854885 -0.270937 -0.829194 3.447619 -0.363056 -0.931047 3.832021 -0.253521 -0.879577 3.363579 
-0.334486 0.592642 3.652894 -0.369741 0.402257 3.677582 -0.516757 0.309384 3.619538 -0.218409 0.312144 3.704484 -0.556480 0.068936 3.572993 -0.171585 0.079911 3.731209 -0.563921 -0.142810 3.731209 -0.144592 -0.161923 3.444763 -0.554960 -0.221490 3.420773 -0.144298 -0.243917 3.673081 -0.355596 0.111864 3.679318 -0.349853 0.053722 3.672656 -0.411424 -0.019172 3.647444 -0.279351 -0.010811 3.685259 -0.405259 -0.528821 3.725580 -0.283827 -0.508815 3.554560 -0.416447 -0.860441 3.841757 -0.267287 -0.828291 3.405863 -0.364596 -0.931615 3.823903 -0.249906 -0.878466 3.321381 
-0.331483 0.591134 3.613523 -0.365294 0.398987 3.636936 -0.513471 0.306417 3.579719 -0.211027 0.312549 3.660462 -0.554047 0.063639 3.531858 -0.166711 0.077987 3.683007 -0.557910 -0.148215 3.683007 -0.141059 -0.169239 3.405726 -0.549284 -0.227583 3.382658 -0.139545 -0.252734 3.628054 -0.350237 0.109855 3.635014 -0.343871 0.052403 3.624979 -0.405466 -0.021029 3.598772 -0.272808 -0.013112 3.636602 -0.403231 -0.533472 3.656068 -0.282056 -0.508335 3.510747 -0.412969 -0.858340 3.821054 -0.264111 -0.827583 3.369420 -0.366945 -0.926280 3.791874 -0.246945 -0.877496 3.284524 
-0.327094 0.590884 3.568532 -0.360019 0.396973 3.594096 -0.509675 0.304401 3.540609 -0.203647 0.313534 3.618711 -0.551330 0.058902 3.493312 -0.161173 0.074466 3.629776 -0.552593 -0.153498 3.629776 -0.136451 -0.174915 3.370312 -0.544589 -0.233064 3.348650 -0.134226 -0.259379 3.572940 -0.344691 0.109360 3.588917 -0.337757 0.052823 3.575088 -0.399596 -0.020914 3.548412 -0.266207 -0.013745 3.585004 -0.400681 -0.526209 3.578852 -0.280894 -0.507062 3.468905 -0.408413 -0.849384 3.781776 -0.261330 -0.826205 3.337097 -0.372994 -0.921281 3.758271 -0.244237 -0.875876 3.251825 
-0.323036 0.591143 3.526454 -0.354423 0.398683 3.552034 -0.505649 0.303076 3.502485 -0.195287 0.314810 3.572914 -0.548744 0.055311 3.458484 -0.155180 0.070745 3.577147 -0.547918 -0.158170 3.577147 -0.130838 -0.179222 3.339213 -0.540642 -0.237807 3.318883 -0.128412 -0.264016 3.511143 -0.339285 0.109352 3.545558 -0.332024 0.053275 3.527933 -0.394287 -0.020677 3.501663 -0.259986 -0.014326 3.535521 -0.397041 -0.520123 3.503427 -0.280015 -0.506452 3.429754 -0.402947 -0.841941 3.734121 -0.258870 -0.825919 3.308373 -0.377260 -0.918259 3.717438 -0.242080 -0.876036 3.223781 
-0.319402 0.592064 3.486634 -0.347826 0.401545 3.509429 -0.501355 0.302547 3.464309 -0.187492 0.316688 3.529882 -0.546155 0.052388 3.426963 -0.148177 0.068558 3.521158 -0.543812 -0.162272 3.521158 -0.123888 -0.177721 3.311687 -0.537337 -0.242078 3.292772 -0.121714 -0.263268 3.450254 -0.333585 0.110386 3.502416 -0.326154 0.054472 3.481852 -0.389144 -0.019838 3.457119 -0.253780 -0.014000 3.487588 -0.392448 -0.513287 3.428652 -0.278432 -0.506024 3.393669 -0.391452 -0.835505 3.668399 -0.256679 -0.825822 3.282678 -0.381400 -0.914721 3.655240 -0.240263 -0.876466 3.198792 
-0.318575 0.592349 3.446579 -0.341693 0.400793 3.466230 -0.497222 0.302284 3.427673 -0.179515 0.318101 3.483048 -0.543714 0.049924 3.398359 -0.141443 0.066469 3.465771 -0.540192 -0.165909 3.465771 -0.116936 -0.179369 3.287112 -0.534544 -0.245820 3.269717 -0.113920 -0.264790 3.379852 -0.328370 0.110981 3.461612 -0.321044 0.055423 3.438896 -0.384707 -0.019150 3.416569 -0.248427 -0.013900 3.441942 -0.387357 -0.507309 3.361239 -0.277000 -0.505828 3.361317 -0.383632 -0.831207 3.624720 -0.255980 -0.826718 3.259311 -0.385158 -0.911067 3.596058 -0.239634 -0.878979 3.179836 
-0.315409 0.593479 3.405599 -0.335767 0.400116 3.426274 -0.493256 0.302326 3.393032 -0.172356 0.319538 3.440194 -0.541402 0.048016 3.371772 -0.134758 0.065869 3.410875 -0.537103 -0.169045 3.410875 -0.109122 -0.177138 3.265208 -0.532161 -0.249031 3.249283 -0.105071 -0.261141 3.306199 -0.323443 0.111480 3.422168 -0.316284 0.056469 3.397067 -0.380635 -0.018289 3.377158 -0.243582 -0.013609 3.397476 -0.381634 -0.499748 3.295507 -0.275125 -0.505771 3.332574 -0.374647 -0.823170 3.566051 -0.255248 -0.827796 3.238533 -0.380553 -0.902437 3.502039 -0.238365 -0.880737 3.161024 
-0.312151 0.594831 3.367345 -0.330197 0.399493 3.388412 -0.488907 0.303258 3.358169 -0.165715 0.321265 3.398262 -0.538896 0.047087 3.346124 -0.128416 0.065948 3.359448 -0.534418 -0.171788 3.359448 -0.101764 -0.172233 3.245460 -0.530072 -0.251940 3.230764 -0.096696 -0.254763 3.234761 -0.319086 0.112099 3.384737 -0.312141 0.057665 3.357480 -0.377057 -0.017041 3.339739 -0.239553 -0.013104 3.355220 -0.377313 -0.494125 3.231801 -0.273338 -0.505864 3.306925 -0.367002 -0.825080 3.443128 -0.254535 -0.829521 3.220427 -0.380074 -0.902884 3.372282 -0.237531 -0.884984 3.147237 
-0.309474 0.596298 3.329635 -0.324932 0.401649 3.349619 -0.484604 0.303854 3.324003 -0.159241 0.322151 3.354994 -0.536461 0.046357 3.322621 -0.121861 0.065956 3.307838 -0.531992 -0.174234 3.307838 -0.094222 -0.165425 3.227582 -0.528196 -0.254560 3.214036 -0.087701 -0.246595 3.163998 -0.315001 0.112977 3.348247 -0.308406 0.058628 3.319339 -0.373874 -0.015868 3.304135 -0.235926 -0.012892 3.315140 -0.373545 -0.489472 3.175815 -0.271523 -0.506275 3.283714 -0.358334 -0.827158 3.319735 -0.253957 -0.831267 3.204627 -0.377789 -0.903189 3.246807 -0.236967 -0.888235 3.134332 
-0.307005 0.597529 3.293793 -0.319452 0.400983 3.311144 -0.480510 0.304562 3.290221 -0.153229 0.322981 3.314473 -0.534079 0.045865 3.299479 -0.115773 0.066262 3.260183 -0.529815 -0.176439 3.260183 -0.087529 -0.158138 3.211473 -0.526682 -0.256865 3.198920 -0.079492 -0.237839 3.096648 -0.311278 0.113548 3.313281 -0.305085 0.059413 3.283551 -0.371123 -0.014840 3.270854 -0.232793 -0.012933 3.277549 -0.371223 -0.482846 3.120778 -0.269791 -0.506843 3.262830 -0.351189 -0.826912 3.192194 -0.253659 -0.833437 3.191175 -0.373088 -0.901969 3.110934 -0.236783 -0.891926 3.123973 
-0.304568 0.598011 3.256701 -0.314205 0.402403 3.274874 -0.476574 0.305237 3.257606 -0.147775 0.323543 3.275944 -0.531716 0.045591 3.277726 -0.110247 0.066631 3.214327 -0.527856 -0.178451 3.214327 -0.080609 -0.151434 3.196757 -0.525307 -0.258886 3.185106 -0.072092 -0.229744 3.029769 -0.307711 0.114151 3.279158 -0.301951 0.059995 3.248317 -0.368541 -0.013948 3.237492 -0.229923 -0.013092 3.240844 -0.368452 -0.479977 3.070621 -0.268041 -0.507594 3.243690 -0.345804 -0.824589 3.071431 -0.253594 -0.836039 3.180130 -0.367353 -0.897668 2.982870 -0.236827 -0.896507 3.117054 
-0.302413 0.598659 3.223016 -0.309606 0.403764 3.240556 -0.472763 0.305799 3.225633 -0.142977 0.323316 3.237262 -0.529329 0.045654 3.255987 -0.105502 0.066561 3.171081 -0.526079 -0.180277 3.171081 -0.074810 -0.145021 3.183421 -0.524065 -0.260736 3.172526 -0.065600 -0.221349 2.969418 -0.304362 0.114379 3.244944 -0.299092 0.060184 3.213269 -0.366156 -0.013229 3.204427 -0.227310 -0.013646 3.204144 -0.366051 -0.480267 3.020742 -0.266289 -0.508336 3.225873 -0.340349 -0.823315 2.960647 -0.253762 -0.838991 3.171369 -0.361882 -0.893610 2.867948 -0.236971 -0.901420 3.112730 
-0.300566 0.598973 3.189555 -0.305025 0.405085 3.205497 -0.469422 0.305809 3.191822 -0.138824 0.322750 3.200698 -0.526538 0.045695 3.232080 -0.100955 0.065839 3.129078 -0.524468 -0.181828 3.129078 -0.069467 -0.139626 3.170146 -0.522916 -0.262358 3.160591 -0.059776 -0.214804 2.912989 -0.301233 0.114418 3.212201 -0.296347 0.060036 3.180040 -0.363830 -0.012897 3.172937 -0.224856 -0.014427 3.169994 -0.363914 -0.480671 2.974524 -0.264536 -0.509270 3.209189 -0.335212 -0.821930 2.863885 -0.254272 -0.842206 3.164770 -0.356814 -0.889604 2.766152 -0.237320 -0.906455 3.110640 
-0.299007 0.598837 3.155244 -0.300862 0.406217 3.172170 -0.466270 0.305628 3.159446 -0.135179 0.322702 3.165811 -0.523950 0.045857 3.209015 -0.096757 0.064877 3.089360 -0.523152 -0.183252 3.089360 -0.064810 -0.135166 3.157561 -0.522121 -0.263850 3.149329 -0.054767 -0.209687 2.862808 -0.298160 0.114148 3.178718 -0.293671 0.059642 3.145919 -0.361484 -0.012802 3.139938 -0.222495 -0.015368 3.135229 -0.361814 -0.481831 2.930587 -0.262880 -0.511389 3.193153 -0.330948 -0.820595 2.782315 -0.254877 -0.845218 3.159386 -0.352664 -0.886530 2.681222 -0.237706 -0.911441 3.110541 
-0.297076 0.598309 3.122567 -0.297157 0.404413 3.137694 -0.463217 0.305683 3.127126 -0.131985 0.320718 3.129430 -0.521229 0.046453 3.181498 -0.093226 0.063971 3.051709 -0.522528 -0.183139 3.051709 -0.060876 -0.131274 3.142639 -0.521778 -0.264430 3.137500 -0.050516 -0.205322 2.817554 -0.295853 0.112997 3.145076 -0.291893 0.058700 3.111923 -0.360140 -0.013063 3.106709 -0.221179 -0.016975 3.100251 -0.359849 -0.483040 2.889458 -0.260802 -0.512840 3.176862 -0.327183 -0.819625 2.710958 -0.255376 -0.848115 3.155402 -0.349178 -0.884413 2.607969 -0.238088 -0.916133 3.111486 
-0.296128 0.598109 3.088836 -0.294318 0.402372 3.102476 -0.460870 0.305960 3.094103 -0.129670 0.319140 3.094708 -0.518803 0.046910 3.154441 -0.090284 0.063098 3.016428 -0.522184 -0.182623 3.016428 -0.057470 -0.128894 3.124933 -0.522004 -0.264698 3.122026 -0.046939 -0.201803 2.776998 -0.294195 0.111741 3.110563 -0.290672 0.057700 3.077013 -0.359188 -0.013424 3.072742 -0.220368 -0.018440 3.065147 -0.358053 -0.484354 2.851399 -0.258829 -0.515346 3.160535 -0.323873 -0.820077 2.646873 -0.255806 -0.850884 3.152577 -0.345825 -0.882670 2.542156 -0.238284 -0.920693 3.114070 
-0.294553 0.597743 3.055620 -0.291781 0.400268 3.068858 -0.458553 0.306294 3.060762 -0.127908 0.317888 3.061048 -0.516601 0.048130 3.123247 -0.088207 0.061647 2.980535 -0.522294 -0.184171 2.980535 -0.054555 -0.127205 3.102854 -0.522686 -0.265556 3.103184 -0.043848 -0.199417 2.740350 -0.292905 0.110251 3.075818 -0.289809 0.056557 3.041571 -0.358582 -0.013829 3.036723 -0.220031 -0.019911 3.029063 -0.356670 -0.484898 2.815786 -0.256517 -0.518685 3.140893 -0.320887 -0.820108 2.590985 -0.256011 -0.853455 3.149496 -0.343247 -0.881310 2.484688 -0.238576 -0.925002 3.115804 
-0.293526 0.597738 3.022687 -0.289918 0.398076 3.034432 -0.456842 0.307080 3.026795 -0.126923 0.317310 3.026347 -0.514857 0.049038 3.087648 -0.086708 0.060402 2.947334 -0.522696 -0.186308 2.947334 -0.052078 -0.125877 3.071965 -0.524180 -0.266410 3.076640 -0.041212 -0.197526 2.707473 -0.292012 0.109048 3.040681 -0.289353 0.055753 3.005769 -0.358286 -0.014016 3.000794 -0.220029 -0.020920 2.993224 -0.355390 -0.485583 2.782774 -0.253549 -0.522519 3.116587 -0.318179 -0.820018 2.540927 -0.256125 -0.855332 3.145514 -0.340751 -0.880722 2.433871 -0.238781 -0.927696 3.114419 
-0.293162 0.597937 2.989266 -0.288429 0.398907 2.999791 -0.455557 0.307742 2.993370 -0.126328 0.316886 2.992756 -0.513712 0.049788 3.051230 -0.085750 0.058903 2.915745 -0.523194 -0.187441 2.915745 -0.050099 -0.125057 3.032829 -0.526607 -0.266227 3.041152 -0.039021 -0.196280 2.678047 -0.291353 0.108543 3.004755 -0.289101 0.055211 2.968906 -0.358244 -0.014066 2.962873 -0.220114 -0.021505 2.956207 -0.354006 -0.486294 2.753826 -0.250140 -0.526480 3.082717 -0.315874 -0.820361 2.496678 -0.256154 -0.856830 3.141659 -0.338170 -0.879643 2.388898 -0.238890 -0.928973 3.111679 
-0.293082 0.598146 2.954011 -0.287613 0.397161 2.964497 -0.454448 0.308541 2.958166 -0.126262 0.316316 2.959068 -0.512582 0.050411 3.008956 -0.085259 0.057695 2.885937 -0.523791 -0.188506 2.885937 -0.048880 -0.125279 2.985844 -0.529437 -0.266291 2.996182 -0.037577 -0.196075 2.651677 -0.291055 0.107728 2.969554 -0.289061 0.054615 2.933089 -0.358297 -0.014224 2.925923 -0.220359 -0.021999 2.921018 -0.352541 -0.486974 2.727524 -0.248411 -0.520293 3.027239 -0.314027 -0.821322 2.459115 -0.255128 -0.852469 3.129317 -0.335393 -0.878923 2.351669 -0.238240 -0.920469 3.094256 
-0.293855 0.598373 2.919791 -0.287294 0.399009 2.929645 -0.453915 0.309838 2.924062 -0.126632 0.316300 2.925939 -0.511985 0.051465 2.964775 -0.085147 0.056913 2.857992 -0.523649 -0.188876 2.857992 -0.048031 -0.125837 2.932211 -0.531016 -0.264952 2.941536 -0.036843 -0.196669 2.628451 -0.291285 0.107960 2.933851 -0.289601 0.054747 2.896466 -0.359081 -0.013835 2.887636 -0.221067 -0.021683 2.885237 -0.350767 -0.487854 2.703016 -0.246863 -0.512021 2.968201 -0.312686 -0.822974 2.429111 -0.252781 -0.846123 3.110234 -0.333370 -0.881462 2.328357 -0.236414 -0.909290 3.067818 
-0.294057 0.598798 2.886643 -0.287373 0.398800 2.894897 -0.453429 0.311216 2.887575 -0.127162 0.316271 2.894652 -0.511423 0.052688 2.916583 -0.085278 0.056227 2.832309 -0.523806 -0.188220 2.832309 -0.047767 -0.126864 2.873443 -0.531823 -0.262289 2.878066 -0.037254 -0.198191 2.608038 -0.291931 0.108157 2.899720 -0.290278 0.054979 2.861768 -0.359939 -0.013415 2.851104 -0.221873 -0.021209 2.851840 -0.348993 -0.488607 2.680396 -0.244968 -0.502483 2.904832 -0.311884 -0.825168 2.407132 -0.249756 -0.838758 3.080207 -0.331685 -0.885151 2.315383 -0.233328 -0.896941 3.028803 
-0.294168 0.600047 2.852385 -0.287691 0.398979 2.862026 -0.453037 0.313228 2.852139 -0.128331 0.317499 2.863661 -0.511086 0.054694 2.866628 -0.085772 0.056011 2.808485 -0.524461 -0.184225 2.808485 -0.047919 -0.128095 2.811647 -0.533775 -0.258291 2.810384 -0.038325 -0.200141 2.590379 -0.292696 0.108790 2.866438 -0.291057 0.055813 2.827870 -0.360731 -0.012301 2.814862 -0.222809 -0.020103 2.819888 -0.347110 -0.489276 2.659002 -0.243313 -0.490987 2.838635 -0.311544 -0.827843 2.392662 -0.245745 -0.829750 3.038074 -0.330333 -0.889621 2.311126 -0.230814 -0.891479 2.995841 
-0.294297 0.601610 2.819036 -0.288284 0.402285 2.827750 -0.452894 0.315427 2.816227 -0.129691 0.318976 2.833445 -0.510698 0.057400 2.816603 -0.086715 0.055831 2.785817 -0.524573 -0.177602 2.785817 -0.048404 -0.129490 2.747492 -0.534968 -0.250977 2.735890 -0.040054 -0.202939 2.575433 -0.293464 0.110353 2.833124 -0.291684 0.057142 2.794290 -0.361232 -0.010809 2.778805 -0.223602 -0.018562 2.788859 -0.345652 -0.490077 2.639474 -0.244737 -0.486311 2.775715 -0.311687 -0.830960 2.385313 -0.241747 -0.828446 2.983498 -0.327693 -0.891166 2.307131 -0.232512 -0.890314 2.935881 
-0.294486 0.603434 2.785372 -0.289181 0.406014 2.795270 -0.452775 0.317687 2.780485 -0.131242 0.320704 2.803829 -0.510266 0.060285 2.764982 -0.087988 0.056127 2.763986 -0.525703 -0.168701 2.763986 -0.048949 -0.130332 2.674586 -0.535889 -0.242046 2.656104 -0.042136 -0.205224 2.562887 -0.294191 0.112254 2.801395 -0.292135 0.058797 2.762204 -0.361364 -0.009058 2.744051 -0.224198 -0.016684 2.759487 -0.344783 -0.490693 2.621804 -0.245303 -0.481691 2.712359 -0.311920 -0.834280 2.383212 -0.238149 -0.826558 2.942669 -0.325644 -0.895917 2.315964 -0.231759 -0.889648 2.867306 
-0.294986 0.606145 2.751041 -0.290252 0.407542 2.762036 -0.452804 0.319908 2.744219 -0.132891 0.322710 2.774577 -0.510246 0.064233 2.711975 -0.089451 0.056782 2.743630 -0.526550 -0.157500 2.743630 -0.049726 -0.131192 2.600864 -0.535918 -0.230514 2.574099 -0.044683 -0.207494 2.551913 -0.294949 0.114095 2.769800 -0.292508 0.060599 2.730651 -0.361356 -0.007299 2.710039 -0.224680 -0.014618 2.730687 -0.344173 -0.491533 2.605766 -0.243850 -0.476636 2.645549 -0.309982 -0.837932 2.380507 -0.232682 -0.828258 2.844979 -0.320850 -0.899766 2.318522 -0.225958 -0.887125 2.761082 
-0.295050 0.608354 2.717409 -0.291951 0.411581 2.729194 -0.452800 0.321901 2.709051 -0.134828 0.325262 2.745079 -0.510413 0.068603 2.660218 -0.091140 0.057810 2.724418 -0.526825 -0.145684 2.724418 -0.050599 -0.131794 2.526720 -0.535258 -0.217917 2.493435 -0.047362 -0.209383 2.542320 -0.295640 0.116228 2.739144 -0.292763 0.062452 2.700002 -0.361077 -0.005609 2.677203 -0.225016 -0.012334 2.702698 -0.343759 -0.492596 2.591165 -0.242990 -0.472706 2.586973 -0.310098 -0.843652 2.384972 -0.227570 -0.829078 2.733436 -0.320748 -0.906693 2.331991 -0.220234 -0.889063 2.655857 
-0.294869 0.610380 2.684778 -0.293648 0.415559 2.697657 -0.452578 0.323335 2.672389 -0.136708 0.327553 2.716389 -0.510124 0.073010 2.609344 -0.093015 0.058670 2.705149 -0.526298 -0.133141 2.705149 -0.051644 -0.132387 2.454277 -0.533775 -0.205123 2.415024 -0.049403 -0.210368 2.532197 -0.296407 0.118229 2.708371 -0.292894 0.064104 2.669440 -0.360577 -0.004263 2.644039 -0.225217 -0.010179 2.675297 -0.343542 -0.493898 2.577714 -0.242073 -0.469911 2.528860 -0.310486 -0.849309 2.392693 -0.223305 -0.825643 2.613149 -0.320097 -0.912049 2.341857 -0.214370 -0.881331 2.530760 
-0.294392 0.611660 2.651449 -0.294996 0.419138 2.664854 -0.452436 0.324313 2.637811 -0.138781 0.329579 2.685559 -0.509504 0.077093 2.561853 -0.095014 0.059953 2.685844 -0.525092 -0.120576 2.685844 -0.052753 -0.132960 2.385118 -0.531542 -0.191966 2.339504 -0.050947 -0.211299 2.522939 -0.296690 0.120062 2.677444 -0.292720 0.065515 2.638803 -0.359824 -0.003248 2.611730 -0.225067 -0.008098 2.647157 -0.343420 -0.495029 2.565340 -0.240461 -0.464691 2.474426 -0.311287 -0.854454 2.402156 -0.218813 -0.817503 2.495210 -0.320006 -0.917308 2.354106 -0.209468 -0.869286 2.409063 
-0.293800 0.612732 2.619249 -0.296145 0.422324 2.634040 -0.451999 0.324740 2.601754 -0.140462 0.331230 2.656334 -0.508407 0.080869 2.514410 -0.096889 0.060609 2.666608 -0.523421 -0.109001 2.666608 -0.053870 -0.133568 2.320098 -0.529267 -0.180033 2.271364 -0.052384 -0.212165 2.514502 -0.296883 0.121590 2.647321 -0.292269 0.066689 2.609000 -0.358688 -0.002572 2.579675 -0.224684 -0.006292 2.620151 -0.343413 -0.496068 2.553728 -0.238429 -0.459230 2.424517 -0.312424 -0.859005 2.412560 -0.215025 -0.806160 2.385770 -0.320261 -0.922361 2.367201 -0.204220 -0.854395 2.297258 
-0.292827 0.613166 2.585036 -0.297001 0.425043 2.601771 -0.451534 0.324784 2.567643 -0.141846 0.332350 2.625230 -0.507122 0.084016 2.470500 -0.099099 0.061256 2.644499 -0.521148 -0.099046 2.644499 -0.055356 -0.134279 2.258665 -0.526385 -0.169055 2.206634 -0.053825 -0.212954 2.506439 -0.296638 0.122856 2.615473 -0.291525 0.067637 2.577329 -0.357360 -0.002168 2.546571 -0.223927 -0.004662 2.590840 -0.343539 -0.497137 2.541941 -0.236520 -0.454241 2.380448 -0.313762 -0.863076 2.424003 -0.211176 -0.794391 2.288834 -0.320935 -0.927025 2.381119 -0.199823 -0.839619 2.198476 
-0.291704 0.613267 2.552376 -0.297790 0.427376 2.569919 -0.450673 0.324054 2.531873 -0.142968 0.333189 2.594959 -0.505890 0.087085 2.426419 -0.101305 0.064999 2.619935 -0.518710 -0.090208 2.619935 -0.056961 -0.135045 2.203261 -0.523275 -0.159580 2.148354 -0.055248 -0.213675 2.498832 -0.296364 0.123846 2.584053 -0.290572 0.068319 2.546236 -0.355752 -0.002079 2.513688 -0.222944 -0.003280 2.562091 -0.343813 -0.498149 2.530751 -0.233701 -0.448155 2.335736 -0.315303 -0.866787 2.436095 -0.207718 -0.783891 2.204062 -0.322159 -0.931303 2.396280 -0.195320 -0.826632 2.112638 
-0.289926 0.612497 2.519292 -0.298147 0.429065 2.536874 -0.449435 0.322871 2.496773 -0.143619 0.333001 2.562599 -0.504107 0.089090 2.385821 -0.102901 0.064977 2.593634 -0.516034 -0.082541 2.593634 -0.058579 -0.136544 2.152760 -0.519640 -0.151425 2.094505 -0.056643 -0.214565 2.490694 -0.295448 0.124145 2.551008 -0.289042 0.068313 2.513358 -0.353531 -0.002661 2.479473 -0.221409 -0.002499 2.531359 -0.344322 -0.499150 2.518579 -0.231072 -0.442935 2.294022 -0.316849 -0.868399 2.445754 -0.204732 -0.775033 2.130797 -0.323487 -0.934989 2.410856 -0.191706 -0.815689 2.038491 
-0.287587 0.611616 2.485162 -0.298228 0.430480 2.504910 -0.447901 0.321338 2.460705 -0.143819 0.332555 2.529353 -0.501710 0.090120 2.346620 -0.104134 0.064829 2.564041 -0.513141 -0.076445 2.564041 -0.060241 -0.138258 2.105983 -0.516205 -0.144846 2.046670 -0.058220 -0.216708 2.479487 -0.294229 0.124135 2.517798 -0.287148 0.068074 2.480000 -0.350894 -0.003536 2.444222 -0.219437 -0.002015 2.499578 -0.344953 -0.499868 2.504223 -0.228784 -0.438153 2.256283 -0.318437 -0.869865 2.455237 -0.202276 -0.767084 2.067102 -0.323656 -0.936365 2.420381 -0.188634 -0.805956 1.974005 
-0.284719 0.610572 2.451353 -0.297591 0.431783 2.471248 -0.445778 0.319705 2.424721 -0.143231 0.331790 2.495879 -0.499086 0.090592 2.308350 -0.104664 0.064207 2.532833 -0.510326 -0.071489 2.532833 -0.061996 -0.140428 2.064150 -0.512920 -0.139550 2.004032 -0.059888 -0.219597 2.464145 -0.292429 0.123875 2.482296 -0.284664 0.067592 2.444168 -0.347799 -0.004547 2.407256 -0.216870 -0.001880 2.464853 -0.345680 -0.497341 2.484074 -0.226836 -0.434176 2.221727 -0.320068 -0.869388 2.462645 -0.199994 -0.762265 2.011185 -0.324870 -0.937438 2.431359 -0.185814 -0.799883 1.916969 
-0.281292 0.609818 2.416857 -0.296026 0.430093 2.435412 -0.443099 0.318139 2.388308 -0.141645 0.330809 2.462077 -0.496169 0.090578 2.272497 -0.104675 0.063770 2.496901 -0.507751 -0.067243 2.496901 -0.063240 -0.143725 2.027243 -0.509847 -0.135185 1.966040 -0.061286 -0.223798 2.443523 -0.290159 0.123310 2.445792 -0.281720 0.067292 2.407301 -0.344299 -0.005412 2.368861 -0.213728 -0.001662 2.428328 -0.346247 -0.495797 2.460122 -0.224824 -0.430245 2.188277 -0.321394 -0.869683 2.468264 -0.197923 -0.757953 1.960983 -0.325164 -0.936921 2.437814 -0.183236 -0.794536 1.865728 
-0.277791 0.609189 2.382219 -0.293939 0.428100 2.400107 -0.439652 0.316597 2.351014 -0.139542 0.330063 2.425177 -0.492806 0.089738 2.237644 -0.103813 0.063633 2.458400 -0.505109 -0.064237 2.458400 -0.063393 -0.145308 1.994435 -0.506908 -0.131690 1.932075 -0.061293 -0.226588 2.415478 -0.287026 0.122366 2.407944 -0.278001 0.066832 2.368832 -0.340052 -0.006269 2.329434 -0.209905 -0.001534 2.390176 -0.346140 -0.492945 2.427960 -0.222630 -0.426590 2.156115 -0.322872 -0.868481 2.472350 -0.196049 -0.754174 1.915690 -0.325492 -0.933288 2.440910 -0.180903 -0.790033 1.819572 
-0.274168 0.608915 2.348062 -0.291181 0.429235 2.364457 -0.436047 0.315466 2.314887 -0.136652 0.329290 2.388478 -0.489449 0.088708 2.205553 -0.101724 0.062825 2.415250 -0.502462 -0.062112 2.415250 -0.063031 -0.149469 1.965063 -0.503934 -0.129243 1.901775 -0.061229 -0.232195 2.377568 -0.283343 0.122326 2.369798 -0.273785 0.066835 2.329875 -0.335514 -0.006452 2.289541 -0.205285 -0.001305 2.350464 -0.344737 -0.488083 2.384708 -0.221194 -0.423357 2.126631 -0.324513 -0.864308 2.472405 -0.194239 -0.751042 1.874859 -0.325562 -0.925090 2.437129 -0.178578 -0.786457 1.778161 
-0.270389 0.608892 2.313356 -0.287875 0.430562 2.329142 -0.432193 0.314389 2.279117 -0.133087 0.328601 2.350912 -0.486106 0.087450 2.175397 -0.098727 0.062291 2.370099 -0.499521 -0.061360 2.370099 -0.061689 -0.153435 1.938921 -0.500828 -0.128103 1.875283 -0.059852 -0.237663 2.330398 -0.279215 0.122315 2.331267 -0.269252 0.066834 2.290345 -0.330935 -0.006442 2.250447 -0.200377 -0.001299 2.309633 -0.343611 -0.485048 2.334028 -0.220605 -0.420540 2.099100 -0.326324 -0.859186 2.467803 -0.192255 -0.748785 1.838647 -0.325751 -0.919751 2.433510 -0.176066 -0.783949 1.741712 
-0.266300 0.609184 2.278382 -0.284183 0.432439 2.294146 -0.428342 0.313901 2.244674 -0.128874 0.328195 2.312730 -0.482911 0.086242 2.148113 -0.094940 0.062359 2.323702 -0.496348 -0.061917 2.323702 -0.059482 -0.156290 1.916069 -0.497547 -0.128301 1.852754 -0.057401 -0.241637 2.273619 -0.274997 0.122885 2.293758 -0.264836 0.067397 2.251906 -0.326633 -0.005745 2.212604 -0.195527 -0.000832 2.269272 -0.342132 -0.482381 2.296087 -0.220406 -0.417921 2.073312 -0.327815 -0.852977 2.454715 -0.190228 -0.747366 1.807202 -0.325707 -0.913591 2.423942 -0.173652 -0.782409 1.710342 
-0.262249 0.609529 2.243808 -0.280103 0.434461 2.258695 -0.424660 0.313875 2.212000 -0.124709 0.329734 2.274148 -0.479930 0.085195 2.123163 -0.090208 0.063001 2.274634 -0.493066 -0.063755 2.274634 -0.056041 -0.157949 1.896361 -0.494264 -0.130155 1.834311 -0.053927 -0.244117 2.210841 -0.270727 0.123828 2.256352 -0.260671 0.068366 2.213629 -0.322764 -0.004710 2.176700 -0.190979 0.000253 2.227364 -0.338713 -0.472284 2.231417 -0.220358 -0.415955 2.047966 -0.328573 -0.840325 2.423728 -0.188314 -0.747288 1.781189 -0.324853 -0.895358 2.381912 -0.171660 -0.782015 1.684641 
-0.258150 0.610193 2.210036 -0.275817 0.436866 2.223731 -0.421202 0.314292 2.180486 -0.120496 0.331477 2.236552 -0.477161 0.084108 2.100204 -0.084884 0.063789 2.223658 -0.489808 -0.066486 2.223658 -0.052491 -0.156223 1.879798 -0.491271 -0.133191 1.819968 -0.049510 -0.242162 2.143656 -0.266512 0.125110 2.220060 -0.256663 0.069639 2.176578 -0.319146 -0.003289 2.141889 -0.186656 0.001493 2.187390 -0.334394 -0.461259 2.164824 -0.220407 -0.414329 2.024469 -0.327803 -0.826036 2.382663 -0.186495 -0.748080 1.760212 -0.322409 -0.875699 2.329362 -0.169883 -0.782587 1.664269 
-0.254099 0.611388 2.175537 -0.271352 0.439602 2.189771 -0.417869 0.315218 2.150520 -0.116115 0.333178 2.198529 -0.474604 0.083344 2.079419 -0.079184 0.064370 2.172072 -0.486710 -0.069818 2.172072 -0.047813 -0.153199 1.866091 -0.488680 -0.137147 1.809595 -0.044016 -0.238376 2.071619 -0.262649 0.126576 2.185163 -0.253300 0.071059 2.140936 -0.316215 -0.001653 2.109086 -0.183255 0.002814 2.148007 -0.330204 -0.450114 2.100375 -0.220503 -0.413064 2.002779 -0.327342 -0.816637 2.350464 -0.184779 -0.749856 1.744290 -0.320055 -0.857458 2.265963 -0.168492 -0.784235 1.649196 
-0.250255 0.612715 2.142362 -0.266470 0.442632 2.155798 -0.414614 0.316610 2.121149 -0.111808 0.334953 2.161744 -0.472266 0.082917 2.060512 -0.073226 0.066773 2.121908 -0.483827 -0.073564 2.121908 -0.042797 -0.147152 1.855043 -0.486334 -0.141855 1.802850 -0.038453 -0.231215 1.997926 -0.259155 0.128426 2.151353 -0.250432 0.072818 2.106585 -0.313869 0.000362 2.077725 -0.180501 0.004382 2.110417 -0.326011 -0.438629 2.037895 -0.219914 -0.411865 1.982890 -0.327875 -0.787568 2.250162 -0.184429 -0.752350 1.732838 -0.320553 -0.824436 2.201928 -0.168631 -0.786933 1.638974 
-0.246437 0.614474 2.109399 -0.261591 0.445742 2.122761 -0.411260 0.318361 2.092674 -0.107284 0.336636 2.125312 -0.470065 0.082742 2.043099 -0.067435 0.069841 2.073875 -0.481282 -0.077630 2.073875 -0.037760 -0.139483 1.846637 -0.484388 -0.146867 1.799326 -0.032828 -0.222067 1.924522 -0.255651 0.130612 2.118268 -0.247669 0.074983 2.072963 -0.311706 0.002872 2.047215 -0.177848 0.006312 2.073357 -0.322585 -0.426943 1.977670 -0.218148 -0.411958 1.964673 -0.326925 -0.777327 2.190408 -0.184914 -0.755445 1.725260 -0.319102 -0.811905 2.139478 -0.169804 -0.790091 1.632654 
-0.242638 0.616418 2.072178 -0.256183 0.448931 2.085283 -0.407589 0.320750 2.060497 -0.102619 0.338893 2.084194 -0.467772 0.083011 2.026013 -0.060807 0.074557 2.020040 -0.479158 -0.081526 2.020040 -0.031794 -0.128524 1.839745 -0.482823 -0.151786 1.797981 -0.026851 -0.208250 1.841734 -0.252240 0.133261 2.081731 -0.245271 0.077629 2.036036 -0.309992 0.006120 2.014056 -0.175817 0.008555 2.032809 -0.319983 -0.415060 1.915882 -0.216354 -0.410797 1.947317 -0.324571 -0.767858 2.109030 -0.185557 -0.757854 1.721164 -0.316337 -0.801898 2.052858 -0.171400 -0.793392 1.630405 
-0.239203 0.618339 2.036518 -0.251170 0.451747 2.049614 -0.404238 0.323139 2.030159 -0.098434 0.340786 2.044996 -0.465554 0.083468 2.009918 -0.054954 0.079105 1.971370 -0.477293 -0.085428 1.971370 -0.026520 -0.117400 1.834629 -0.481483 -0.156652 1.798661 -0.021376 -0.193981 1.765911 -0.249104 0.135742 2.047192 -0.243187 0.080120 2.001188 -0.308541 0.009200 1.982687 -0.174129 0.010692 1.994789 -0.317072 -0.405761 1.858830 -0.214194 -0.411011 1.931279 -0.322351 -0.760760 2.022434 -0.186658 -0.761051 1.720617 -0.314283 -0.793368 1.960162 -0.173498 -0.796809 1.631299 
-0.236554 0.619430 1.995474 -0.246112 0.453530 2.008579 -0.400876 0.325209 1.994280 -0.094258 0.341842 2.000856 -0.463126 0.084376 1.991618 -0.049382 0.084188 1.918267 -0.475666 -0.087843 1.918267 -0.021484 -0.105509 1.828210 -0.480285 -0.160438 1.798002 -0.016288 -0.179286 1.686961 -0.246010 0.137794 2.007652 -0.241230 0.082273 1.961410 -0.307391 0.012092 1.946554 -0.172484 0.012388 1.951957 -0.314182 -0.397052 1.802782 -0.211557 -0.411435 1.915185 -0.318956 -0.752963 1.924863 -0.187997 -0.759769 1.726565 -0.311040 -0.785968 1.855504 -0.176191 -0.795572 1.639023 
-0.233907 0.619975 1.955688 -0.241523 0.454787 1.969190 -0.397861 0.326958 1.959723 -0.090633 0.342579 1.959333 -0.460617 0.085501 1.973125 -0.044655 0.088114 1.869041 -0.474151 -0.090030 1.869041 -0.017245 -0.095322 1.822499 -0.479014 -0.163345 1.796537 -0.012136 -0.166720 1.616315 -0.243202 0.139458 1.969754 -0.239497 0.084046 1.923327 -0.306389 0.014557 1.911601 -0.171066 0.013799 1.911419 -0.311749 -0.389723 1.752024 -0.208728 -0.412029 1.899689 -0.314315 -0.745876 1.830781 -0.189420 -0.757767 1.733992 -0.306436 -0.779379 1.754952 -0.178941 -0.793603 1.648041 
-0.232124 0.620085 1.916227 -0.237386 0.455255 1.929404 -0.395437 0.328164 1.923953 -0.087691 0.342764 1.917349 -0.457999 0.086364 1.952082 -0.040476 0.091328 1.820750 -0.472844 -0.092012 1.820750 -0.013672 -0.086790 1.816615 -0.478014 -0.166563 1.794416 -0.008584 -0.156592 1.552751 -0.240717 0.140482 1.930889 -0.238093 0.085243 1.884222 -0.305710 0.016505 1.875312 -0.169973 0.014583 1.869930 -0.309454 -0.383568 1.703067 -0.205652 -0.412852 1.883776 -0.308982 -0.739836 1.739125 -0.190784 -0.755103 1.741422 -0.301130 -0.773894 1.657418 -0.181588 -0.790948 1.656836 
-0.231118 0.619773 1.877723 -0.233915 0.455276 1.890634 -0.393306 0.328751 1.887934 -0.085156 0.342128 1.876525 -0.455606 0.087612 1.929831 -0.036844 0.093528 1.774778 -0.471693 -0.094426 1.774778 -0.010708 -0.079731 1.810802 -0.477054 -0.169355 1.792070 -0.005767 -0.148050 1.495743 -0.238784 0.140938 1.892451 -0.237166 0.085874 1.845488 -0.305483 0.017862 1.838777 -0.169320 0.014870 1.829348 -0.307278 -0.378637 1.657500 -0.202732 -0.413258 1.866127 -0.303837 -0.735316 1.654763 -0.192071 -0.751662 1.747575 -0.295989 -0.769950 1.567996 -0.184005 -0.787501 1.664122 
-0.230893 0.618708 1.839424 -0.231208 0.454744 1.851970 -0.391763 0.328748 1.851234 -0.083268 0.340972 1.836125 -0.453384 0.088820 1.903893 -0.033849 0.095113 1.731379 -0.470851 -0.097231 1.731379 -0.008298 -0.074318 1.804364 -0.476356 -0.172307 1.788961 -0.003386 -0.141501 1.444700 -0.237316 0.140670 1.853270 -0.236617 0.085799 1.805908 -0.305524 0.018469 1.801050 -0.169025 0.014492 1.787827 -0.305638 -0.374866 1.613068 -0.199678 -0.413621 1.847359 -0.295310 -0.732132 1.579130 -0.193220 -0.751351 1.752059 -0.286564 -0.767425 1.488187 -0.186142 -0.787659 1.669990 
-0.231136 0.617276 1.802181 -0.229283 0.453984 1.814206 -0.390535 0.328489 1.814273 -0.082107 0.339366 1.796145 -0.451685 0.089931 1.875532 -0.031639 0.095739 1.689992 -0.470377 -0.100354 1.689992 -0.006344 -0.070453 1.795242 -0.476227 -0.176489 1.782799 -0.001455 -0.136448 1.399294 -0.236303 0.139914 1.814453 -0.236430 0.085211 1.766647 -0.305762 0.018571 1.762952 -0.169079 0.013769 1.747396 -0.304971 -0.372015 1.570527 -0.196212 -0.414327 1.823822 -0.281503 -0.727741 1.512277 -0.193897 -0.748923 1.754446 -0.270952 -0.761842 1.418897 -0.187586 -0.786182 1.672795 
-0.231906 0.616085 1.764840 -0.227821 0.453416 1.776180 -0.389794 0.327899 1.776810 -0.081477 0.337778 1.757494 -0.450653 0.090980 1.842238 -0.030120 0.095838 1.651130 -0.470852 -0.106512 1.651130 -0.004737 -0.067416 1.780375 -0.476752 -0.182505 1.771369 0.000232 -0.132079 1.359323 -0.235915 0.139080 1.775510 -0.236789 0.084463 1.727322 -0.306459 0.018534 1.724830 -0.169820 0.012873 1.706721 -0.304856 -0.369740 1.530036 -0.192696 -0.415380 1.792991 -0.266271 -0.722360 1.455500 -0.194395 -0.746517 1.755022 -0.254102 -0.754264 1.360013 -0.188830 -0.784718 1.674528 
-0.232965 0.614523 1.728627 -0.227015 0.452379 1.739173 -0.389433 0.326965 1.738928 -0.081388 0.336016 1.719324 -0.450319 0.090842 1.806374 -0.029265 0.095363 1.614599 -0.471243 -0.114079 1.614599 -0.003485 -0.065578 1.755370 -0.477308 -0.190843 1.750710 0.001490 -0.128993 1.323349 -0.235933 0.137560 1.736652 -0.237441 0.083051 1.687968 -0.307468 0.017783 1.685198 -0.170686 0.011418 1.667183 -0.304985 -0.368633 1.491336 -0.188487 -0.421543 1.762918 -0.259257 -0.717797 1.404204 -0.194767 -0.746109 1.756076 -0.247601 -0.745394 1.309042 -0.189850 -0.784603 1.676295 
-0.234013 0.613137 1.692478 -0.227227 0.451520 1.702616 -0.389676 0.326031 1.701337 -0.081793 0.334053 1.682377 -0.450627 0.090783 1.765821 -0.028925 0.094470 1.580799 -0.471250 -0.122091 1.580799 -0.002481 -0.064120 1.718956 -0.479164 -0.199097 1.720693 0.002205 -0.127282 1.291253 -0.236619 0.135770 1.698831 -0.238605 0.081224 1.649759 -0.308933 0.016480 1.646729 -0.171930 0.009627 1.629084 -0.305231 -0.368340 1.456554 -0.185277 -0.424529 1.715192 -0.252700 -0.713732 1.357753 -0.195487 -0.744341 1.747415 -0.241603 -0.736857 1.263288 -0.191060 -0.777471 1.670916 
-0.235068 0.611749 1.656759 -0.228147 0.450718 1.667021 -0.390480 0.324939 1.663849 -0.082819 0.332093 1.646338 -0.451825 0.090178 1.721375 -0.029250 0.093076 1.549362 -0.472537 -0.129657 1.549362 -0.001922 -0.063559 1.677703 -0.481558 -0.206684 1.679718 0.002358 -0.127005 1.263199 -0.237668 0.133574 1.661645 -0.239973 0.078894 1.612173 -0.310520 0.014387 1.607821 -0.173255 0.007553 1.592490 -0.304119 -0.368891 1.424867 -0.186017 -0.427428 1.660108 -0.247148 -0.713178 1.314443 -0.198812 -0.749870 1.716885 -0.236023 -0.735964 1.218695 -0.195162 -0.784268 1.639784 
-0.236788 0.610716 1.617071 -0.231006 0.450206 1.626796 -0.392009 0.323109 1.621147 -0.085380 0.329892 1.606920 -0.454246 0.089024 1.664998 -0.030861 0.092125 1.518631 -0.474968 -0.135571 1.518631 -0.002055 -0.063818 1.616029 -0.483747 -0.211198 1.613631 0.001615 -0.128394 1.239454 -0.239307 0.131286 1.620788 -0.241534 0.076348 1.571126 -0.311945 0.012093 1.564834 -0.174567 0.005544 1.553502 -0.301551 -0.370258 1.392908 -0.187197 -0.429055 1.615406 -0.240970 -0.713372 1.274106 -0.206089 -0.756058 1.671888 -0.229662 -0.736180 1.177237 -0.203219 -0.792226 1.593664 
-0.237944 0.609954 1.585962 -0.234096 0.449870 1.589134 -0.393482 0.321855 1.580686 -0.088470 0.328272 1.569942 -0.456995 0.087909 1.608226 -0.032546 0.091226 1.491096 -0.477125 -0.136877 1.491096 -0.002844 -0.064760 1.550232 -0.486202 -0.212070 1.538970 0.000107 -0.131222 1.220087 -0.240844 0.129362 1.583167 -0.242866 0.074167 1.533429 -0.312992 0.010149 1.524929 -0.175659 0.003998 1.518143 -0.299865 -0.371805 1.364453 -0.186570 -0.427354 1.539701 -0.236252 -0.713930 1.238200 -0.207010 -0.760107 1.600759 -0.224916 -0.736991 1.140397 -0.204405 -0.798347 1.520752 
-0.238201 0.608752 1.554579 -0.237616 0.449571 1.552127 -0.394953 0.320901 1.540719 -0.092182 0.326757 1.533903 -0.459958 0.087078 1.550529 -0.034617 0.090581 1.465646 -0.479452 -0.135883 1.465646 -0.004358 -0.066273 1.479837 -0.487594 -0.210191 1.460225 -0.002750 -0.135531 1.205160 -0.242444 0.127655 1.546916 -0.244099 0.072193 1.497269 -0.313799 0.008399 1.486195 -0.176649 0.002793 1.484984 -0.297105 -0.373519 1.335856 -0.186355 -0.423439 1.463540 -0.235002 -0.711663 1.208651 -0.207900 -0.761646 1.519155 -0.222242 -0.730788 1.113316 -0.205337 -0.801985 1.437256 
