81
-0.275723 1.060754 3.510973 -0.288226 0.875048 3.552670 -0.474795 0.738779 3.554405 -0.092816 0.739240 3.581273 -0.555223 0.454206 3.579600 0.000591 0.484241 3.657087 -0.565664 0.197015 3.657087 0.025960 0.212354 3.546378 -0.563421 0.102590 3.541128 0.045107 0.134633 3.665599 -0.279108 0.497872 3.571140 -0.276698 0.422304 3.567091 -0.360094 0.336793 3.562223 -0.189327 0.335882 3.571804 -0.356491 -0.211338 3.685826 -0.170266 -0.225590 3.596080 -0.323458 -0.569233 3.736525 -0.168081 -0.578726 3.675813 -0.348832 -0.629414 3.683038 -0.122202 -0.643129 3.593399 
-0.278878 1.061074 3.506469 -0.285341 0.878572 3.551083 -0.475439 0.744671 3.548816 -0.095540 0.740713 3.572760 -0.555108 0.453990 3.566425 -0.003758 0.483439 3.655257 -0.568136 0.196990 3.655257 0.021534 0.211666 3.532656 -0.561439 0.088345 3.535969 0.038368 0.134001 3.667917 -0.279041 0.499080 3.568163 -0.277146 0.423325 3.564715 -0.360916 0.338112 3.558708 -0.190525 0.337340 3.569344 -0.357142 -0.215465 3.685110 -0.171709 -0.220505 3.585686 -0.321512 -0.573922 3.730306 -0.173677 -0.568683 3.661537 -0.353044 -0.633714 3.679885 -0.144803 -0.628162 3.568553 
-0.280580 1.059742 3.501022 -0.285926 0.877531 3.547741 -0.480250 0.740226 3.539958 -0.097737 0.739802 3.569725 -0.556910 0.446931 3.556483 -0.007799 0.481461 3.650479 -0.567107 0.189577 3.650479 0.019507 0.211119 3.526470 -0.562080 0.081804 3.512769 0.071504 0.187045 3.709628 -0.280972 0.498007 3.562286 -0.279278 0.422278 3.559095 -0.363400 0.335919 3.552338 -0.192884 0.336862 3.563975 -0.357701 -0.216480 3.683714 -0.168681 -0.222532 3.564942 -0.319097 -0.576706 3.715320 -0.173246 -0.564175 3.612062 -0.356491 -0.639080 3.672454 -0.165383 -0.629407 3.555694 
-0.280885 1.060072 3.493230 -0.287317 0.880752 3.542181 -0.480830 0.743765 3.534622 -0.098899 0.740634 3.565510 -0.560512 0.444289 3.542881 -0.009591 0.482517 3.644950 -0.558542 0.187562 3.644950 0.015076 0.209166 3.502692 -0.558364 0.101656 3.506665 0.068638 0.168686 3.692148 -0.282557 0.500943 3.555336 -0.280881 0.425102 3.552439 -0.365307 0.338507 3.545374 -0.194166 0.340018 3.557554 -0.357693 -0.217770 3.681544 -0.173738 -0.219700 3.554940 -0.317349 -0.572834 3.703518 -0.171328 -0.584664 3.558383 -0.359820 -0.639600 3.673847 -0.158663 -0.637889 3.493973 
-0.280177 1.054323 3.484330 -0.297033 0.873171 3.534515 -0.482698 0.743578 3.528491 -0.098811 0.734951 3.559903 -0.563189 0.454575 3.532971 -0.010767 0.482175 3.641098 -0.562621 0.198260 3.641098 0.013588 0.208792 3.489493 -0.546309 0.116147 3.481911 0.046181 0.144173 3.679840 -0.285354 0.498874 3.549560 -0.282855 0.423671 3.547656 -0.366650 0.336572 3.540975 -0.195102 0.338181 3.552602 -0.360476 -0.237227 3.677728 -0.178468 -0.218516 3.547918 -0.314222 -0.590086 3.676791 -0.172071 -0.580477 3.549792 -0.374382 -0.647868 3.662628 -0.192465 -0.637163 3.490384 
-0.278793 1.058646 3.480721 -0.304334 0.873349 3.528410 -0.482143 0.751258 3.517242 -0.099348 0.729964 3.554533 -0.563430 0.461266 3.526569 -0.011634 0.480386 3.634910 -0.562467 0.207167 3.634910 0.010913 0.205758 3.468102 -0.545263 0.123417 3.445565 0.041631 0.140750 3.675696 -0.288792 0.496812 3.541598 -0.285302 0.421360 3.539790 -0.367619 0.334697 3.533676 -0.196734 0.335528 3.544098 -0.359973 -0.240961 3.673581 -0.183126 -0.220484 3.526036 -0.354814 -0.560259 3.735153 -0.173169 -0.555500 3.499635 -0.397459 -0.633220 3.731142 -0.172774 -0.632441 3.414886 
-0.268946 1.050866 3.466853 -0.299922 0.868081 3.521128 -0.478933 0.743540 3.504685 -0.099131 0.726266 3.546238 -0.564094 0.457264 3.520107 -0.013666 0.475955 3.620272 -0.562284 0.211915 3.620272 0.009195 0.203503 3.426510 -0.542490 0.126830 3.420558 0.055790 0.194827 3.702259 -0.288446 0.490193 3.532511 -0.285566 0.414549 3.530537 -0.368091 0.327038 3.520012 -0.198048 0.330146 3.538182 -0.362626 -0.242005 3.670811 -0.198058 -0.239422 3.522713 -0.346981 -0.571377 3.713955 -0.182011 -0.567205 3.466241 -0.344727 -0.635971 3.659415 -0.183308 -0.638806 3.377006 
-0.278050 1.055358 3.458081 -0.291018 0.868100 3.503868 -0.479974 0.739080 3.495809 -0.110541 0.758939 3.521583 -0.562251 0.456274 3.512559 -0.019057 0.482057 3.602245 -0.562171 0.215003 3.602245 0.002862 0.199195 3.407232 -0.544707 0.140474 3.409458 0.010169 0.104907 3.623033 -0.283579 0.494524 3.516660 -0.281584 0.419775 3.515244 -0.363370 0.332095 3.503045 -0.196052 0.337425 3.525298 -0.365616 -0.240931 3.656359 -0.195623 -0.228847 3.501524 -0.347537 -0.574097 3.711596 -0.183715 -0.558639 3.405881 -0.387613 -0.648094 3.719683 -0.171111 -0.627883 3.315722 
-0.278096 1.057240 3.454235 -0.288286 0.867572 3.500530 -0.473675 0.734158 3.476745 -0.102710 0.745301 3.518699 -0.564108 0.462160 3.494650 -0.019691 0.479792 3.592015 -0.561143 0.219524 3.592015 0.003883 0.199437 3.393324 -0.541187 0.147661 3.386167 0.011740 0.105985 3.625383 -0.281260 0.491183 3.509345 -0.279092 0.415824 3.506815 -0.361566 0.327194 3.493570 -0.193457 0.334347 3.516520 -0.303305 -0.259885 3.576631 -0.201221 -0.222768 3.493596 -0.349896 -0.573830 3.715643 -0.185172 -0.557864 3.377634 -0.340591 -0.620976 3.628523 -0.171808 -0.631124 3.311621 
-0.266321 1.048938 3.435826 -0.282873 0.852451 3.444325 -0.470402 0.733924 3.463302 -0.097882 0.738912 3.511229 -0.560970 0.463482 3.487285 -0.016613 0.464873 3.576237 -0.560633 0.224587 3.576237 0.004293 0.202735 3.376270 -0.536950 0.147308 3.372313 0.011262 0.115355 3.607839 -0.280750 0.487537 3.482577 -0.279172 0.413575 3.486836 -0.362355 0.326249 3.482028 -0.193674 0.331641 3.499294 -0.371548 -0.233281 3.641775 -0.209244 -0.209859 3.481276 -0.350410 -0.573802 3.716440 -0.185398 -0.542061 3.340587 -0.400229 -0.649078 3.759056 -0.172586 -0.601815 3.243699 
-0.262410 1.047665 3.406865 -0.282560 0.852665 3.440485 -0.472419 0.732754 3.447560 -0.095617 0.724266 3.485206 -0.560838 0.463587 3.474031 -0.015417 0.461335 3.569469 -0.559062 0.223251 3.569469 -0.000903 0.203290 3.366914 -0.534096 0.122581 3.338881 0.003935 0.117275 3.581404 -0.281427 0.485363 3.471547 -0.280585 0.411139 3.474811 -0.365140 0.323973 3.469808 -0.195031 0.327802 3.486176 -0.377320 -0.244647 3.646502 -0.207964 -0.209549 3.464834 -0.351097 -0.578818 3.716162 -0.190052 -0.527561 3.323153 -0.392693 -0.646813 3.745103 -0.172138 -0.587351 3.226887 
-0.265004 1.050017 3.390750 -0.277004 0.865690 3.423227 -0.472506 0.726369 3.434388 -0.090927 0.724236 3.473430 -0.557672 0.460271 3.448967 -0.013027 0.464268 3.554706 -0.556884 0.214507 3.554706 0.000049 0.203113 3.357755 -0.532760 0.116662 3.320885 0.004408 0.116061 3.571600 -0.278255 0.489567 3.454599 -0.277857 0.414145 3.458657 -0.364914 0.326594 3.456207 -0.190479 0.328914 3.467911 -0.379126 -0.245115 3.640343 -0.210531 -0.207381 3.459926 -0.357101 -0.578833 3.720200 -0.191800 -0.533952 3.285572 -0.363178 -0.656462 3.686715 -0.167554 -0.601938 3.196459 
-0.261180 1.049561 3.370072 -0.272672 0.866387 3.415392 -0.469339 0.726769 3.422420 -0.087424 0.732837 3.449093 -0.557287 0.459072 3.433967 -0.010603 0.471347 3.531503 -0.557031 0.218039 3.531503 0.005294 0.198126 3.329253 -0.532787 0.116164 3.305802 0.038988 0.129160 3.571084 -0.273500 0.492256 3.441305 -0.273353 0.417354 3.444930 -0.359875 0.330535 3.438797 -0.187030 0.332078 3.456281 -0.361836 -0.149605 3.524146 -0.212679 -0.193357 3.448365 -0.375997 -0.510734 3.703742 -0.192972 -0.536273 3.275493 -0.370459 -0.559594 3.616931 -0.178434 -0.587467 3.173846 
-0.250184 1.036348 3.350588 -0.273679 0.857297 3.405931 -0.468807 0.725525 3.407730 -0.084811 0.718599 3.430055 -0.554459 0.456350 3.413584 -0.008786 0.456471 3.521473 -0.555583 0.213048 3.521473 0.004660 0.200226 3.315459 -0.531066 0.149152 3.309759 0.035739 0.114544 3.550255 -0.274905 0.483512 3.425040 -0.274921 0.408762 3.427677 -0.361907 0.321713 3.422031 -0.188446 0.321677 3.434533 -0.378765 -0.244435 3.608613 -0.204313 -0.232537 3.399418 -0.378092 -0.578065 3.742576 -0.194266 -0.540681 3.263354 -0.373663 -0.626388 3.655355 -0.177555 -0.600082 3.166569 
-0.243758 1.030448 3.334841 -0.271509 0.845012 3.386197 -0.454449 0.733735 3.382801 -0.079398 0.718769 3.413666 -0.550381 0.447683 3.392683 -0.002861 0.456946 3.511842 -0.551640 0.203242 3.511842 0.003257 0.190274 3.297960 -0.530658 0.103014 3.265604 -0.015130 0.088719 3.474255 -0.270288 0.479475 3.407246 -0.269762 0.406080 3.410722 -0.354478 0.319335 3.403473 -0.184352 0.321331 3.420903 -0.379842 -0.244273 3.600346 -0.208122 -0.235319 3.400136 -0.378726 -0.579229 3.738253 -0.197245 -0.542223 3.257698 -0.372183 -0.627872 3.651082 -0.178526 -0.605078 3.163177 
-0.240329 1.029622 3.309921 -0.255520 0.838929 3.357380 -0.449298 0.714752 3.354565 -0.071699 0.713583 3.385495 -0.548793 0.445440 3.383556 0.010702 0.432229 3.483866 -0.548922 0.201886 3.483866 0.003431 0.175566 3.286109 -0.529648 0.138391 3.276355 -0.013495 0.069782 3.479093 -0.260733 0.475135 3.377059 -0.261468 0.402253 3.380963 -0.349536 0.315397 3.372274 -0.175709 0.317566 3.393085 -0.380199 -0.248531 3.591566 -0.208139 -0.241910 3.387997 -0.374311 -0.580667 3.728296 -0.200075 -0.548701 3.246305 -0.366291 -0.650498 3.680406 -0.181804 -0.611463 3.151602 
-0.216861 1.015821 3.266335 -0.245365 0.842241 3.323848 -0.437874 0.716952 3.327376 -0.068543 0.707433 3.368786 -0.538683 0.423492 3.353525 0.007076 0.432484 3.433349 -0.549903 0.176954 3.433349 0.012852 0.181081 3.266160 -0.528398 0.129948 3.265458 -0.010490 0.076170 3.479552 -0.255861 0.468627 3.350803 -0.257396 0.393922 3.355963 -0.344759 0.310648 3.349880 -0.174378 0.309707 3.369178 -0.381158 -0.251686 3.576306 -0.208633 -0.244493 3.370188 -0.372100 -0.573820 3.718557 -0.202083 -0.549025 3.242380 -0.362876 -0.624083 3.615120 -0.181510 -0.613333 3.148829 
-0.225668 1.022879 3.251516 -0.244841 0.843113 3.316300 -0.437345 0.717697 3.315629 -0.068565 0.735314 3.321096 -0.536786 0.426799 3.343227 0.009697 0.440560 3.417802 -0.548284 0.178024 3.417802 0.018590 0.184909 3.263459 -0.530609 0.124823 3.252135 0.046713 0.090407 3.476225 -0.251994 0.473593 3.329209 -0.253119 0.399988 3.331786 -0.339414 0.315835 3.326762 -0.169315 0.318963 3.334351 -0.377403 -0.258196 3.563429 -0.199457 -0.244563 3.343013 -0.376086 -0.562414 3.710355 -0.199791 -0.552153 3.237731 -0.365422 -0.621964 3.611786 -0.182521 -0.616796 3.143398 
-0.207338 1.014421 3.232877 -0.251930 0.827027 3.273967 -0.425809 0.724447 3.287536 -0.041016 0.677923 3.323338 -0.534516 0.429455 3.323314 0.022003 0.423255 3.403160 -0.545960 0.176827 3.403160 0.026715 0.167067 3.260559 -0.529604 0.122998 3.249424 0.021017 0.059551 3.423256 -0.252331 0.463943 3.307070 -0.252551 0.391193 3.313746 -0.339325 0.308200 3.309042 -0.166723 0.303842 3.322273 -0.377530 -0.245792 3.528793 -0.196272 -0.236023 3.331166 -0.370473 -0.573192 3.702433 -0.194277 -0.558260 3.228894 -0.361526 -0.637667 3.606546 -0.181066 -0.627229 3.136697 
-0.206474 1.017624 3.212326 -0.243759 0.833279 3.259969 -0.426371 0.723133 3.274587 -0.050918 0.739420 3.287788 -0.524770 0.426520 3.293024 0.030821 0.432532 3.376253 -0.541370 0.170512 3.376253 0.029065 0.175313 3.255160 -0.529566 0.118815 3.246094 0.031984 0.072790 3.410647 -0.240881 0.479358 3.271163 -0.240466 0.408877 3.273714 -0.325059 0.325191 3.265468 -0.156220 0.322848 3.283729 -0.356126 -0.257393 3.491677 -0.186066 -0.216774 3.313632 -0.367246 -0.575630 3.700077 -0.189536 -0.563320 3.228100 -0.370775 -0.656724 3.673044 -0.181146 -0.634470 3.139308 
-0.196651 1.026516 3.180155 -0.218118 0.841225 3.230469 -0.410864 0.715807 3.233842 -0.042220 0.733934 3.266930 -0.518831 0.424758 3.277938 0.040056 0.460911 3.328521 -0.537575 0.168205 3.328521 0.065460 0.210942 3.248920 -0.527740 0.115912 3.243114 0.049891 0.103909 3.375947 -0.234175 0.475821 3.253043 -0.235997 0.403571 3.257766 -0.322808 0.319479 3.252612 -0.153456 0.319534 3.265528 -0.357808 -0.256037 3.477269 -0.182145 -0.218568 3.305675 -0.362279 -0.563435 3.667517 -0.187179 -0.570588 3.224715 -0.377981 -0.645584 3.650176 -0.181759 -0.635226 3.136742 
-0.187547 1.024479 3.155451 -0.213313 0.839375 3.213828 -0.405268 0.718620 3.221923 -0.028030 0.716751 3.247806 -0.514914 0.428632 3.268224 0.047006 0.434894 3.305414 -0.535633 0.171925 3.305414 0.037459 0.177499 3.244611 -0.524278 0.109261 3.238747 0.035073 0.076255 3.338321 -0.226194 0.470380 3.228919 -0.228478 0.396861 3.233800 -0.316474 0.312575 3.229278 -0.146031 0.311835 3.241429 -0.359195 -0.253808 3.425496 -0.181777 -0.222490 3.302670 -0.360032 -0.567400 3.660198 -0.187000 -0.570685 3.224597 -0.351959 -0.645339 3.626028 -0.182915 -0.635562 3.135977 
-0.183471 1.023289 3.140563 -0.212396 0.844009 3.184284 -0.396921 0.725473 3.197154 -0.017469 0.709895 3.220835 -0.508049 0.432954 3.255128 0.059958 0.440129 3.289259 -0.535647 0.176679 3.289259 0.050696 0.172716 3.240254 -0.524300 0.108565 3.237125 0.050518 0.081504 3.294956 -0.222324 0.472137 3.209612 -0.224258 0.397945 3.216049 -0.312909 0.314526 3.213827 -0.140152 0.310708 3.223696 -0.364048 -0.243245 3.372357 -0.169994 -0.222289 3.274377 -0.356890 -0.560871 3.598368 -0.186964 -0.570497 3.224112 -0.337285 -0.636817 3.564220 -0.183151 -0.637021 3.133269 
-0.184094 1.029229 3.117186 -0.194705 0.844244 3.164843 -0.394290 0.722430 3.187943 -0.012042 0.723303 3.197847 -0.505840 0.434829 3.248676 0.068124 0.443937 3.266338 -0.533853 0.178534 3.266338 0.071865 0.186156 3.234654 -0.523720 0.108044 3.236114 0.054597 0.079772 3.270098 -0.212206 0.476458 3.186808 -0.215602 0.402927 3.192921 -0.306114 0.317492 3.193998 -0.133258 0.317436 3.196758 -0.368128 -0.250758 3.343196 -0.167688 -0.222932 3.265554 -0.353960 -0.578482 3.572472 -0.186759 -0.570455 3.224036 -0.382120 -0.658969 3.577836 -0.182953 -0.636720 3.132569 
-0.176965 1.013563 3.098417 -0.192800 0.842389 3.161114 -0.387468 0.721665 3.168781 -0.004839 0.718284 3.187503 -0.504086 0.433683 3.239464 0.072198 0.439539 3.229153 -0.528280 0.176945 3.229153 0.064843 0.169728 3.225006 -0.522553 0.113048 3.230182 0.046966 0.081998 3.210091 -0.209053 0.473994 3.173240 -0.212223 0.400425 3.176960 -0.303027 0.315766 3.174792 -0.129009 0.312082 3.177110 -0.366543 -0.246863 3.282248 -0.164730 -0.222680 3.251855 -0.345882 -0.572367 3.514514 -0.186836 -0.570495 3.224086 -0.383470 -0.658934 3.551941 -0.183099 -0.636436 3.131656 
-0.176032 1.015592 3.083186 -0.184922 0.841393 3.142548 -0.379567 0.722680 3.152616 -0.005788 0.730065 3.156923 -0.496068 0.429041 3.227030 0.075706 0.442516 3.197186 -0.526101 0.172822 3.197186 0.069585 0.184620 3.215001 -0.535140 0.094207 3.200431 0.051628 0.080608 3.190646 -0.203355 0.474020 3.148299 -0.207201 0.400632 3.151102 -0.296150 0.319147 3.149360 -0.127090 0.314575 3.150687 -0.373808 -0.220694 3.220794 -0.163131 -0.222729 3.239655 -0.349594 -0.558123 3.437965 -0.186327 -0.570539 3.224040 -0.413425 -0.628591 3.503849 -0.181935 -0.636639 3.131710 
-0.162829 1.014251 3.050972 -0.171514 0.836282 3.114576 -0.374297 0.724154 3.134706 0.003265 0.723931 3.146489 -0.489067 0.434772 3.205703 0.078472 0.439553 3.183220 -0.519679 0.178667 3.183220 0.073153 0.181596 3.199324 -0.533763 0.099728 3.193225 0.063567 0.082720 3.150119 -0.194806 0.475129 3.128162 -0.199246 0.402671 3.132247 -0.288428 0.322377 3.130272 -0.120615 0.313070 3.134792 -0.360522 -0.202209 3.163839 -0.157696 -0.222242 3.228809 -0.349390 -0.547069 3.372051 -0.184885 -0.567301 3.224257 -0.377701 -0.636439 3.367270 -0.181810 -0.634920 3.132001 
-0.164717 1.018890 3.037238 -0.169464 0.840867 3.091287 -0.368020 0.725413 3.113354 0.002519 0.728603 3.115148 -0.483784 0.434827 3.192874 0.078618 0.443032 3.145648 -0.520569 0.179346 3.145648 0.080033 0.184909 3.181222 -0.531779 0.099843 3.186313 0.058736 0.078419 3.122730 -0.192149 0.477532 3.106938 -0.196656 0.404772 3.112032 -0.284044 0.326110 3.110116 -0.119489 0.316614 3.115762 -0.353248 -0.202219 3.125834 -0.155908 -0.230653 3.216953 -0.331374 -0.567592 3.300373 -0.183695 -0.567429 3.222908 -0.347535 -0.643865 3.265491 -0.181573 -0.635735 3.131827 
-0.158271 1.024637 3.017194 -0.178982 0.845626 3.070219 -0.367324 0.724544 3.095986 0.012392 0.714129 3.098902 -0.473577 0.432121 3.165877 0.082031 0.427885 3.118917 -0.512132 0.177506 3.118917 0.074598 0.170724 3.170062 -0.526606 0.098759 3.177872 0.061189 0.063241 3.072064 -0.193512 0.472083 3.089456 -0.196629 0.397261 3.094489 -0.283801 0.317827 3.095251 -0.116170 0.305670 3.095316 -0.341328 -0.232497 3.101182 -0.157355 -0.242738 3.208853 -0.305667 -0.604118 3.236613 -0.194818 -0.588605 3.217144 -0.347064 -0.658573 3.185525 -0.180369 -0.637725 3.122329 
-0.155419 1.022605 2.999298 -0.165570 0.836170 3.056489 -0.362276 0.724449 3.076795 0.014290 0.717702 3.084266 -0.467789 0.435039 3.152681 0.083028 0.427856 3.103281 -0.506269 0.180501 3.103281 0.073292 0.170478 3.158825 -0.502207 0.144594 3.161382 0.061687 0.063444 3.053818 -0.185591 0.471047 3.071370 -0.189527 0.397898 3.076079 -0.277253 0.318936 3.073598 -0.110864 0.307329 3.079394 -0.323468 -0.237799 3.067683 -0.152073 -0.238456 3.197256 -0.316453 -0.595557 3.164630 -0.194041 -0.589617 3.211141 -0.344905 -0.655908 3.086458 -0.180446 -0.638008 3.121506 
-0.154965 1.026637 2.982024 -0.167762 0.840420 3.036123 -0.361044 0.724911 3.058356 0.013644 0.723525 3.064523 -0.463306 0.434858 3.137966 0.085776 0.427055 3.089193 -0.499580 0.180177 3.089193 0.079078 0.172293 3.147204 -0.494211 0.146792 3.152004 0.066244 0.067503 3.005377 -0.182211 0.473520 3.051375 -0.185107 0.400079 3.056685 -0.271119 0.320444 3.053827 -0.105703 0.311021 3.061346 -0.318038 -0.226369 3.019095 -0.150453 -0.240286 3.188638 -0.312063 -0.599947 3.071237 -0.193311 -0.602850 3.190497 -0.324340 -0.654025 3.006490 -0.178206 -0.643611 3.117164 
-0.157367 1.022134 2.965951 -0.169667 0.836457 3.014745 -0.360651 0.714938 3.036965 0.017546 0.716633 3.044554 -0.462777 0.433498 3.123059 0.089056 0.417200 3.058489 -0.499973 0.178556 3.058489 0.080297 0.162060 3.128551 -0.499384 0.154070 3.137825 0.064481 0.057064 2.979110 -0.181434 0.467448 3.029246 -0.183759 0.393607 3.034582 -0.270698 0.312914 3.035479 -0.101925 0.304090 3.035087 -0.311845 -0.233278 3.004798 -0.149024 -0.240052 3.174719 -0.306492 -0.592481 2.993708 -0.187577 -0.598871 3.180527 -0.320543 -0.657089 2.899222 -0.178373 -0.648253 3.111662 
-0.154229 1.013880 2.931162 -0.164478 0.834943 2.979441 -0.362936 0.714916 3.017781 0.016730 0.712023 3.017625 -0.457506 0.431185 3.091734 0.087521 0.422026 3.038798 -0.497684 0.178784 3.038798 0.081951 0.167977 3.115689 -0.498952 0.154949 3.123092 0.064782 0.062889 2.953524 -0.179776 0.465830 3.007660 -0.182670 0.391983 3.015451 -0.270134 0.310917 3.016743 -0.101622 0.302558 3.021184 -0.301053 -0.258376 2.976687 -0.150539 -0.241339 3.154027 -0.311981 -0.598328 2.888191 -0.186932 -0.598937 3.179947 -0.310503 -0.666393 2.795135 -0.176813 -0.646449 3.109926 
-0.154899 1.011282 2.919396 -0.167715 0.832515 2.971887 -0.362401 0.712546 2.993105 0.016280 0.707444 3.002533 -0.456201 0.427124 3.063944 0.088256 0.415798 3.012607 -0.490555 0.173901 3.012607 0.091288 0.161772 3.088371 -0.488636 0.141129 3.101048 0.067687 0.060898 2.916123 -0.182065 0.460998 2.989584 -0.184647 0.386625 2.995244 -0.271452 0.306142 2.992639 -0.103574 0.296293 3.000105 -0.297192 -0.252985 2.958599 -0.159044 -0.252994 3.122747 -0.298831 -0.596732 2.813369 -0.185831 -0.598029 3.180842 -0.296045 -0.652979 2.712730 -0.180787 -0.643998 3.103363 
-0.157051 1.011014 2.901071 -0.178278 0.825729 2.950286 -0.360013 0.707005 2.971094 0.014462 0.706317 2.977993 -0.454363 0.425657 3.043250 0.089999 0.415297 2.994983 -0.484249 0.169522 2.994983 0.092192 0.160398 3.046946 -0.486134 0.061602 3.064912 0.070658 0.058455 2.904148 -0.182705 0.456484 2.962821 -0.183402 0.382618 2.967740 -0.267558 0.303382 2.966464 -0.100723 0.293277 2.969219 -0.286839 -0.243576 2.923599 -0.154591 -0.253794 3.123056 -0.288473 -0.571873 2.763968 -0.183049 -0.597964 3.179740 -0.284252 -0.622661 2.660432 -0.180714 -0.646447 3.103248 
-0.163132 1.007257 2.865208 -0.172495 0.826502 2.924697 -0.356075 0.694862 2.937058 0.011962 0.718537 2.966521 -0.456171 0.421254 3.026326 0.089043 0.419863 2.976981 -0.482818 0.164570 2.976981 0.085017 0.148273 3.027877 -0.486545 0.056255 3.043121 0.071494 0.067115 2.883156 -0.175180 0.456521 2.938433 -0.175693 0.382517 2.944140 -0.256422 0.301520 2.935744 -0.095593 0.296147 2.953217 -0.283510 -0.246731 2.910383 -0.150366 -0.253982 3.105383 -0.282214 -0.568256 2.712460 -0.181188 -0.601830 3.175767 -0.275039 -0.621956 2.610574 -0.177520 -0.647935 3.104105 
-0.162576 1.003864 2.857052 -0.178997 0.815691 2.891701 -0.362499 0.690490 2.920174 0.010315 0.703909 2.931394 -0.454734 0.410321 2.974185 0.090738 0.412688 2.959002 -0.484764 0.157062 2.959002 0.087622 0.158879 3.002405 -0.482600 0.104165 3.010069 0.077139 0.068094 2.857842 -0.179128 0.449259 2.914346 -0.179223 0.375844 2.921561 -0.260642 0.296460 2.921442 -0.097363 0.286466 2.925425 -0.279241 -0.247585 2.863032 -0.152080 -0.271718 3.054255 -0.267478 -0.569407 2.681897 -0.177894 -0.604350 3.175752 -0.268665 -0.606688 2.572589 -0.170579 -0.654900 3.093321 
-0.167823 0.997519 2.822754 -0.177207 0.811388 2.869248 -0.364067 0.691122 2.887510 0.005060 0.700205 2.901040 -0.454572 0.407862 2.956711 0.089122 0.403936 2.926739 -0.482260 0.151233 2.926739 0.089329 0.149028 2.958481 -0.475075 0.042210 2.967217 0.076090 0.066516 2.841592 -0.178927 0.443878 2.886244 -0.179315 0.370355 2.892637 -0.260656 0.291445 2.889606 -0.098642 0.282845 2.900103 -0.282080 -0.254068 2.810091 -0.138160 -0.265400 3.068290 -0.268379 -0.580122 2.652206 -0.175722 -0.607594 3.175195 -0.266953 -0.619833 2.550489 -0.171592 -0.655699 3.102877 
-0.170340 0.981176 2.792777 -0.175146 0.808271 2.849469 -0.367668 0.679926 2.865465 0.003566 0.703315 2.887638 -0.455221 0.403083 2.926281 0.088705 0.404691 2.906469 -0.479512 0.146095 2.906469 0.087805 0.148057 2.928257 -0.469630 0.036947 2.928620 0.078602 0.048069 2.815887 -0.174839 0.441835 2.858675 -0.174688 0.368603 2.863252 -0.255892 0.287038 2.855206 -0.092974 0.282105 2.869696 -0.277983 -0.265972 2.795639 -0.185284 -0.261357 2.950304 -0.267591 -0.580368 2.652549 -0.175140 -0.604245 3.161893 -0.264510 -0.626927 2.547036 -0.137329 -0.677303 3.139436 
-0.173644 0.985676 2.772042 -0.177547 0.804784 2.809945 -0.370955 0.673817 2.827813 -0.003191 0.692613 2.844580 -0.459167 0.391918 2.883306 0.089702 0.398593 2.880790 -0.478308 0.137103 2.880790 0.083363 0.141990 2.909198 -0.477025 0.027512 2.905211 0.078965 0.054739 2.805960 -0.177324 0.436914 2.825355 -0.177228 0.363399 2.831464 -0.259096 0.283231 2.830327 -0.094908 0.277613 2.835723 -0.276941 -0.268311 2.780818 -0.120587 -0.262812 3.035700 -0.267631 -0.581573 2.646288 -0.169464 -0.545696 3.122187 -0.257923 -0.633644 2.543684 -0.166040 -0.594289 3.034388 
-0.174411 0.985485 2.746676 -0.175136 0.801609 2.791926 -0.373943 0.667676 2.803332 -0.001344 0.687272 2.829830 -0.455168 0.386286 2.852408 0.090401 0.398496 2.863318 -0.478977 0.128840 2.863318 0.085191 0.141320 2.847049 -0.471617 0.065313 2.862630 0.080424 0.048570 2.794445 -0.174270 0.432576 2.798901 -0.174017 0.358769 2.802678 -0.256142 0.275184 2.791633 -0.091428 0.272865 2.810365 -0.273468 -0.291326 2.744591 -0.135323 -0.278483 2.977675 -0.253613 -0.621544 2.614688 -0.166601 -0.638460 3.149267 -0.247663 -0.669456 2.509741 -0.179363 -0.678542 3.069014 
-0.176315 0.980699 2.710248 -0.177606 0.801663 2.761264 -0.380076 0.664559 2.774524 -0.000896 0.688681 2.791461 -0.458939 0.387129 2.814796 0.086719 0.392172 2.823867 -0.480547 0.131081 2.823867 0.085627 0.133753 2.830448 -0.477477 0.021336 2.827087 0.083155 0.046992 2.782700 -0.176806 0.433407 2.762948 -0.176535 0.359820 2.764775 -0.259353 0.275550 2.759931 -0.093009 0.272243 2.766110 -0.270780 -0.288568 2.748805 -0.138940 -0.272821 2.933181 -0.254180 -0.619298 2.612178 -0.172228 -0.632707 3.116342 -0.248916 -0.672221 2.514555 -0.167005 -0.686906 3.050561 
-0.183270 0.977418 2.685458 -0.177177 0.799689 2.729656 -0.383702 0.662630 2.738760 -0.002718 0.683149 2.770470 -0.459755 0.380908 2.769702 0.086242 0.389628 2.802540 -0.482308 0.123755 2.802540 0.086816 0.130917 2.772555 -0.477570 0.060149 2.792207 0.087294 0.041930 2.773428 -0.179388 0.429763 2.735239 -0.179575 0.355828 2.737000 -0.265152 0.271094 2.725849 -0.095152 0.268657 2.744252 -0.279661 -0.273506 2.728242 -0.134904 -0.266283 2.927738 -0.254578 -0.616937 2.610953 -0.161049 -0.603923 3.143916 -0.249853 -0.671016 2.517017 -0.140161 -0.583930 3.047229 
-0.186235 0.980695 2.659125 -0.182136 0.803960 2.706954 -0.382590 0.665562 2.706026 -0.010214 0.687216 2.733050 -0.459287 0.381017 2.747465 0.085238 0.389410 2.782484 -0.480984 0.123640 2.782484 0.086189 0.130689 2.748793 -0.471729 0.014011 2.747065 0.087407 0.043215 2.764531 -0.180787 0.429800 2.704311 -0.180018 0.354999 2.702195 -0.262120 0.272702 2.690269 -0.096798 0.268805 2.706716 -0.280159 -0.272810 2.722852 -0.126504 -0.254593 2.883068 -0.257105 -0.616314 2.608341 -0.159102 -0.586928 3.108319 -0.250318 -0.668751 2.522894 -0.176507 -0.671660 3.070956 
-0.185564 0.979601 2.632612 -0.180395 0.802203 2.678060 -0.382430 0.666490 2.678310 -0.006525 0.682620 2.712240 -0.462189 0.381109 2.693772 0.084825 0.386322 2.754878 -0.486438 0.123972 2.754878 0.085328 0.127645 2.695732 -0.469471 0.061655 2.703493 0.086748 0.054060 2.747515 -0.181334 0.428367 2.678329 -0.180897 0.353796 2.675747 -0.264947 0.270294 2.665271 -0.096858 0.267385 2.679610 -0.286882 -0.259897 2.680423 -0.122696 -0.257015 2.853453 -0.258411 -0.616190 2.606515 -0.167567 -0.615830 3.038031 -0.249974 -0.669581 2.522779 -0.184202 -0.681660 2.986366 
-0.191213 0.977011 2.612820 -0.196117 0.806651 2.647551 -0.388505 0.665096 2.636186 -0.017612 0.695672 2.668415 -0.463422 0.380193 2.678171 0.081483 0.389784 2.727459 -0.484865 0.122302 2.727459 0.086775 0.131366 2.656397 -0.467066 0.058933 2.652640 0.087845 0.053007 2.729432 -0.190683 0.432869 2.644786 -0.188913 0.358591 2.639024 -0.271834 0.274395 2.626656 -0.103205 0.274791 2.642094 -0.286081 -0.259593 2.678345 -0.111036 -0.254577 2.788170 -0.260115 -0.613054 2.604928 -0.152596 -0.574239 3.029032 -0.249299 -0.669420 2.521256 -0.169847 -0.636917 2.973853 
-0.192702 0.970794 2.586483 -0.196821 0.800404 2.624866 -0.389843 0.663685 2.618292 -0.011384 0.677029 2.652609 -0.470978 0.373645 2.627238 0.081990 0.385932 2.710850 -0.480297 0.114889 2.710850 0.086967 0.127115 2.612186 -0.471039 0.051813 2.614320 0.086811 0.058590 2.703472 -0.190493 0.427042 2.627578 -0.188403 0.352834 2.621991 -0.272546 0.266361 2.609118 -0.101168 0.268595 2.627014 -0.285038 -0.259011 2.665601 -0.100024 -0.252568 2.724199 -0.260592 -0.612541 2.604455 -0.158392 -0.565782 2.970199 -0.250100 -0.669698 2.520208 -0.180317 -0.647958 2.943372 
-0.192197 0.964345 2.564193 -0.193265 0.793338 2.600826 -0.392879 0.658000 2.589479 -0.018349 0.690630 2.626024 -0.472480 0.371909 2.607476 0.082207 0.399304 2.689910 -0.482505 0.113606 2.689910 0.089327 0.140619 2.577480 -0.468038 0.004277 2.575969 0.092666 0.054877 2.690003 -0.188513 0.427150 2.602581 -0.186528 0.354505 2.595129 -0.269909 0.266164 2.580342 -0.100542 0.272573 2.601817 -0.285040 -0.259901 2.654755 -0.093394 -0.244400 2.669722 -0.261333 -0.612337 2.603059 -0.141076 -0.560821 2.915003 -0.250684 -0.669334 2.521820 -0.133386 -0.607664 2.826610 
-0.189945 0.953308 2.537021 -0.200374 0.789212 2.572385 -0.389961 0.655392 2.562274 -0.010885 0.675583 2.606343 -0.472696 0.370431 2.565119 0.081976 0.390926 2.673048 -0.483330 0.113178 2.673048 0.094803 0.132377 2.522830 -0.469885 0.053714 2.522841 0.086576 0.063550 2.669039 -0.192237 0.420277 2.576680 -0.189253 0.347073 2.569020 -0.272647 0.258016 2.555630 -0.101602 0.264264 2.575204 -0.284190 -0.268060 2.643543 -0.095824 -0.280088 2.657074 -0.261007 -0.613360 2.601190 -0.139513 -0.607529 2.890331 -0.256683 -0.683643 2.509949 -0.129987 -0.654436 2.802280 
-0.190679 0.947174 2.519599 -0.207870 0.788850 2.558124 -0.394403 0.665596 2.545137 -0.005873 0.670368 2.592613 -0.474616 0.367154 2.542218 0.076512 0.392659 2.644619 -0.483882 0.110080 2.644619 0.093209 0.134280 2.497833 -0.473739 0.060525 2.472259 0.091164 0.066350 2.651609 -0.201337 0.420841 2.554347 -0.198268 0.348357 2.542341 -0.284496 0.258842 2.526178 -0.108236 0.261087 2.544965 -0.280660 -0.276248 2.630213 -0.084316 -0.224555 2.557012 -0.260701 -0.614901 2.599944 -0.119596 -0.564829 2.775493 -0.256999 -0.684582 2.508410 -0.109402 -0.611044 2.687304 
-0.188331 0.941941 2.492092 -0.210286 0.788334 2.536364 -0.393177 0.652915 2.509589 -0.004156 0.663428 2.567993 -0.472810 0.369149 2.512916 0.078060 0.387333 2.628899 -0.484595 0.117643 2.628899 0.097507 0.129171 2.438020 -0.470604 0.067824 2.435831 0.089929 0.069464 2.624238 -0.200180 0.419494 2.537628 -0.195894 0.346789 2.525374 -0.281238 0.256939 2.509689 -0.105222 0.260338 2.530691 -0.279338 -0.279509 2.613131 -0.091978 -0.264487 2.546283 -0.252208 -0.614936 2.599221 -0.120057 -0.628656 2.729253 -0.255355 -0.685419 2.508418 -0.133238 -0.709993 2.708410 
-0.183949 0.936449 2.464603 -0.209522 0.778644 2.500396 -0.393261 0.649866 2.492083 -0.003204 0.660635 2.543698 -0.473893 0.375016 2.489224 0.077542 0.385666 2.609552 -0.487556 0.129363 2.609552 0.099022 0.127821 2.394254 -0.475270 0.083686 2.376427 0.090515 0.047191 2.610212 -0.198126 0.416380 2.509990 -0.193779 0.344432 2.498978 -0.278517 0.253988 2.485030 -0.102872 0.258460 2.505634 -0.279308 -0.286900 2.600049 -0.096804 -0.262931 2.493691 -0.242395 -0.619503 2.596507 -0.116391 -0.637761 2.653094 -0.253905 -0.689619 2.506221 -0.089649 -0.718139 2.647120 
-0.185007 0.931703 2.445929 -0.208614 0.774105 2.483225 -0.389238 0.655202 2.467479 -0.016130 0.682758 2.505107 -0.467065 0.370948 2.461280 0.074258 0.397178 2.574028 -0.486695 0.126159 2.574028 0.091929 0.138894 2.364920 -0.471607 0.092518 2.343661 0.093281 0.031817 2.585185 -0.193858 0.416091 2.491948 -0.189256 0.345212 2.480282 -0.270213 0.255567 2.466823 -0.100412 0.263942 2.485553 -0.279564 -0.291722 2.586702 -0.101668 -0.263637 2.459927 -0.241618 -0.621070 2.592623 -0.126687 -0.635247 2.576811 -0.255596 -0.694130 2.505128 -0.098018 -0.703543 2.535352 
-0.183277 0.927003 2.421470 -0.203782 0.769695 2.460590 -0.383891 0.654584 2.442017 -0.003949 0.657286 2.485120 -0.462941 0.372878 2.437384 0.076172 0.391540 2.557549 -0.481305 0.131112 2.557549 0.095265 0.133485 2.332400 -0.466454 0.097233 2.303117 0.088173 0.053662 2.549649 -0.192212 0.416219 2.465406 -0.187937 0.346657 2.451930 -0.271457 0.257414 2.432396 -0.098406 0.263821 2.461514 -0.279433 -0.297100 2.569499 -0.101953 -0.278818 2.420216 -0.233040 -0.644970 2.565958 -0.120378 -0.638178 2.499944 -0.257087 -0.702874 2.505622 -0.098395 -0.695797 2.438575 
-0.185459 0.927135 2.401212 -0.205080 0.762942 2.426257 -0.384359 0.654116 2.427418 -0.006172 0.660986 2.466949 -0.467977 0.368768 2.408587 0.078751 0.389393 2.532654 -0.477031 0.135425 2.532654 0.100425 0.131828 2.282628 -0.461673 0.102817 2.270454 0.095074 0.021982 2.540860 -0.189056 0.410665 2.445823 -0.184427 0.340572 2.435896 -0.267068 0.252014 2.424453 -0.094811 0.259413 2.441978 -0.282067 -0.302974 2.556200 -0.104142 -0.287679 2.400698 -0.218343 -0.655595 2.508273 -0.098034 -0.623550 2.401997 -0.270487 -0.722237 2.506045 -0.098861 -0.699358 2.336975 
-0.182496 0.916620 2.371270 -0.202478 0.761394 2.415279 -0.381640 0.649583 2.400446 0.000934 0.647638 2.442878 -0.468544 0.387165 2.383946 0.077285 0.371277 2.497470 -0.470406 0.148699 2.497470 0.093994 0.113225 2.269253 -0.455776 0.101916 2.238462 0.088986 0.043452 2.512551 -0.185583 0.405255 2.423862 -0.180466 0.334770 2.411743 -0.260969 0.244251 2.393531 -0.091430 0.251992 2.421534 -0.280765 -0.305988 2.530042 -0.110490 -0.297440 2.362904 -0.221618 -0.649517 2.493291 -0.095500 -0.623304 2.326921 -0.269761 -0.717209 2.509641 -0.083278 -0.690227 2.234773 
-0.185524 0.916829 2.352778 -0.195726 0.752048 2.379584 -0.388039 0.644255 2.382689 -0.001949 0.646459 2.413422 -0.464946 0.384790 2.367853 0.078050 0.378287 2.475031 -0.466887 0.150190 2.475031 0.090566 0.113304 2.244720 -0.452073 0.102539 2.213695 0.082829 0.011104 2.474450 -0.184804 0.398124 2.396835 -0.181149 0.327621 2.387423 -0.263282 0.236728 2.377406 -0.092296 0.244230 2.392484 -0.280767 -0.310113 2.524321 -0.114734 -0.302440 2.347863 -0.252673 -0.653852 2.534347 -0.095502 -0.640137 2.235631 -0.277360 -0.729540 2.505644 -0.088988 -0.699688 2.138056 
-0.180434 0.903534 2.321826 -0.191709 0.743944 2.360142 -0.372614 0.634595 2.343383 0.004156 0.645311 2.395762 -0.461989 0.376954 2.336979 0.082658 0.375924 2.447239 -0.460968 0.139785 2.447239 0.088154 0.110178 2.219836 -0.449312 0.100079 2.184811 0.082894 0.027197 2.450942 -0.181309 0.393016 2.374105 -0.177015 0.323309 2.364731 -0.258884 0.231476 2.352679 -0.089060 0.242555 2.373082 -0.279206 -0.315045 2.509739 -0.122658 -0.319561 2.312352 -0.257856 -0.658616 2.537005 -0.096449 -0.639069 2.168434 -0.280287 -0.732952 2.503471 -0.092017 -0.684187 2.063368 
-0.173066 0.900429 2.294197 -0.189789 0.742061 2.334409 -0.374180 0.630017 2.327849 0.004379 0.633466 2.352559 -0.457945 0.381481 2.320440 0.085002 0.374079 2.417598 -0.456435 0.144040 2.417598 0.087828 0.103823 2.204323 -0.446121 0.099400 2.165988 0.079171 0.011334 2.409935 -0.179141 0.386650 2.347122 -0.175991 0.315966 2.337550 -0.257974 0.225179 2.328132 -0.088481 0.234918 2.342736 -0.220376 -0.314192 2.410855 -0.117452 -0.293424 2.280384 -0.260300 -0.661534 2.536639 -0.097830 -0.607977 2.116144 -0.283219 -0.735279 2.502375 -0.090012 -0.653116 2.023251 
-0.168933 0.891661 2.264223 -0.185943 0.731046 2.300361 -0.373071 0.620984 2.300779 0.010316 0.631988 2.335975 -0.455389 0.374878 2.294012 0.092327 0.350086 2.390538 -0.448156 0.139037 2.390538 0.093487 0.092187 2.174739 -0.440714 0.091511 2.141255 0.080704 0.005892 2.393882 -0.175053 0.380632 2.316569 -0.171548 0.310725 2.308586 -0.255200 0.218227 2.299008 -0.081780 0.229035 2.314214 -0.281295 -0.327073 2.472357 -0.115704 -0.298721 2.260794 -0.258889 -0.667326 2.529439 -0.102502 -0.607369 2.070268 -0.271361 -0.717001 2.462308 -0.085230 -0.640092 1.966497 
-0.160500 0.884233 2.237400 -0.175951 0.726096 2.279127 -0.360470 0.618379 2.266568 0.014233 0.616441 2.290975 -0.448418 0.359652 2.263961 0.092140 0.338763 2.356848 -0.446761 0.121867 2.356848 0.097317 0.080725 2.149122 -0.436179 0.081897 2.124436 0.088745 0.003156 2.360091 -0.169316 0.370028 2.289726 -0.167127 0.299088 2.280249 -0.250706 0.208756 2.272457 -0.080708 0.220421 2.284925 -0.287626 -0.337101 2.474473 -0.119663 -0.309720 2.245511 -0.258441 -0.695615 2.517584 -0.105710 -0.617512 2.048344 -0.317210 -0.754320 2.503121 -0.081632 -0.645493 1.942449 
-0.145589 0.878545 2.207399 -0.172559 0.718799 2.243407 -0.361511 0.608636 2.247550 0.021125 0.615194 2.278221 -0.445376 0.357120 2.245669 0.098888 0.337626 2.331488 -0.439651 0.115406 2.331488 0.096514 0.079761 2.141158 -0.433148 0.070484 2.113204 0.092944 -0.004350 2.335237 -0.167182 0.366367 2.260107 -0.165014 0.295949 2.253078 -0.250570 0.203739 2.245181 -0.076187 0.214065 2.256489 -0.240755 -0.383385 2.406152 -0.116477 -0.315478 2.216237 -0.261787 -0.676834 2.528062 -0.105361 -0.618646 2.040120 -0.255409 -0.724011 2.441079 -0.084915 -0.653460 1.933475 
-0.126153 0.853311 2.153026 -0.165785 0.713477 2.217058 -0.347563 0.603032 2.205921 0.034530 0.604926 2.238420 -0.436154 0.320024 2.203055 0.105078 0.347810 2.282169 -0.437925 0.071932 2.282169 0.102893 0.084577 2.118067 -0.428100 0.060219 2.097856 0.101048 -0.014064 2.292874 -0.160148 0.361267 2.228381 -0.157848 0.291210 2.220226 -0.242387 0.199808 2.217635 -0.070713 0.210354 2.219235 -0.296842 -0.247452 2.365963 -0.113052 -0.313106 2.199631 -0.269343 -0.632085 2.507319 -0.107800 -0.631135 2.026406 -0.262519 -0.678812 2.420213 -0.082301 -0.663023 1.920026 
-0.131954 0.863109 2.149458 -0.154387 0.701517 2.183994 -0.340584 0.601060 2.184026 0.043762 0.599193 2.214299 -0.433461 0.316271 2.189231 0.109226 0.328517 2.258514 -0.432718 0.068429 2.258514 0.109996 0.071178 2.103523 -0.422114 0.046684 2.084695 0.103577 -0.013555 2.272191 -0.150475 0.349338 2.197217 -0.148631 0.279209 2.189909 -0.232336 0.185500 2.180983 -0.062332 0.199511 2.193963 -0.294945 -0.390558 2.441629 -0.108590 -0.326991 2.169089 -0.248435 -0.695042 2.521275 -0.114301 -0.671684 2.000246 -0.319536 -0.739440 2.528376 -0.082557 -0.687963 1.901089 
-0.104255 0.843691 2.096322 -0.142550 0.694915 2.148749 -0.330081 0.593238 2.146574 0.053045 0.595426 2.184793 -0.425470 0.305335 2.150559 0.115367 0.341076 2.215407 -0.428237 0.050678 2.215407 0.120254 0.081910 2.096031 -0.420253 0.036195 2.076856 0.106913 -0.012680 2.221404 -0.141054 0.351894 2.164482 -0.139385 0.283368 2.158141 -0.223012 0.190949 2.148115 -0.054525 0.201958 2.166464 -0.285965 -0.381397 2.413008 -0.101554 -0.356257 2.133863 -0.254346 -0.665716 2.515108 -0.113441 -0.669176 1.999065 -0.298854 -0.737062 2.513669 -0.086114 -0.699472 1.892845 
-0.079660 0.832155 2.068652 -0.147618 0.696871 2.124946 -0.325753 0.585865 2.118729 0.057158 0.589167 2.143014 -0.421048 0.301082 2.132874 0.119177 0.339654 2.182920 -0.426964 0.046184 2.182920 0.124493 0.078045 2.080867 -0.418483 0.030027 2.070897 0.111998 -0.014574 2.196720 -0.142091 0.351063 2.135171 -0.140060 0.282196 2.127856 -0.221673 0.190180 2.126440 -0.055517 0.202052 2.121779 -0.273669 -0.388161 2.401181 -0.093368 -0.341068 2.112873 -0.244953 -0.668366 2.504594 -0.109753 -0.664684 1.996494 -0.279923 -0.726916 2.455428 -0.086387 -0.703435 1.892135 
-0.058231 0.844117 2.035393 -0.131656 0.704405 2.081451 -0.315898 0.599230 2.088102 0.072692 0.594804 2.123104 -0.403303 0.328703 2.094674 0.127030 0.344475 2.147899 -0.424115 0.071959 2.147899 0.134810 0.078862 2.078657 -0.416490 0.027241 2.068592 0.120834 -0.011728 2.155087 -0.131785 0.358875 2.097920 -0.130625 0.289832 2.092741 -0.213705 0.196730 2.087699 -0.047643 0.206180 2.097403 -0.198341 -0.336127 2.210762 -0.085678 -0.326674 2.101597 -0.247472 -0.639300 2.470400 -0.103665 -0.669591 1.982979 -0.278859 -0.715818 2.484956 -0.085093 -0.710479 1.885408 
-0.037273 0.835877 1.998244 -0.116478 0.708654 2.057556 -0.312097 0.598494 2.066204 0.077735 0.603730 2.087573 -0.399677 0.327635 2.084746 0.135780 0.345605 2.114850 -0.417237 0.070873 2.114850 0.138934 0.079420 2.062779 -0.413528 0.025933 2.065721 0.127345 -0.010171 2.122647 -0.124197 0.361536 2.070213 -0.125026 0.292328 2.064330 -0.209841 0.200290 2.057877 -0.043716 0.209041 2.065819 -0.213671 -0.335095 2.202821 -0.079398 -0.322438 2.085196 -0.245510 -0.657676 2.443544 -0.101365 -0.670688 1.980474 -0.241411 -0.704566 2.356607 -0.085550 -0.715059 1.886174 
-0.014425 0.851583 2.002751 -0.109336 0.713561 2.029875 -0.295502 0.605789 2.024382 0.087355 0.602205 2.054289 -0.394542 0.326474 2.064883 0.144884 0.350986 2.079511 -0.413612 0.069819 2.079511 0.142966 0.093623 2.047969 -0.410996 0.028956 2.052999 0.128977 -0.015829 2.074142 -0.119109 0.364164 2.039533 -0.120170 0.294537 2.033295 -0.205253 0.208690 2.024628 -0.039641 0.207340 2.037288 -0.270904 -0.314643 2.173986 -0.075601 -0.328529 2.067513 -0.252032 -0.636496 2.417224 -0.098269 -0.665351 1.980283 -0.245807 -0.683252 2.330261 -0.085450 -0.715849 1.886303 
-0.002146 0.849264 1.995075 -0.108812 0.710924 2.002237 -0.295574 0.608057 2.012951 0.090061 0.606124 2.024315 -0.389221 0.325871 2.044466 0.150327 0.351891 2.048070 -0.409925 0.069425 2.048070 0.149629 0.094655 2.028344 -0.407084 0.031553 2.035434 0.135041 -0.014788 2.046098 -0.114196 0.368876 2.011692 -0.114838 0.300917 2.004699 -0.199325 0.215004 2.001093 -0.032870 0.213023 2.002815 -0.229084 -0.308213 2.088927 -0.076845 -0.328869 2.060545 -0.248333 -0.614960 2.349573 -0.096650 -0.663468 1.979724 -0.246476 -0.661539 2.262351 -0.084953 -0.716168 1.886486 
0.015712 0.838666 1.960674 -0.096719 0.706881 1.973354 -0.288160 0.603944 1.981963 0.091889 0.607417 1.996633 -0.384110 0.328978 2.022768 0.155905 0.351944 2.017449 -0.408316 0.072941 2.017449 0.155931 0.094881 2.006066 -0.405442 0.035601 2.014495 0.141522 0.004979 1.992570 -0.104605 0.368077 1.982279 -0.105751 0.300699 1.975376 -0.190235 0.217538 1.969433 -0.025046 0.212807 1.976019 -0.253358 -0.283819 2.034324 -0.076773 -0.324350 2.038484 -0.252127 -0.606789 2.277990 -0.095131 -0.662844 1.977982 -0.249485 -0.653381 2.190725 -0.083585 -0.716288 1.885262 
0.016080 0.843877 1.946327 -0.097245 0.711062 1.955207 -0.283233 0.602317 1.963457 0.079540 0.612645 1.961294 -0.379133 0.330181 2.001338 0.167051 0.340558 1.982274 -0.407685 0.074634 1.982274 0.158248 0.083589 1.988477 -0.401830 0.034759 1.992679 0.142048 0.004105 1.959082 -0.102065 0.364427 1.960543 -0.103022 0.295395 1.951355 -0.184706 0.216022 1.947536 -0.023806 0.210739 1.948755 -0.221148 -0.291359 1.982450 -0.079128 -0.326128 2.026944 -0.240731 -0.626815 2.210341 -0.093184 -0.661043 1.976667 -0.242208 -0.673026 2.122780 -0.082631 -0.716431 1.883868 
0.018029 0.840169 1.917524 -0.094939 0.707069 1.927109 -0.286899 0.602115 1.947260 0.093043 0.605185 1.940461 -0.376222 0.329970 1.982103 0.169913 0.336959 1.958691 -0.406608 0.074708 1.958691 0.160689 0.080860 1.969079 -0.398408 0.034419 1.969695 0.148369 0.007838 1.918510 -0.099193 0.362335 1.935639 -0.100308 0.293772 1.927395 -0.185659 0.213036 1.922856 -0.016748 0.202725 1.923577 -0.227916 -0.274364 1.927648 -0.078500 -0.333445 2.009886 -0.235731 -0.637802 2.115276 -0.092323 -0.661630 1.975564 -0.238186 -0.684268 2.027807 -0.082020 -0.717629 1.885076 
0.022100 0.843416 1.899084 -0.090899 0.710070 1.908514 -0.294977 0.587893 1.936796 0.086261 0.610035 1.916610 -0.370908 0.333299 1.961354 0.174063 0.332461 1.925360 -0.400899 0.078095 1.925360 0.165102 0.076215 1.949467 -0.397423 0.033897 1.952684 0.151801 0.007371 1.880687 -0.091347 0.366255 1.911101 -0.092143 0.298360 1.899894 -0.176592 0.215752 1.890902 -0.008407 0.208074 1.899786 -0.212137 -0.273636 1.887503 -0.072228 -0.337045 1.995707 -0.211234 -0.660952 2.028900 -0.091980 -0.659946 1.974040 -0.273976 -0.715840 2.040516 -0.081184 -0.719064 1.887164 
0.022268 0.835609 1.870509 -0.090780 0.702121 1.880018 -0.287877 0.596207 1.893185 0.090569 0.587279 1.878715 -0.365686 0.333346 1.940952 0.177805 0.316904 1.896134 -0.397143 0.078392 1.896134 0.168147 0.061814 1.926862 -0.392122 0.031654 1.925111 0.161304 0.013218 1.840146 -0.092778 0.354641 1.887507 -0.093705 0.285874 1.876806 -0.179806 0.207818 1.873133 -0.008347 0.193342 1.873945 -0.208406 -0.268234 1.835358 -0.066944 -0.339683 1.981123 -0.198052 -0.660303 1.956892 -0.093708 -0.661776 1.971956 -0.247059 -0.715296 1.916250 -0.080324 -0.720421 1.888048 
0.043308 0.797226 1.832977 -0.069805 0.663632 1.842546 -0.284563 0.597833 1.878237 0.096691 0.590070 1.868213 -0.359947 0.332157 1.916491 0.177963 0.320638 1.878642 -0.392183 0.077394 1.878642 0.169461 0.066114 1.902775 -0.388312 0.029408 1.904925 0.161881 0.014688 1.815201 -0.085608 0.357010 1.862904 -0.087856 0.293615 1.853647 -0.176396 0.213624 1.849046 -0.004987 0.200831 1.853514 -0.199413 -0.261594 1.791751 -0.057715 -0.334889 1.961621 -0.213512 -0.636421 1.874857 -0.096459 -0.669039 1.958654 -0.201097 -0.710442 1.834598 -0.079281 -0.721467 1.887829 
0.024772 0.826642 1.821313 -0.088421 0.692954 1.830933 -0.246344 0.617321 1.830402 0.101832 0.587546 1.842937 -0.356194 0.331424 1.890646 0.179239 0.323327 1.852744 -0.386093 0.076394 1.852744 0.171590 0.070413 1.875906 -0.382075 0.026990 1.879428 0.160674 0.014756 1.781080 -0.087546 0.355833 1.843569 -0.087305 0.289414 1.832451 -0.169316 0.213659 1.824906 -0.005597 0.202140 1.830164 -0.191709 -0.260108 1.760056 -0.050804 -0.331649 1.952158 -0.213113 -0.620615 1.788732 -0.095180 -0.671946 1.949670 -0.157931 -0.693301 1.791078 -0.078482 -0.723418 1.885452 
0.026722 0.823394 1.803202 -0.086548 0.689614 1.812872 -0.246322 0.621437 1.823243 0.106597 0.593299 1.823106 -0.353207 0.328920 1.864359 0.181493 0.319768 1.830656 -0.382048 0.073769 1.830656 0.171818 0.066354 1.848997 -0.375309 0.022919 1.852615 0.161855 0.016343 1.755653 -0.084362 0.356219 1.817541 -0.084180 0.290555 1.807380 -0.165149 0.215272 1.802254 -0.002827 0.204540 1.805724 -0.191263 -0.268034 1.721371 -0.043933 -0.323990 1.940225 -0.209360 -0.689409 1.718909 -0.095017 -0.671090 1.944114 -0.210531 -0.750874 1.632387 -0.077790 -0.726072 1.882992 
0.030553 0.815772 1.776535 -0.082797 0.681898 1.786258 -0.245429 0.617263 1.791941 0.107925 0.595597 1.800191 -0.349490 0.326155 1.837581 0.183238 0.312264 1.806617 -0.380469 0.071239 1.806617 0.172302 0.060460 1.825436 -0.375132 0.020126 1.832458 0.163223 0.019041 1.729819 -0.081416 0.353494 1.794223 -0.080712 0.288477 1.782804 -0.161090 0.212831 1.774708 0.000545 0.204037 1.782669 -0.184733 -0.258301 1.694106 -0.037998 -0.291569 1.900897 -0.188544 -0.679726 1.635655 -0.090646 -0.671156 1.939345 -0.186939 -0.752879 1.548661 -0.076638 -0.729579 1.880609 
0.064586 0.798635 1.743281 -0.048836 0.664675 1.753058 -0.244305 0.613639 1.768342 0.111017 0.590458 1.775589 -0.347430 0.321896 1.810163 0.183997 0.312222 1.786164 -0.376311 0.066723 1.786164 0.172476 0.060283 1.793979 -0.370188 0.016676 1.801304 0.162929 0.016111 1.706085 -0.072577 0.345061 1.766081 -0.075670 0.281095 1.755773 -0.161895 0.205638 1.746389 0.002794 0.196399 1.757217 -0.178863 -0.266378 1.673252 -0.039362 -0.288225 1.882397 -0.174832 -0.679303 1.555872 -0.084545 -0.671527 1.935393 -0.172710 -0.749255 1.466263 -0.075043 -0.732826 1.878695 
0.065188 0.791960 1.726918 -0.048308 0.657914 1.736748 -0.244121 0.606546 1.741078 0.114054 0.580963 1.751556 -0.343993 0.313605 1.780736 0.184202 0.310732 1.763212 -0.373030 0.058458 1.763212 0.173734 0.059268 1.767383 -0.367297 0.013849 1.770702 0.163005 0.012757 1.682456 -0.069524 0.339546 1.742500 -0.072818 0.276789 1.730578 -0.161092 0.201217 1.721282 0.006022 0.190812 1.731343 -0.176572 -0.269268 1.639621 -0.038212 -0.281006 1.857182 -0.151171 -0.675193 1.497338 -0.077902 -0.670620 1.932937 -0.144360 -0.740776 1.404680 -0.073065 -0.734190 1.878158 
