51
0.292362 0.483167 3.156274 0.320806 0.275351 3.176486 0.136277 0.176814 3.228601 0.486869 0.163633 3.146272 0.090072 -0.109609 3.260736 0.559650 -0.109089 3.116428 0.075517 -0.327541 3.116428 0.540680 -0.328533 3.179291 0.069087 -0.405538 3.143561 0.524069 -0.415175 3.011312 0.320587 -0.079353 3.198811 0.304852 -0.141237 3.149786 0.223241 -0.219440 3.160145 0.380063 -0.223632 3.122001 0.196434 -0.711446 2.976338 0.422282 -0.764004 3.205219 0.196447 -1.037096 2.800571 0.402606 -1.130922 3.269063 0.194660 -1.081481 2.705922 0.403554 -1.184416 3.197933 
0.281266 0.487232 3.128936 0.310979 0.279562 3.147808 0.125230 0.179121 3.193314 0.479684 0.168426 3.122193 0.079171 -0.105451 3.220390 0.553948 -0.106107 3.094699 0.064575 -0.324384 3.094699 0.535546 -0.326293 3.138016 0.059254 -0.406324 3.100062 0.518812 -0.411728 2.987203 0.312362 -0.074990 3.170997 0.298050 -0.137338 3.122031 0.216392 -0.216221 3.131306 0.374521 -0.219757 3.095828 0.197256 -0.707176 2.953184 0.418475 -0.762357 3.189205 0.197632 -1.032108 2.779006 0.402495 -1.130963 3.267014 0.198337 -1.075518 2.682807 0.403864 -1.184610 3.197683 
0.270036 0.491128 3.101986 0.301173 0.283792 3.120337 0.113988 0.181538 3.158646 0.471629 0.173368 3.097118 0.067853 -0.101094 3.179102 0.547831 -0.102851 3.072817 0.052908 -0.320274 3.072817 0.530467 -0.323687 3.093044 0.049206 -0.404291 3.053480 0.513666 -0.408144 2.963838 0.303963 -0.070631 3.143433 0.290967 -0.133348 3.094314 0.209254 -0.212897 3.102441 0.368610 -0.215715 3.069283 0.197725 -0.702957 2.931061 0.414259 -0.760382 3.170297 0.198677 -1.027648 2.759631 0.402481 -1.131004 3.264018 0.201583 -1.070173 2.662031 0.404170 -1.184929 3.197109 
0.258600 0.495239 3.075626 0.291183 0.287968 3.093515 0.102733 0.184232 3.125175 0.463079 0.178325 3.071949 0.055266 -0.095052 3.134095 0.540977 -0.099095 3.049414 0.040871 -0.314826 3.049414 0.525237 -0.320727 3.044780 0.038982 -0.401975 3.002390 0.508618 -0.403882 2.940216 0.295101 -0.066136 3.115314 0.283344 -0.129041 3.065769 0.201461 -0.209143 3.072119 0.362150 -0.211267 3.041846 0.197883 -0.698846 2.910064 0.409676 -0.757453 3.145991 0.199626 -1.023675 2.742238 0.402742 -1.130299 3.259090 0.204491 -1.065385 2.643338 0.404364 -1.185082 3.196339 
0.247253 0.499484 3.050211 0.280230 0.292310 3.066135 0.091348 0.186724 3.091801 0.454496 0.183267 3.047847 0.043234 -0.089380 3.090668 0.534015 -0.095326 3.026510 0.029476 -0.309207 3.026510 0.519832 -0.317501 2.997641 0.029152 -0.398819 2.951545 0.503508 -0.398959 2.916324 0.285748 -0.061596 3.086845 0.275465 -0.124699 3.036926 0.193513 -0.205299 3.041253 0.355540 -0.206729 3.014450 0.197664 -0.694777 2.889953 0.404336 -0.753466 3.116174 0.200496 -1.020109 2.726546 0.403226 -1.128378 3.251650 0.207128 -1.061075 2.626466 0.404660 -1.185070 3.195189 
0.235924 0.503667 3.025229 0.269699 0.296534 3.040089 0.079650 0.189190 3.057443 0.445620 0.188202 3.023981 0.031034 -0.083017 3.046358 0.527063 -0.091533 3.004233 0.017532 -0.303011 3.004233 0.514473 -0.314156 2.946309 0.019006 -0.395029 2.897690 0.498585 -0.393738 2.892899 0.276368 -0.057228 3.059220 0.267628 -0.120476 3.008888 0.185701 -0.201645 3.011572 0.348769 -0.202139 2.987350 0.197021 -0.690912 2.870633 0.398465 -0.747096 3.079010 0.201280 -1.016876 2.712322 0.403396 -1.124252 3.238308 0.209480 -1.057134 2.611241 0.404759 -1.178826 3.179873 
0.225047 0.507685 3.001388 0.259476 0.300627 3.014977 0.068445 0.191626 3.025337 0.436877 0.192850 3.001077 0.019259 -0.077045 3.003340 0.519579 -0.087702 2.981883 0.006585 -0.296657 2.981883 0.508920 -0.310599 2.897435 0.008854 -0.389199 2.842527 0.493858 -0.388567 2.870261 0.267095 -0.052943 3.032229 0.259810 -0.116261 2.981412 0.177827 -0.198055 2.982329 0.341993 -0.197544 2.960775 0.196153 -0.687330 2.852697 0.391936 -0.738470 3.036440 0.201936 -1.013940 2.699479 0.402919 -1.117454 3.219586 0.211466 -1.053511 2.597659 0.404048 -1.169104 3.157818 
0.213122 0.511878 2.973091 0.248052 0.305010 2.985754 0.056514 0.194379 2.989494 0.426413 0.197905 2.974267 0.006426 -0.070575 2.954444 0.510493 -0.083153 2.956048 -0.004491 -0.288861 2.956048 0.501915 -0.305846 2.841880 -0.001073 -0.381396 2.782800 0.488061 -0.382810 2.841657 0.256493 -0.048342 3.000126 0.250752 -0.111608 2.948605 0.168763 -0.193908 2.947091 0.333930 -0.192225 2.929131 0.194114 -0.683169 2.832119 0.382717 -0.726412 2.978539 0.202443 -1.011220 2.687767 0.400292 -1.107937 3.179088 0.213086 -1.050102 2.585309 0.402677 -1.162467 3.127072 
0.202323 0.515830 2.947010 0.237361 0.309113 2.958611 0.045363 0.196936 2.955942 0.416445 0.202559 2.949193 -0.005473 -0.064355 2.909258 0.501928 -0.078714 2.931992 -0.014663 -0.280878 2.931992 0.495342 -0.301212 2.789783 -0.009715 -0.373427 2.727786 0.482673 -0.377279 2.815073 0.246564 -0.044099 2.970248 0.242320 -0.107292 2.918067 0.160313 -0.189991 2.914014 0.326436 -0.187284 2.899858 0.192054 -0.679445 2.813211 0.373559 -0.715601 2.922231 0.202832 -1.008769 2.677195 0.397372 -1.100385 3.128986 0.214419 -1.047010 2.574285 0.400191 -1.156947 3.083020 
0.192245 0.519613 2.921825 0.227000 0.313139 2.932014 0.035001 0.199274 2.924036 0.406854 0.206915 2.925267 -0.015937 -0.058896 2.868018 0.493708 -0.074554 2.909243 -0.023837 -0.272904 2.909243 0.489123 -0.296854 2.740476 -0.017205 -0.364575 2.675872 0.477473 -0.372113 2.789939 0.237104 -0.040011 2.941661 0.234349 -0.103173 2.888977 0.152434 -0.186270 2.882775 0.319321 -0.182511 2.872061 0.189841 -0.676273 2.795688 0.363177 -0.703330 2.863784 0.203156 -1.006606 2.667754 0.389626 -1.090626 3.066834 0.215564 -1.044272 2.564610 0.394154 -1.149160 3.025903 
0.182121 0.523718 2.893045 0.216145 0.317465 2.902510 0.024106 0.202440 2.889441 0.396299 0.211176 2.898199 -0.026357 -0.051652 2.824756 0.484624 -0.070523 2.884553 -0.032285 -0.262838 2.884553 0.482342 -0.292708 2.687836 -0.022841 -0.353396 2.619992 0.470729 -0.367051 2.761674 0.226864 -0.035590 2.909945 0.225588 -0.098656 2.856725 0.143690 -0.182066 2.847895 0.311383 -0.177356 2.841514 0.187172 -0.673671 2.778949 0.350533 -0.689433 2.798630 0.203464 -1.004810 2.659194 0.376419 -1.067441 2.948622 0.216624 -1.042003 2.555856 0.382950 -1.127602 2.909752 
0.172945 0.527715 2.865072 0.205550 0.321597 2.872901 0.014141 0.205504 2.856726 0.386303 0.215054 2.872154 -0.035572 -0.045447 2.785268 0.475839 -0.066816 2.860975 -0.039624 -0.253432 2.860975 0.475788 -0.288806 2.640366 -0.027352 -0.342974 2.570184 0.463982 -0.362326 2.734702 0.217198 -0.031409 2.879125 0.217381 -0.094427 2.825542 0.135636 -0.178117 2.814319 0.303935 -0.172509 2.812220 0.184456 -0.671522 2.763279 0.338212 -0.676412 2.738080 0.203622 -1.003375 2.651640 0.367861 -1.057789 2.867457 0.217379 -1.040154 2.548301 0.374545 -1.115931 2.822422 
0.164653 0.531448 2.837528 0.195722 0.325376 2.844357 0.005126 0.208489 2.825931 0.376878 0.218365 2.846340 -0.044080 -0.039493 2.748588 0.467273 -0.063567 2.838061 -0.045941 -0.244924 2.838061 0.469691 -0.285485 2.597786 -0.030914 -0.333344 2.525454 0.457675 -0.358194 2.709679 0.208167 -0.027578 2.849573 0.209627 -0.090540 2.795666 0.128107 -0.174529 2.782761 0.296755 -0.167975 2.783663 0.181536 -0.669886 2.748485 0.326170 -0.663969 2.682886 0.203673 -1.002360 2.645121 0.357710 -1.048299 2.782282 0.217279 -1.041401 2.546075 0.364201 -1.104052 2.730264 
0.157109 0.534911 2.810579 0.186850 0.328753 2.817624 -0.002892 0.211278 2.796853 0.368094 0.221359 2.821382 -0.051584 -0.034194 2.715515 0.459111 -0.060608 2.815833 -0.051402 -0.237415 2.815833 0.463821 -0.282481 2.559871 -0.033871 -0.324768 2.485924 0.451649 -0.354289 2.686102 0.199830 -0.024136 2.821537 0.202415 -0.086988 2.767242 0.121064 -0.171198 2.752566 0.290009 -0.163766 2.756518 0.178521 -0.668570 2.734658 0.314776 -0.652002 2.633300 0.203622 -1.001685 2.639581 0.347226 -1.038521 2.696942 0.216523 -1.043360 2.545507 0.353473 -1.091653 2.637851 
0.150479 0.537883 2.784230 0.178678 0.331694 2.790750 -0.010167 0.213835 2.768988 0.360098 0.223969 2.797173 -0.058327 -0.029623 2.685294 0.451086 -0.058018 2.793616 -0.056129 -0.230967 2.793616 0.458219 -0.279944 2.525822 -0.036436 -0.317476 2.450008 0.446072 -0.351238 2.664020 0.192041 -0.020903 2.794062 0.195664 -0.083639 2.739519 0.114476 -0.168092 2.723440 0.283643 -0.159833 2.729975 0.175382 -0.667537 2.721627 0.303710 -0.639499 2.587605 0.203430 -1.001342 2.634915 0.336486 -1.027822 2.616340 0.215496 -1.046147 2.546710 0.342568 -1.079654 2.549759 
0.145044 0.540722 2.754392 0.170914 0.334283 2.761478 -0.016766 0.216362 2.739228 0.352452 0.225848 2.769296 -0.064349 -0.026090 2.655242 0.442742 -0.056066 2.768809 -0.060337 -0.226062 2.768809 0.452209 -0.277969 2.494142 -0.038969 -0.311144 2.418282 0.439822 -0.350558 2.637677 0.184451 -0.018020 2.764018 0.188943 -0.080587 2.709191 0.107876 -0.165183 2.691799 0.277203 -0.156267 2.700716 0.171139 -0.666759 2.707356 0.292555 -0.627601 2.542240 0.202759 -1.001051 2.630942 0.323926 -1.017642 2.536145 0.214641 -1.046566 2.544776 0.329522 -1.068074 2.462128 
0.140489 0.543156 2.726649 0.164090 0.336550 2.733768 -0.022614 0.218633 2.711934 0.345656 0.227337 2.742866 -0.069661 -0.023015 2.628307 0.434776 -0.054384 2.743955 -0.064117 -0.221740 2.743955 0.446618 -0.276439 2.465949 -0.041380 -0.305900 2.390168 0.434074 -0.350548 2.613396 0.177599 -0.015483 2.735558 0.182780 -0.077874 2.680450 0.101780 -0.162593 2.661973 0.271207 -0.153148 2.672745 0.166599 -0.665897 2.693303 0.281998 -0.616679 2.500370 0.201895 -1.000948 2.627704 0.312085 -1.009027 2.465092 0.213531 -1.048128 2.545137 0.317236 -1.058513 2.384966 
0.137506 0.545285 2.694420 0.157833 0.338286 2.701861 -0.027646 0.220956 2.681109 0.339671 0.228100 2.710939 -0.074765 -0.020555 2.601194 0.426547 -0.053373 2.714009 -0.067778 -0.218380 2.714009 0.440630 -0.275643 2.440076 -0.044166 -0.301704 2.364594 0.427739 -0.351885 2.584772 0.170873 -0.013185 2.702567 0.176505 -0.075269 2.647125 0.095442 -0.159908 2.627577 0.264962 -0.150379 2.639990 0.160207 -0.664153 2.675399 0.270855 -0.606247 2.457336 0.200633 -1.001023 2.624959 0.299252 -1.001888 2.399244 0.212003 -1.049857 2.545975 0.303827 -1.050744 2.313949 
0.135188 0.546996 2.664129 0.152540 0.339586 2.671225 -0.031933 0.222997 2.652287 0.334520 0.228647 2.680568 -0.079327 -0.018728 2.576237 0.419226 -0.052645 2.684543 -0.071199 -0.215684 2.684543 0.434772 -0.275148 2.416735 -0.046721 -0.297969 2.341658 0.421917 -0.353763 2.557785 0.164866 -0.011247 2.670958 0.170789 -0.073002 2.615213 0.089631 -0.157533 2.595024 0.259135 -0.148013 2.608155 0.153552 -0.662304 2.657340 0.260550 -0.596902 2.417874 0.199025 -1.001285 2.622748 0.287661 -0.995764 2.340714 0.210165 -1.051748 2.547307 0.291823 -1.044117 2.251220 
0.134326 0.548761 2.628752 0.148463 0.341189 2.635453 -0.035034 0.225669 2.619073 0.330399 0.228949 2.643194 -0.084012 -0.017229 2.551234 0.411949 -0.051986 2.647530 -0.074810 -0.213633 2.647530 0.428628 -0.274884 2.395267 -0.049911 -0.295108 2.320881 0.415994 -0.356492 2.524863 0.159227 -0.009113 2.633579 0.165032 -0.070471 2.577431 0.083631 -0.154633 2.556725 0.252902 -0.145570 2.570093 0.144493 -0.659737 2.630791 0.249886 -0.587684 2.375787 0.197194 -1.001209 2.619722 0.277480 -0.990479 2.288163 0.207736 -1.053639 2.548742 0.281449 -1.038341 2.195637 
0.133934 0.550320 2.595000 0.145234 0.342713 2.600927 -0.037531 0.228226 2.587815 0.327025 0.229288 2.607619 -0.088423 -0.015744 2.528409 0.405495 -0.051257 2.612302 -0.078519 -0.211849 2.612302 0.423093 -0.274496 2.375753 -0.053430 -0.292747 2.302361 0.410326 -0.358927 2.491476 0.154232 -0.007030 2.597448 0.159765 -0.067971 2.540915 0.078060 -0.151716 2.519868 0.247067 -0.143240 2.533062 0.133753 -0.656164 2.598256 0.240545 -0.579601 2.338236 0.194824 -1.001033 2.616469 0.268285 -0.985819 2.241376 0.205971 -1.054907 2.549161 0.272067 -1.033249 2.146189 
0.134270 0.552006 2.561464 0.142718 0.344446 2.567139 -0.039503 0.230867 2.557272 0.324241 0.229629 2.570771 -0.092717 -0.014363 2.507131 0.399471 -0.050116 2.573566 -0.082441 -0.210437 2.573566 0.417625 -0.273799 2.357921 -0.057551 -0.290925 2.285898 0.405144 -0.359310 2.458405 0.149992 -0.004940 2.561612 0.155023 -0.065461 2.504653 0.073010 -0.148695 2.483469 0.241684 -0.140998 2.495919 0.121781 -0.651271 2.559533 0.232185 -0.572563 2.304582 0.191047 -1.000343 2.611417 0.260090 -0.981704 2.199717 0.204065 -1.055928 2.549062 0.263636 -1.028749 2.102100 
0.135180 0.553839 2.528898 0.140852 0.346200 2.533978 -0.040943 0.233580 2.527661 0.322163 0.229827 2.534902 -0.096860 -0.012950 2.487339 0.394252 -0.049060 2.536863 -0.086416 -0.209239 2.536863 0.412516 -0.272935 2.341744 -0.062205 -0.289460 2.271379 0.400337 -0.358399 2.422470 0.146305 -0.002830 2.527015 0.150754 -0.062976 2.469770 0.068404 -0.145687 2.448864 0.236764 -0.138884 2.459982 0.107883 -0.644397 2.515125 0.224708 -0.566318 2.274127 0.186140 -0.998295 2.604152 0.252814 -0.977987 2.162521 0.200304 -1.054932 2.545367 0.256140 -1.024680 2.062694 
0.136356 0.555701 2.497442 0.139592 0.348087 2.501941 -0.041994 0.236483 2.499449 0.320559 0.230286 2.500093 -0.100852 -0.011647 2.468984 0.389441 -0.047611 2.497787 -0.090570 -0.208332 2.497787 0.407292 -0.271643 2.326945 -0.067343 -0.288385 2.258568 0.394823 -0.357112 2.384295 0.143163 -0.000668 2.493471 0.146898 -0.060443 2.435955 0.064198 -0.142599 2.415389 0.232193 -0.136765 2.425062 0.093130 -0.636207 2.466551 0.218085 -0.560744 2.246742 0.179234 -0.994628 2.593145 0.246277 -0.974611 2.129074 0.191318 -1.049713 2.532986 0.249317 -1.021020 2.027246 
0.137620 0.557581 2.467037 0.138769 0.349971 2.471542 -0.042735 0.239337 2.472034 0.319259 0.231017 2.465799 -0.104642 -0.010272 2.451752 0.385479 -0.045747 2.460846 -0.094827 -0.207525 2.460846 0.402267 -0.269698 2.313376 -0.072531 -0.286913 2.246988 0.389627 -0.355100 2.346906 0.140527 0.001402 2.461886 0.143483 -0.058049 2.404191 0.060436 -0.139658 2.384183 0.228080 -0.134794 2.392148 0.078023 -0.626360 2.415009 0.212168 -0.555777 2.222161 0.170501 -0.989065 2.576276 0.240288 -0.971612 2.098940 0.179882 -1.041772 2.513029 0.242962 -1.017826 1.995440 
0.138825 0.559572 2.437263 0.138151 0.352229 2.441031 -0.043247 0.242242 2.446003 0.318190 0.232032 2.433044 -0.108269 -0.008824 2.435277 0.382120 -0.043493 2.423450 -0.098969 -0.206838 2.423450 0.396801 -0.266887 2.300987 -0.077783 -0.285516 2.236602 0.384069 -0.351995 2.307121 0.138169 0.003649 2.431228 0.140288 -0.055603 2.373539 0.056955 -0.136701 2.354548 0.224175 -0.132789 2.360321 0.063374 -0.615899 2.363143 0.206879 -0.551293 2.199941 0.159221 -0.980950 2.551169 0.234641 -0.969014 2.072053 0.165390 -1.030653 2.483456 0.236852 -1.015124 1.967313 
0.139723 0.561888 2.406191 0.137773 0.354722 2.410497 -0.043735 0.245563 2.419537 0.317106 0.233751 2.398556 -0.111650 -0.007264 2.419200 0.379499 -0.040603 2.382677 -0.103149 -0.206111 2.382677 0.391128 -0.263231 2.288821 -0.082848 -0.284015 2.226233 0.378066 -0.348909 2.257961 0.136020 0.006209 2.400637 0.137127 -0.052837 2.343018 0.053501 -0.133488 2.325424 0.220231 -0.130446 2.328282 0.047749 -0.601615 2.303678 0.202143 -0.547151 2.179565 0.147737 -0.975232 2.521571 0.229046 -0.966675 2.048506 0.151500 -1.022799 2.451026 0.230555 -1.012720 1.943061 
0.140268 0.564221 2.376351 0.137446 0.357488 2.379903 -0.044258 0.248852 2.393910 0.316007 0.235579 2.365570 -0.114772 -0.005760 2.403076 0.377170 -0.037640 2.344491 -0.107242 -0.205575 2.344491 0.385637 -0.258581 2.276905 -0.087647 -0.282687 2.216556 0.372339 -0.343290 2.211431 0.134019 0.008899 2.371137 0.134115 -0.050067 2.313772 0.050237 -0.130322 2.297861 0.216472 -0.128129 2.297713 0.033264 -0.587328 2.246013 0.197901 -0.543401 2.161217 0.133983 -0.969561 2.482784 0.223607 -0.964610 2.028256 0.135391 -1.015211 2.409496 0.224304 -1.010664 1.922570 
0.140531 0.566641 2.347002 0.137176 0.360130 2.351462 -0.044619 0.252106 2.368655 0.314762 0.237499 2.333436 -0.117491 -0.004409 2.387380 0.375114 -0.034039 2.306419 -0.111243 -0.205244 2.306419 0.380510 -0.253944 2.265456 -0.092295 -0.281447 2.207233 0.366879 -0.336942 2.166356 0.132195 0.011388 2.343537 0.131296 -0.047515 2.286400 0.047240 -0.127354 2.272270 0.212875 -0.125975 2.268902 0.020364 -0.573719 2.192048 0.194077 -0.540015 2.144625 0.119053 -0.964133 2.432606 0.218311 -0.962801 2.011261 0.118363 -1.008295 2.356996 0.218087 -1.008908 1.905783 
0.139674 0.569260 2.314900 0.136675 0.363086 2.319840 -0.045348 0.255592 2.340676 0.312877 0.239922 2.298879 -0.119699 -0.003213 2.368383 0.372999 -0.029317 2.265838 -0.115398 -0.205363 2.265838 0.374909 -0.247110 2.251592 -0.097766 -0.280978 2.196189 0.360337 -0.328385 2.114495 0.130152 0.014092 2.313999 0.128172 -0.044869 2.257308 0.044014 -0.124295 2.245443 0.208901 -0.123692 2.238447 0.008691 -0.560761 2.138643 0.190648 -0.536927 2.129461 0.101262 -0.958461 2.363158 0.213170 -0.961065 1.997281 0.098475 -1.002086 2.284666 0.211965 -1.007275 1.892349 
0.138630 0.571762 2.285077 0.135922 0.365987 2.290128 -0.046132 0.258789 2.314343 0.310980 0.242298 2.267085 -0.121655 -0.002226 2.349700 0.371145 -0.024816 2.228542 -0.119437 -0.205686 2.228542 0.369837 -0.240723 2.237476 -0.103210 -0.280732 2.184861 0.354637 -0.320232 2.068221 0.128197 0.016606 2.286675 0.125241 -0.042479 2.230458 0.041033 -0.121525 2.220738 0.205220 -0.121625 2.210494 -0.001227 -0.549520 2.091869 0.187563 -0.534139 2.115676 0.083432 -0.952756 2.290829 0.208165 -0.959447 1.986351 0.078560 -0.996261 2.208896 0.205950 -1.005800 1.882318 
0.136658 0.574179 2.255037 0.134904 0.368744 2.260973 -0.047176 0.261781 2.288066 0.308812 0.244709 2.236266 -0.123534 -0.001335 2.328486 0.369360 -0.020483 2.192589 -0.123446 -0.206401 2.192589 0.365000 -0.235021 2.221616 -0.109071 -0.280813 2.171627 0.349445 -0.312511 2.025381 0.126197 0.018917 2.259979 0.122322 -0.040340 2.204262 0.038112 -0.119002 2.196548 0.201621 -0.119780 2.183477 -0.009682 -0.540006 2.050396 0.184777 -0.531622 2.103156 0.068844 -0.946287 2.212545 0.203352 -0.957937 1.978082 0.062385 -0.989734 2.126385 0.200140 -1.004478 1.875176 
0.134235 0.576347 2.226357 0.133595 0.371191 2.233008 -0.048488 0.264600 2.262036 0.306412 0.246910 2.206780 -0.125386 -0.000654 2.307397 0.367509 -0.016577 2.158889 -0.127625 -0.207261 2.158889 0.360367 -0.229554 2.204787 -0.115208 -0.281055 2.157238 0.344736 -0.305242 1.985541 0.124013 0.020907 2.234063 0.119281 -0.038524 2.178754 0.035103 -0.116790 2.172888 0.197930 -0.118231 2.157174 -0.017006 -0.531791 2.012986 0.182264 -0.529388 2.091741 0.056946 -0.939528 2.134427 0.198734 -0.956558 1.972623 0.049514 -0.982675 2.043977 0.194588 -1.003222 1.871025 
0.129838 0.578205 2.194214 0.131016 0.373238 2.201951 -0.051406 0.266667 2.232220 0.302848 0.249018 2.174987 -0.128538 -0.000853 2.278461 0.364731 -0.013179 2.122988 -0.133421 -0.209341 2.122988 0.355274 -0.225096 2.180064 -0.122374 -0.281851 2.136253 0.339371 -0.299541 1.945377 0.120991 0.022441 2.204836 0.115488 -0.037201 2.149892 0.031409 -0.115137 2.145664 0.193613 -0.117187 2.127714 -0.023401 -0.524606 1.974671 0.180046 -0.527709 2.080690 0.048965 -0.932217 2.050673 0.194262 -0.955362 1.969104 0.041501 -0.974630 1.955798 0.189272 -1.001867 1.868813 
0.125236 0.579767 2.164231 0.128078 0.374987 2.172676 -0.054676 0.268305 2.203567 0.298921 0.250797 2.144687 -0.132115 -0.001314 2.249011 0.361899 -0.010190 2.090051 -0.139603 -0.211586 2.090051 0.350635 -0.221441 2.153523 -0.129726 -0.282920 2.113081 0.334622 -0.294625 1.909940 0.117880 0.023656 2.176842 0.111679 -0.036184 2.122152 0.027745 -0.113816 2.119313 0.189367 -0.116399 2.099382 -0.029102 -0.518278 1.939186 0.178033 -0.526352 2.070366 0.042450 -0.926066 1.975081 0.189495 -0.954242 1.967289 0.035140 -0.967991 1.876861 0.183639 -1.000489 1.868336 
0.119690 0.580993 2.134624 0.124289 0.376433 2.143344 -0.058718 0.269717 2.174778 0.294530 0.252401 2.115202 -0.136331 -0.001767 2.216223 0.358588 -0.007754 2.058822 -0.146782 -0.213773 2.058822 0.346284 -0.218604 2.122783 -0.138659 -0.284493 2.084557 0.329920 -0.291656 1.876615 0.114184 0.024667 2.148174 0.107400 -0.035322 2.093634 0.023675 -0.112694 2.092009 0.184729 -0.115757 2.070120 -0.034192 -0.512554 1.904342 0.176096 -0.525443 2.059929 0.037770 -0.921280 1.909464 0.184625 -0.953068 1.966325 0.030634 -0.962929 1.809520 0.177974 -0.998927 1.868621 
0.113257 0.582000 2.105711 0.119991 0.377707 2.114881 -0.063526 0.270901 2.146272 0.289370 0.253876 2.085842 -0.141025 -0.002610 2.182553 0.354859 -0.005697 2.029375 -0.154211 -0.216227 2.029375 0.341923 -0.216282 2.090183 -0.147632 -0.286613 2.053338 0.325752 -0.288416 1.847618 0.110046 0.025523 2.119653 0.102678 -0.034568 2.065131 0.019118 -0.111715 2.064380 0.179727 -0.115208 2.040899 -0.038678 -0.507563 1.871713 0.174069 -0.524984 2.049038 0.033940 -0.916885 1.848255 0.180182 -0.951713 1.966573 0.026983 -0.958313 1.746885 0.172768 -0.997054 1.870084 
0.103536 0.583157 2.073182 0.113056 0.379276 2.082134 -0.070787 0.272232 2.112522 0.281757 0.255980 2.052597 -0.147662 -0.003453 2.140156 0.349162 -0.003905 1.997772 -0.162942 -0.218581 1.997772 0.336459 -0.214618 2.047485 -0.158201 -0.287943 2.012441 0.321427 -0.285735 1.820724 0.103526 0.026568 2.085704 0.095688 -0.033577 2.030996 0.012486 -0.110597 2.031218 0.172418 -0.114213 2.005467 -0.043365 -0.503064 1.836958 0.171065 -0.524436 2.032270 0.033109 -0.912209 1.792191 0.176515 -0.950161 1.964879 0.026524 -0.953032 1.690133 0.168453 -0.995181 1.869479 
0.093593 0.584411 2.042409 0.105848 0.381012 2.050996 -0.078449 0.273474 2.080446 0.273833 0.258117 2.020863 -0.154545 -0.003792 2.098211 0.343606 -0.002260 1.968793 -0.171505 -0.220187 1.968793 0.331388 -0.213191 2.004599 -0.168431 -0.288354 1.970809 0.317293 -0.283345 1.796271 0.096872 0.027713 2.053101 0.088609 -0.032481 1.998150 0.005712 -0.109504 1.998952 0.165133 -0.113023 1.971535 -0.047533 -0.499223 1.805424 0.168482 -0.527203 2.013095 0.032722 -0.908044 1.745346 0.173002 -0.949081 1.962474 0.026196 -0.948235 1.642639 0.164322 -0.993755 1.867865 
0.082955 0.586009 2.012208 0.097808 0.383052 2.019947 -0.087189 0.275053 2.047847 0.265468 0.260674 1.989979 -0.161924 -0.003579 2.054533 0.337796 -0.000200 1.941135 -0.180230 -0.220906 1.941135 0.326399 -0.211613 1.958959 -0.178655 -0.287723 1.926196 0.313401 -0.281224 1.773914 0.089312 0.029297 2.019824 0.080772 -0.030846 1.964501 -0.001757 -0.108131 1.965794 0.157056 -0.111080 1.936460 -0.051321 -0.495904 1.776679 0.165239 -0.526332 1.986218 0.032277 -0.904321 1.704180 0.169814 -0.947685 1.959982 0.025873 -0.943960 1.600758 0.160637 -0.992118 1.866121 
0.071863 0.587801 1.982935 0.089217 0.385334 1.989684 -0.096537 0.276761 2.015762 0.256801 0.263412 1.960034 -0.169445 -0.002894 2.011884 0.331856 0.001887 1.915136 -0.188633 -0.220887 1.915136 0.321316 -0.210061 1.913955 -0.188240 -0.286561 1.882124 0.309466 -0.278955 1.753024 0.081431 0.031071 1.987635 0.072734 -0.029053 1.932004 -0.009605 -0.106661 1.933246 0.149051 -0.109032 1.903170 -0.054733 -0.493027 1.750630 0.161353 -0.525383 1.952873 0.031855 -0.900989 1.667524 0.166525 -0.946075 1.956840 0.025632 -0.940151 1.563456 0.156914 -0.990182 1.863671 
0.060495 0.589944 1.954682 0.080318 0.387875 1.960366 -0.106356 0.278360 1.983727 0.247825 0.266383 1.931199 -0.177359 -0.001707 1.969475 0.325762 0.004220 1.890420 -0.196803 -0.219943 1.890420 0.316265 -0.208397 1.868286 -0.197871 -0.284375 1.834637 0.305558 -0.276683 1.733545 0.073172 0.032970 1.956030 0.064449 -0.027133 1.900031 -0.017695 -0.105123 1.900962 0.140847 -0.106728 1.870589 -0.057793 -0.490557 1.727145 0.156555 -0.523204 1.912840 0.031500 -0.898088 1.634263 0.163032 -0.943734 1.952593 0.025566 -0.936878 1.529634 0.153083 -0.987434 1.860119 
0.047409 0.592862 1.923641 0.069088 0.391230 1.927975 -0.117837 0.280852 1.948111 0.237059 0.270184 1.900138 -0.187017 0.001776 1.922830 0.318311 0.007417 1.864326 -0.205817 -0.215852 1.864326 0.310013 -0.205873 1.816666 -0.207452 -0.279573 1.779951 0.300420 -0.274094 1.712499 0.063178 0.035668 1.921483 0.054734 -0.024414 1.865175 -0.027121 -0.102783 1.865274 0.131429 -0.103478 1.835722 -0.060753 -0.488281 1.705293 0.150436 -0.518479 1.859240 0.031826 -0.895108 1.605204 0.154338 -0.939468 1.938510 0.026389 -0.933463 1.500412 0.144198 -0.982353 1.847174 
0.035031 0.595699 1.894897 0.058444 0.394425 1.898076 -0.128733 0.283312 1.915119 0.226940 0.273784 1.871721 -0.196140 0.005531 1.879504 0.311056 0.010518 1.840263 -0.214290 -0.210946 1.840263 0.303834 -0.203292 1.767678 -0.216074 -0.274230 1.728580 0.295160 -0.271440 1.692403 0.053734 0.038293 1.889720 0.045638 -0.021765 1.833160 -0.035992 -0.100503 1.832287 0.122688 -0.100339 1.803923 -0.063502 -0.486255 1.685380 0.144152 -0.512795 1.804082 0.033246 -0.891823 1.580869 0.137243 -0.932909 1.908558 0.028480 -0.929550 1.476456 0.126825 -0.974605 1.818459 
0.021425 0.598651 1.862790 0.046405 0.398103 1.865293 -0.140981 0.286339 1.878489 0.215541 0.277837 1.841065 -0.206536 0.010912 1.831655 0.302239 0.014265 1.814052 -0.223056 -0.203593 1.814052 0.295686 -0.199663 1.712876 -0.224440 -0.266053 1.670776 0.287981 -0.267717 1.668331 0.042979 0.041495 1.855162 0.035446 -0.018523 1.798395 -0.046012 -0.097749 1.795830 0.113010 -0.096441 1.770126 -0.066016 -0.484430 1.666715 0.136140 -0.504633 1.739718 0.034122 -0.888576 1.561152 0.132485 -0.923054 1.841308 0.030048 -0.925729 1.457693 0.122917 -0.964939 1.750633 
0.008896 0.601228 1.832995 0.034965 0.401498 1.834967 -0.152431 0.289202 1.844620 0.204836 0.281554 1.812785 -0.216098 0.016190 1.787895 0.293744 0.017866 1.789767 -0.230807 -0.196367 1.789767 0.287600 -0.195976 1.662942 -0.231668 -0.257763 1.617463 0.280817 -0.263980 1.645346 0.032930 0.044504 1.823461 0.026006 -0.015478 1.766546 -0.055300 -0.095154 1.762230 0.104130 -0.092797 1.739409 -0.068340 -0.482795 1.649921 0.128418 -0.496692 1.680513 0.036110 -0.885077 1.545185 0.127894 -0.912662 1.771092 0.032894 -0.921600 1.442898 0.119287 -0.954817 1.679639 
-0.004167 0.602546 1.799740 0.022615 0.404860 1.801762 -0.164936 0.292148 1.807185 0.192960 0.285224 1.781600 -0.226302 0.022394 1.742234 0.283473 0.021730 1.762568 -0.238514 -0.187343 1.762568 0.277692 -0.191921 1.609972 -0.238231 -0.247728 1.560921 0.271718 -0.259702 1.618093 0.022110 0.047746 1.789422 0.015948 -0.012178 1.732458 -0.065223 -0.092341 1.726006 0.094765 -0.088860 1.707082 -0.070734 -0.481513 1.634126 0.119088 -0.488650 1.620369 0.034618 -0.883420 1.527694 0.121274 -0.902195 1.695954 0.031780 -0.919683 1.425830 0.113720 -0.944735 1.603668 
-0.016137 0.603459 1.768646 0.010984 0.407870 1.770733 -0.176389 0.294830 1.772541 0.181908 0.288531 1.752622 -0.235584 0.028113 1.701046 0.273397 0.025189 1.736703 -0.245275 -0.179172 1.736703 0.268127 -0.188340 1.562815 -0.243828 -0.238592 1.510602 0.262595 -0.255754 1.591866 0.012108 0.050731 1.758090 0.006721 -0.009154 1.701145 -0.074286 -0.089770 1.692738 0.086217 -0.085235 1.677549 -0.072985 -0.480456 1.619724 0.110686 -0.481424 1.567016 0.032538 -0.882217 1.512397 0.115231 -0.892370 1.624672 0.030046 -0.918245 1.411011 0.108727 -0.935331 1.531583 
-0.029016 0.602756 1.727891 -0.002459 0.410054 1.731848 -0.189124 0.297346 1.730749 0.169004 0.291170 1.715574 -0.246035 0.033815 1.655828 0.260476 0.028206 1.703323 -0.252413 -0.171371 1.703323 0.256129 -0.185494 1.513163 -0.249666 -0.230342 1.458386 0.251124 -0.252675 1.559483 0.000704 0.053554 1.719657 -0.003800 -0.006194 1.662811 -0.084631 -0.087176 1.652347 0.076565 -0.081677 1.641432 -0.076611 -0.479409 1.604113 0.102898 -0.479523 1.520319 0.027810 -0.881133 1.499172 0.106633 -0.886386 1.554706 0.025519 -0.917296 1.398453 0.100976 -0.928575 1.461746 
-0.041404 0.600752 1.683117 -0.015987 0.411290 1.690261 -0.201486 0.299060 1.687042 0.155892 0.292972 1.675191 -0.255878 0.038338 1.612149 0.246774 0.030018 1.665577 -0.259398 -0.165268 1.665577 0.243827 -0.184238 1.466730 -0.255433 -0.224114 1.410441 0.239615 -0.250552 1.525918 -0.011099 0.055815 1.678471 -0.014824 -0.003705 1.621665 -0.095491 -0.084939 1.609144 0.066261 -0.078571 1.602400 -0.081176 -0.478558 1.587171 0.094133 -0.478523 1.472513 0.022140 -0.880259 1.487136 0.095985 -0.880518 1.479133 0.019975 -0.916637 1.387114 0.091090 -0.921795 1.386343 
-0.053052 0.597312 1.631236 -0.029744 0.411612 1.643313 -0.213587 0.299863 1.638527 0.142356 0.293849 1.628498 -0.266058 0.041256 1.566321 0.232400 0.030915 1.621078 -0.267344 -0.161474 1.621078 0.230967 -0.184136 1.421068 -0.262046 -0.219986 1.365533 0.227894 -0.249309 1.488048 -0.024026 0.057343 1.631120 -0.027185 -0.001843 1.574192 -0.107754 -0.082988 1.560153 0.054315 -0.076202 1.556342 -0.087775 -0.478054 1.564865 0.083517 -0.478828 1.422054 0.015483 -0.879686 1.474740 0.082212 -0.875631 1.399123 0.013468 -0.916333 1.375392 0.077975 -0.915881 1.306528 
