114
-0.101862 0.378792 3.737902 -0.102439 0.171114 3.753560 -0.273238 0.063583 3.746726 0.068295 0.070460 3.755723 -0.336381 -0.211330 3.751383 0.149280 -0.208628 3.743971 -0.331466 -0.433195 3.743971 0.160395 -0.427911 3.643670 -0.328548 -0.473600 3.613790 0.165163 -0.497532 3.595313 -0.089584 -0.178214 3.747771 -0.087174 -0.237239 3.691445 -0.162798 -0.315039 3.676520 -0.006812 -0.309492 3.675455 -0.146113 -0.819797 3.615380 0.025307 -0.795867 3.655184 -0.131648 -1.139749 3.511359 0.007978 -1.181316 3.756330 -0.137379 -1.201951 3.430052 0.013709 -1.245643 3.717683 
-0.108934 0.379722 3.723953 -0.108351 0.172217 3.740899 -0.279145 0.065875 3.732773 0.063074 0.071134 3.746761 -0.342720 -0.209364 3.736680 0.145652 -0.207925 3.736929 -0.336530 -0.430368 3.736929 0.157534 -0.426356 3.626009 -0.332457 -0.473162 3.598262 0.160730 -0.495781 3.584629 -0.094780 -0.177221 3.734953 -0.091460 -0.236248 3.678881 -0.166641 -0.313785 3.662430 -0.010691 -0.308506 3.664488 -0.148183 -0.820000 3.608043 0.022105 -0.796868 3.641484 -0.132118 -1.139700 3.508759 0.008814 -1.180432 3.744136 -0.137474 -1.202019 3.428507 0.015079 -1.244159 3.705073 
-0.115729 0.380559 3.710509 -0.114095 0.173339 3.728330 -0.284720 0.068013 3.719487 0.057650 0.071930 3.737596 -0.348747 -0.207526 3.722668 0.142146 -0.207240 3.730282 -0.341355 -0.427799 3.730282 0.154673 -0.424844 3.609442 -0.335971 -0.473048 3.583953 0.156752 -0.494347 3.574609 -0.099767 -0.176252 3.722466 -0.095617 -0.235304 3.666637 -0.170291 -0.312612 3.649026 -0.014561 -0.307487 3.653620 -0.150231 -0.820212 3.600827 0.018919 -0.797841 3.627528 -0.132514 -1.139746 3.506125 0.008610 -1.179086 3.725731 -0.137535 -1.202086 3.427085 0.015107 -1.242031 3.685690 
-0.122419 0.381345 3.697477 -0.119499 0.174370 3.716359 -0.289996 0.069984 3.706780 0.052410 0.072823 3.728826 -0.354438 -0.205766 3.709320 0.138738 -0.206547 3.723907 -0.345909 -0.425477 3.723907 0.151913 -0.423442 3.594064 -0.339200 -0.472796 3.570672 0.152875 -0.493597 3.564818 -0.104535 -0.175339 3.710468 -0.099602 -0.234398 3.654832 -0.173762 -0.311524 3.636320 -0.018352 -0.306431 3.642892 -0.152248 -0.820424 3.593853 0.015732 -0.798603 3.613327 -0.132865 -1.139820 3.503615 0.008066 -1.177655 3.706434 -0.137593 -1.202159 3.425777 0.014670 -1.240100 3.665930 
-0.128606 0.382119 3.685240 -0.124942 0.175547 3.703586 -0.295047 0.071938 3.694407 0.047233 0.073761 3.719924 -0.359829 -0.204051 3.696565 0.135197 -0.205347 3.717239 -0.350254 -0.423291 3.717239 0.149286 -0.421870 3.579602 -0.342095 -0.472440 3.558563 0.149369 -0.492075 3.556149 -0.109122 -0.174323 3.698564 -0.103429 -0.233461 3.643218 -0.177080 -0.310432 3.623894 -0.021963 -0.305380 3.632572 -0.154237 -0.820571 3.587091 0.012476 -0.800067 3.597579 -0.133171 -1.139978 3.501162 0.007687 -1.176205 3.679771 -0.137698 -1.202269 3.424410 0.014320 -1.237878 3.635989 
-0.134344 0.382831 3.673801 -0.130166 0.176714 3.691020 -0.299868 0.073811 3.681554 0.042331 0.074709 3.711484 -0.365060 -0.202289 3.683834 0.131843 -0.204102 3.710932 -0.354279 -0.421306 3.710932 0.146692 -0.420068 3.566058 -0.344701 -0.472222 3.547180 0.145849 -0.490830 3.546948 -0.113721 -0.173264 3.686510 -0.107186 -0.232451 3.631457 -0.180312 -0.309269 3.611460 -0.025564 -0.304215 3.622000 -0.156321 -0.820239 3.579882 0.009098 -0.801418 3.580847 -0.133388 -1.140231 3.498735 0.004918 -1.173380 3.645163 -0.137347 -1.202050 3.422498 0.013783 -1.233244 3.596499 
-0.139828 0.383615 3.662583 -0.135191 0.178033 3.677570 -0.304549 0.075515 3.669087 0.037606 0.075974 3.702610 -0.369877 -0.200616 3.671967 0.128500 -0.202706 3.704452 -0.357976 -0.419447 3.704452 0.144254 -0.418422 3.553512 -0.347009 -0.471833 3.536670 0.142565 -0.489794 3.538398 -0.118009 -0.171963 3.674373 -0.110730 -0.231246 3.619658 -0.183356 -0.308095 3.599389 -0.028935 -0.302857 3.611266 -0.158324 -0.819984 3.572900 0.005863 -0.802360 3.563669 -0.133590 -1.140650 3.496341 0.002659 -1.169780 3.610330 -0.137462 -1.202264 3.421053 0.011828 -1.226998 3.552948 
-0.144830 0.384395 3.651968 -0.139775 0.179307 3.664681 -0.308900 0.077035 3.657251 0.033214 0.077189 3.694147 -0.374271 -0.198980 3.660718 0.125404 -0.201507 3.698080 -0.361364 -0.417719 3.698080 0.141926 -0.417005 3.541873 -0.349039 -0.472639 3.525622 0.140092 -0.488427 3.531237 -0.121918 -0.170670 3.662715 -0.113939 -0.230039 3.608313 -0.186107 -0.306917 3.587468 -0.031994 -0.301543 3.601104 -0.160244 -0.819650 3.566135 0.002721 -0.803165 3.547306 -0.133732 -1.141133 3.493952 0.001183 -1.165338 3.575392 -0.137681 -1.202498 3.419842 0.010029 -1.221118 3.513484 
-0.149278 0.385151 3.641974 -0.143895 0.180464 3.652419 -0.312780 0.078486 3.645729 0.029168 0.078397 3.685894 -0.378255 -0.197478 3.650328 0.122410 -0.200445 3.691185 -0.364453 -0.416132 3.691185 0.139813 -0.415948 3.531118 -0.350807 -0.473533 3.514967 0.137699 -0.487240 3.524636 -0.125469 -0.169471 3.651568 -0.116829 -0.228915 3.597447 -0.188573 -0.305824 3.576152 -0.034768 -0.300309 3.591347 -0.162011 -0.819426 3.559375 -0.000088 -0.804456 3.531068 -0.133621 -1.141794 3.491054 0.001210 -1.161005 3.536937 -0.137941 -1.202774 3.418685 0.008771 -1.216773 3.470166 
-0.153321 0.385846 3.632653 -0.147593 0.181511 3.640976 -0.316225 0.079820 3.634809 0.025459 0.079535 3.678182 -0.381773 -0.195996 3.640160 0.119666 -0.199473 3.684540 -0.367228 -0.414745 3.684540 0.137894 -0.415042 3.521226 -0.352322 -0.474584 3.504388 0.135416 -0.486187 3.518174 -0.128732 -0.168369 3.641037 -0.119471 -0.227873 3.587147 -0.190817 -0.304802 3.565509 -0.037352 -0.299141 3.581976 -0.163636 -0.819214 3.552937 -0.002603 -0.804993 3.515762 -0.133541 -1.142440 3.488408 0.000957 -1.156822 3.502816 -0.138236 -1.203059 3.417606 0.007666 -1.211700 3.434576 
-0.156856 0.386578 3.623222 -0.150906 0.182528 3.630047 -0.319266 0.081124 3.624430 0.021958 0.080629 3.670494 -0.384930 -0.194655 3.630138 0.117098 -0.198683 3.677491 -0.369671 -0.413583 3.677491 0.136131 -0.414391 3.511949 -0.353533 -0.475917 3.494289 0.133270 -0.485854 3.510335 -0.131672 -0.167351 3.630912 -0.121852 -0.226920 3.577209 -0.192816 -0.303844 3.555277 -0.039717 -0.298042 3.572947 -0.165137 -0.819022 3.546816 -0.004901 -0.805497 3.501580 -0.133456 -1.143115 3.485891 0.000785 -1.153004 3.472235 -0.138545 -1.203357 3.416613 0.006942 -1.206795 3.399106 
-0.159986 0.387233 3.614355 -0.153855 0.183401 3.619829 -0.321949 0.082312 3.614784 0.018836 0.081613 3.663085 -0.387712 -0.193439 3.620775 0.114751 -0.197958 3.670720 -0.371860 -0.412568 3.670720 0.134540 -0.413847 3.503440 -0.354544 -0.477332 3.484681 0.131495 -0.484754 3.504305 -0.134269 -0.166436 3.621421 -0.123949 -0.226059 3.567869 -0.194566 -0.302982 3.545651 -0.041794 -0.297053 3.564418 -0.166527 -0.818836 3.541062 -0.006867 -0.805957 3.488189 -0.133381 -1.143783 3.483444 0.000778 -1.149409 3.444524 -0.138801 -1.203642 3.415608 0.006209 -1.202596 3.367600 
-0.162767 0.387823 3.605750 -0.156359 0.184222 3.610010 -0.324277 0.083395 3.605724 0.016005 0.082547 3.655659 -0.390068 -0.192280 3.611846 0.112683 -0.197218 3.664195 -0.373738 -0.411609 3.664195 0.133108 -0.413343 3.495233 -0.355214 -0.478756 3.475322 0.129966 -0.484605 3.497769 -0.136540 -0.165575 3.612304 -0.125804 -0.225255 3.558873 -0.196112 -0.302171 3.536580 -0.043677 -0.296111 3.555974 -0.167819 -0.818626 3.535581 -0.008495 -0.806480 3.475509 -0.133201 -1.144509 3.480984 0.000897 -1.146370 3.419166 -0.139066 -1.203958 3.414671 0.005653 -1.199098 3.339852 
-0.164904 0.388468 3.597153 -0.158455 0.185053 3.600930 -0.326276 0.084416 3.597304 0.013656 0.083433 3.648509 -0.392079 -0.191149 3.603392 0.110856 -0.196379 3.657727 -0.375365 -0.410703 3.657727 0.131943 -0.412817 3.487543 -0.355816 -0.478889 3.466639 0.128483 -0.483879 3.491823 -0.138402 -0.164680 3.603592 -0.127292 -0.224379 3.550187 -0.197281 -0.301269 3.527479 -0.045226 -0.295160 3.547903 -0.169007 -0.818396 3.530349 -0.009870 -0.806934 3.463882 -0.133028 -1.145247 3.478747 0.000998 -1.143672 3.396617 -0.139337 -1.204298 3.413840 0.005128 -1.196043 3.315295 
-0.166579 0.389074 3.588841 -0.160230 0.185842 3.592472 -0.327902 0.085419 3.589355 0.011671 0.084242 3.641520 -0.393787 -0.190091 3.595185 0.109396 -0.195606 3.651358 -0.376606 -0.409840 3.651358 0.130971 -0.412406 3.479949 -0.356157 -0.479010 3.458564 0.127292 -0.483799 3.485717 -0.139960 -0.163829 3.595313 -0.128518 -0.223535 3.541902 -0.198215 -0.300382 3.518759 -0.046530 -0.294268 3.540222 -0.170093 -0.818041 3.525139 -0.010986 -0.807117 3.453117 -0.132873 -1.145944 3.476742 0.001179 -1.141088 3.376494 -0.139050 -1.204343 3.412300 0.004686 -1.193239 3.294408 
-0.167726 0.389728 3.580880 -0.161565 0.186578 3.584271 -0.329219 0.086369 3.581893 0.010190 0.085009 3.634845 -0.395233 -0.189075 3.587615 0.108270 -0.194823 3.644726 -0.377623 -0.408977 3.644726 0.130143 -0.412085 3.472793 -0.356349 -0.479039 3.451069 0.126318 -0.484039 3.480278 -0.141163 -0.162934 3.587395 -0.129428 -0.222637 3.533987 -0.198886 -0.299480 3.510457 -0.047522 -0.293387 3.532920 -0.171006 -0.817745 3.519977 -0.011944 -0.807241 3.443198 -0.132740 -1.146696 3.474806 0.001172 -1.138859 3.358771 -0.139389 -1.204872 3.411644 0.004283 -1.190801 3.275831 
-0.168273 0.390316 3.572933 -0.162530 0.187240 3.576540 -0.330166 0.087244 3.574764 0.009091 0.085713 3.628322 -0.396310 -0.188166 3.580156 0.107403 -0.194103 3.638302 -0.378364 -0.408287 3.638302 0.129563 -0.411807 3.465995 -0.356314 -0.479007 3.443879 0.125482 -0.484361 3.474593 -0.142035 -0.162074 3.579793 -0.130045 -0.221751 3.526358 -0.199276 -0.298585 3.502396 -0.048238 -0.292535 3.525853 -0.171812 -0.817423 3.515005 -0.012684 -0.807363 3.434036 -0.132648 -1.147322 3.472996 0.001161 -1.136873 3.342934 -0.139599 -1.205255 3.410848 0.003866 -1.188657 3.259009 
-0.168032 0.390898 3.564542 -0.162923 0.187927 3.568744 -0.330551 0.088089 3.567597 0.008453 0.086453 3.621926 -0.397068 -0.187319 3.573129 0.106769 -0.193413 3.631989 -0.378664 -0.407553 3.631989 0.129228 -0.411523 3.459180 -0.356162 -0.478815 3.437084 0.124919 -0.484816 3.468898 -0.142515 -0.161103 3.572327 -0.130291 -0.220757 3.518897 -0.199294 -0.297579 3.494449 -0.048654 -0.291646 3.519067 -0.172446 -0.817105 3.510163 -0.013297 -0.807393 3.425633 -0.132556 -1.147922 3.471289 0.001210 -1.135073 3.328550 -0.139812 -1.205644 3.410105 0.003767 -1.186257 3.243368 
-0.166881 0.391453 3.555726 -0.162514 0.188590 3.560735 -0.330111 0.088887 3.559872 0.008838 0.087395 3.615341 -0.397451 -0.186504 3.566447 0.106859 -0.192582 3.625277 -0.378141 -0.406498 3.625277 0.129326 -0.411131 3.451684 -0.355382 -0.478417 3.429785 0.125040 -0.484741 3.463125 -0.142384 -0.159964 3.564736 -0.129924 -0.219559 3.511322 -0.198737 -0.296457 3.486196 -0.048492 -0.290670 3.512346 -0.172796 -0.816773 3.505105 -0.013722 -0.807305 3.417846 -0.132419 -1.148519 3.469602 0.001298 -1.133431 3.315547 -0.140068 -1.206024 3.409413 0.003517 -1.184386 3.229560 
-0.165108 0.392042 3.547047 -0.161299 0.189354 3.552428 -0.328588 0.089892 3.551622 0.009803 0.088396 3.608772 -0.397084 -0.185680 3.559466 0.107317 -0.191777 3.618503 -0.377306 -0.405635 3.618503 0.129890 -0.411117 3.444367 -0.354406 -0.477906 3.422559 0.125243 -0.485225 3.457481 -0.141774 -0.158786 3.557093 -0.129080 -0.218353 3.503732 -0.197664 -0.295291 3.477794 -0.047986 -0.289743 3.505796 -0.172832 -0.816486 3.499706 -0.013870 -0.807297 3.410418 -0.132206 -1.149147 3.467895 0.001386 -1.131956 3.303775 -0.140362 -1.206495 3.408821 0.003292 -1.182817 3.217047 
-0.162693 0.392675 3.538471 -0.159311 0.190091 3.543940 -0.326228 0.090756 3.542900 0.011659 0.089386 3.602321 -0.396004 -0.184593 3.552351 0.108313 -0.191007 3.611660 -0.375820 -0.404512 3.611660 0.131066 -0.410612 3.436944 -0.353256 -0.477314 3.415671 0.126133 -0.484536 3.450458 -0.140639 -0.157589 3.549296 -0.127693 -0.217120 3.495998 -0.196174 -0.294134 3.469297 -0.046878 -0.288874 3.499045 -0.172593 -0.816033 3.493872 -0.013771 -0.807060 3.403461 -0.131951 -1.149730 3.466193 0.001516 -1.130610 3.293146 -0.140634 -1.206882 3.408343 0.003167 -1.181476 3.205991 
-0.159852 0.393382 3.530065 -0.156878 0.190847 3.535646 -0.322960 0.091584 3.533860 0.014026 0.090344 3.595863 -0.394353 -0.183236 3.545189 0.109861 -0.190361 3.604501 -0.374034 -0.403239 3.604501 0.132493 -0.410304 3.429764 -0.351788 -0.476417 3.408752 0.127364 -0.485060 3.443124 -0.139151 -0.156412 3.541622 -0.125944 -0.215911 3.488374 -0.194294 -0.292955 3.460873 -0.045483 -0.288040 3.492444 -0.172220 -0.815541 3.488077 -0.013462 -0.806659 3.396947 -0.131679 -1.150295 3.464510 0.001707 -1.129386 3.283628 -0.140862 -1.207237 3.407847 0.002911 -1.180287 3.197038 
-0.156569 0.394219 3.521754 -0.153856 0.191649 3.527316 -0.319175 0.092358 3.524821 0.017288 0.091474 3.588465 -0.392148 -0.181623 3.538049 0.111901 -0.189608 3.596962 -0.371483 -0.401591 3.596962 0.134209 -0.409981 3.422333 -0.349837 -0.475227 3.401613 0.128554 -0.484520 3.436032 -0.136980 -0.155246 3.533718 -0.123607 -0.214717 3.480499 -0.191877 -0.291785 3.452270 -0.043488 -0.287195 3.485491 -0.171689 -0.815016 3.482230 -0.012872 -0.805927 3.390742 -0.131404 -1.150831 3.462901 0.002015 -1.128232 3.275231 -0.141082 -1.207577 3.407393 0.002812 -1.179211 3.189932 
-0.152347 0.395231 3.513631 -0.150429 0.192451 3.519163 -0.314922 0.093099 3.515954 0.021174 0.092413 3.580950 -0.389520 -0.179944 3.530929 0.114889 -0.188219 3.588688 -0.368712 -0.399985 3.588688 0.136460 -0.409499 3.415178 -0.347721 -0.473936 3.394717 0.130810 -0.484541 3.429467 -0.134337 -0.154094 3.525772 -0.120820 -0.213523 3.472551 -0.189128 -0.290596 3.443808 -0.040890 -0.286337 3.478097 -0.170933 -0.814379 3.475914 -0.012146 -0.805167 3.384986 -0.131052 -1.151262 3.460963 0.002393 -1.127192 3.267908 -0.141252 -1.207882 3.406788 0.002618 -1.178415 3.184510 
-0.147800 0.396218 3.505746 -0.146664 0.193246 3.511308 -0.310062 0.093696 3.507097 0.025659 0.093208 3.573280 -0.386502 -0.178175 3.523829 0.118197 -0.186940 3.580586 -0.365793 -0.398398 3.580586 0.138925 -0.408758 3.408317 -0.345416 -0.472421 3.388032 0.133121 -0.484505 3.423010 -0.131266 -0.152951 3.517860 -0.117615 -0.212310 3.464588 -0.185860 -0.289352 3.435129 -0.037941 -0.285474 3.470733 -0.169815 -0.813508 3.468349 -0.011207 -0.804312 3.379522 -0.130749 -1.151667 3.458989 0.002836 -1.126276 3.261572 -0.141429 -1.208195 3.406158 0.002505 -1.177781 3.180461 
-0.142806 0.397196 3.498150 -0.142267 0.194069 3.503554 -0.305058 0.094254 3.498631 0.030605 0.093976 3.565762 -0.382856 -0.176390 3.516303 0.121752 -0.185599 3.572548 -0.362676 -0.396967 3.572548 0.141748 -0.407817 3.401547 -0.342839 -0.470755 3.381324 0.135605 -0.484537 3.415632 -0.127739 -0.151718 3.509979 -0.114010 -0.210984 3.456653 -0.182295 -0.288034 3.426532 -0.034601 -0.284545 3.463359 -0.168455 -0.812347 3.459454 -0.010060 -0.803344 3.374361 -0.130187 -1.152114 3.456486 0.003345 -1.125454 3.256232 -0.141718 -1.208583 3.405746 0.002439 -1.177273 3.177721 
-0.137226 0.398266 3.490777 -0.137368 0.194958 3.496012 -0.299644 0.094817 3.490194 0.036373 0.094596 3.557738 -0.378451 -0.174662 3.508229 0.126015 -0.184045 3.563499 -0.358991 -0.395557 3.563499 0.144908 -0.406871 3.394234 -0.339969 -0.468846 3.374442 0.138272 -0.484654 3.408049 -0.123687 -0.150434 3.502085 -0.109948 -0.209590 3.448680 -0.178233 -0.286589 3.417737 -0.030834 -0.283624 3.455944 -0.166915 -0.809672 3.447278 -0.008619 -0.802201 3.369424 -0.129610 -1.152387 3.453844 0.003948 -1.124697 3.251816 -0.142003 -1.208929 3.405380 0.002481 -1.176831 3.176083 
-0.131371 0.399349 3.483513 -0.132213 0.195938 3.488720 -0.294108 0.095401 3.482115 0.042882 0.095146 3.548856 -0.373427 -0.172768 3.499620 0.130472 -0.182583 3.554425 -0.355038 -0.394187 3.554425 0.148404 -0.405764 3.387057 -0.336905 -0.466925 3.367359 0.141362 -0.484604 3.399290 -0.119179 -0.149221 3.494094 -0.105553 -0.208281 3.440554 -0.173986 -0.285220 3.408951 -0.026553 -0.282799 3.448057 -0.165217 -0.807033 3.433965 -0.006990 -0.801122 3.364673 -0.129037 -1.152567 3.450952 0.004563 -1.124136 3.248093 -0.142384 -1.209283 3.404775 0.002541 -1.176857 3.175727 
-0.125117 0.400450 3.476244 -0.126683 0.197002 3.481537 -0.287809 0.096150 3.473757 0.049569 0.095638 3.539899 -0.368011 -0.170889 3.490924 0.135592 -0.181475 3.544486 -0.351142 -0.392965 3.544486 0.152183 -0.405036 3.380314 -0.333864 -0.464995 3.360588 0.144595 -0.484240 3.390609 -0.114448 -0.148063 3.486185 -0.100953 -0.207047 3.432520 -0.169531 -0.283879 3.400242 -0.022148 -0.282035 3.440326 -0.163285 -0.804194 3.419771 -0.005169 -0.800007 3.360150 -0.128382 -1.152356 3.446774 0.005214 -1.123664 3.245188 -0.142865 -1.209230 3.402404 0.002523 -1.177102 3.176724 
-0.118733 0.401540 3.469338 -0.121094 0.198030 3.474697 -0.280815 0.096753 3.465238 0.056480 0.096107 3.530958 -0.362580 -0.169120 3.482555 0.141086 -0.180013 3.533988 -0.347142 -0.391780 3.533988 0.156138 -0.404100 3.373673 -0.330722 -0.462853 3.353713 0.147920 -0.483830 3.381936 -0.109472 -0.147035 3.478314 -0.096075 -0.205931 3.424461 -0.164784 -0.282607 3.391470 -0.017434 -0.281358 3.432499 -0.161114 -0.800859 3.403145 -0.003152 -0.798844 3.355849 -0.127405 -1.151799 3.441243 0.005867 -1.123277 3.242990 -0.143362 -1.209174 3.400182 0.002593 -1.177429 3.178343 
-0.111998 0.402479 3.461727 -0.115110 0.199050 3.467935 -0.273801 0.097305 3.456897 0.063531 0.096629 3.521976 -0.357224 -0.167429 3.474642 0.146487 -0.178597 3.523745 -0.343199 -0.390620 3.523745 0.160474 -0.402857 3.367324 -0.327485 -0.460731 3.346903 0.151461 -0.483411 3.373271 -0.104280 -0.146064 3.470507 -0.091055 -0.204878 3.416482 -0.159962 -0.281384 3.382842 -0.012568 -0.280735 3.424679 -0.158736 -0.797226 3.385461 -0.000987 -0.797789 3.351752 -0.125755 -1.150096 3.430414 0.006283 -1.123070 3.241027 -0.143929 -1.209020 3.394646 0.000496 -1.178256 3.180468 
-0.105082 0.403384 3.454176 -0.109015 0.199982 3.461203 -0.266582 0.097835 3.448456 0.070707 0.097163 3.512787 -0.351850 -0.165874 3.466974 0.151914 -0.177140 3.513595 -0.339154 -0.389523 3.513595 0.165092 -0.401444 3.361029 -0.324278 -0.458623 3.340260 0.155191 -0.483315 3.364147 -0.098955 -0.145180 3.462754 -0.085931 -0.203914 3.408577 -0.155020 -0.280241 3.374268 -0.007628 -0.280180 3.416979 -0.156000 -0.793784 3.366117 0.001223 -0.796750 3.347863 -0.124417 -1.148723 3.416770 0.006710 -1.122935 3.239532 -0.143900 -1.207677 3.381740 -0.002556 -1.178568 3.183317 
-0.098283 0.404263 3.446857 -0.102877 0.200824 3.454719 -0.259645 0.098350 3.440459 0.077711 0.097690 3.503994 -0.346617 -0.164415 3.459650 0.157497 -0.175698 3.503231 -0.335302 -0.388541 3.503231 0.169742 -0.400024 3.355182 -0.321125 -0.456562 3.333892 0.158928 -0.483318 3.355090 -0.093573 -0.144345 3.455112 -0.080763 -0.202966 3.400748 -0.150131 -0.279139 3.365902 -0.002514 -0.279615 3.409075 -0.153015 -0.789791 3.345526 0.003478 -0.795746 3.344203 -0.122714 -1.146900 3.398962 0.007064 -1.122879 3.238410 -0.143458 -1.206291 3.365915 -0.003475 -1.178865 3.184845 
-0.091662 0.405079 3.439783 -0.096574 0.201473 3.447806 -0.252838 0.098860 3.432535 0.084693 0.098270 3.495175 -0.341568 -0.163048 3.452684 0.162941 -0.174288 3.493256 -0.331573 -0.387635 3.493256 0.174270 -0.398771 3.349654 -0.318076 -0.454586 3.327792 0.163151 -0.482760 3.344796 -0.088076 -0.143551 3.447254 -0.075515 -0.202058 3.392755 -0.145274 -0.278084 3.357650 0.002751 -0.279067 3.400836 -0.150047 -0.785813 3.324980 0.005742 -0.794780 3.340727 -0.121314 -1.145340 3.375742 0.007447 -1.123076 3.237725 -0.141645 -1.203198 3.339521 -0.003883 -1.178911 3.185648 
-0.085358 0.405883 3.432848 -0.090379 0.202187 3.441005 -0.246360 0.099387 3.425013 0.091301 0.098997 3.486189 -0.336773 -0.161797 3.446208 0.168288 -0.172876 3.483264 -0.327838 -0.386760 3.483264 0.178567 -0.397539 3.344318 -0.315166 -0.452727 3.322084 0.167093 -0.482219 3.334428 -0.082537 -0.142811 3.439350 -0.070293 -0.201218 3.384697 -0.140471 -0.277078 3.349546 0.007997 -0.278477 3.392318 -0.147141 -0.781657 3.303596 0.008097 -0.793774 3.337373 -0.119437 -1.141894 3.345359 0.007853 -1.123237 3.237320 -0.140529 -1.197938 3.305556 -0.004225 -1.179491 3.187613 
-0.079318 0.406569 3.425968 -0.084232 0.202892 3.434057 -0.239976 0.099824 3.417355 0.097644 0.099628 3.477426 -0.332160 -0.160650 3.440109 0.173755 -0.171433 3.472611 -0.324165 -0.385921 3.472611 0.182781 -0.396427 3.339141 -0.312371 -0.451024 3.316675 0.171012 -0.481478 3.322904 -0.077088 -0.142141 3.431330 -0.065130 -0.200463 3.376532 -0.135697 -0.276146 3.341295 0.013140 -0.277952 3.383792 -0.144262 -0.777641 3.281651 0.010493 -0.792828 3.334170 -0.118206 -1.137120 3.307742 0.008284 -1.123358 3.237200 -0.139654 -1.192004 3.259806 -0.004602 -1.179870 3.189077 
-0.073386 0.407254 3.418746 -0.077990 0.203661 3.426620 -0.233818 0.100236 3.409571 0.103737 0.100284 3.468204 -0.327743 -0.159625 3.434334 0.179008 -0.170024 3.461855 -0.320677 -0.385182 3.461855 0.187339 -0.394119 3.334235 -0.309716 -0.449452 3.311588 0.174985 -0.480463 3.310184 -0.071638 -0.141504 3.422943 -0.060022 -0.199772 3.368024 -0.131004 -0.275271 3.332832 0.018191 -0.277442 3.374919 -0.141412 -0.774211 3.258027 0.012863 -0.791951 3.331154 -0.117554 -1.131947 3.261370 0.008702 -1.123504 3.237343 -0.139654 -1.186246 3.206001 -0.004886 -1.180198 3.190809 
-0.067749 0.407890 3.411469 -0.071824 0.204419 3.419069 -0.227798 0.100673 3.401474 0.109521 0.100889 3.459283 -0.323400 -0.158775 3.428475 0.184161 -0.168703 3.450318 -0.317398 -0.384678 3.450318 0.191659 -0.391597 3.329630 -0.307195 -0.448000 3.306756 0.178770 -0.479096 3.295062 -0.066383 -0.140898 3.414434 -0.055060 -0.199114 3.359374 -0.126449 -0.274422 3.324160 0.023068 -0.276973 3.365930 -0.138627 -0.770900 3.234720 0.015236 -0.791308 3.328172 -0.117709 -1.124852 3.212238 0.009132 -1.123794 3.237663 -0.138318 -1.178925 3.150427 -0.005058 -1.180873 3.192986 
-0.062088 0.408558 3.402862 -0.065756 0.205222 3.410805 -0.222052 0.101170 3.393092 0.115212 0.101205 3.448406 -0.319294 -0.158011 3.422875 0.189367 -0.167499 3.437193 -0.314355 -0.384233 3.437193 0.195586 -0.389308 3.325216 -0.304817 -0.446666 3.302172 0.182283 -0.477485 3.279476 -0.061131 -0.140406 3.405402 -0.050233 -0.198620 3.350247 -0.121988 -0.273710 3.314945 0.027747 -0.276670 3.356683 -0.135984 -0.767896 3.211493 0.017596 -0.790796 3.325211 -0.117975 -1.117752 3.160476 0.009588 -1.124115 3.238236 -0.137368 -1.170051 3.089658 -0.005030 -1.181466 3.195021 
-0.056883 0.409107 3.393993 -0.060194 0.205806 3.402041 -0.216549 0.101498 3.383969 0.120518 0.101483 3.437658 -0.315312 -0.157365 3.417057 0.194288 -0.166212 3.422873 -0.311431 -0.383923 3.422873 0.199089 -0.386817 3.320805 -0.302586 -0.445474 3.297772 0.185588 -0.475025 3.261968 -0.056213 -0.140010 3.395926 -0.045631 -0.198207 3.340660 -0.117710 -0.273092 3.305270 0.032260 -0.276449 3.346917 -0.133356 -0.764637 3.186732 0.019991 -0.790279 3.322190 -0.118368 -1.110005 3.109435 0.010018 -1.124462 3.238946 -0.136354 -1.160933 3.031193 -0.005168 -1.182258 3.197572 
-0.052073 0.409395 3.383776 -0.054971 0.206277 3.392805 -0.211587 0.101657 3.374528 0.125532 0.101683 3.426453 -0.311565 -0.156763 3.411179 0.198972 -0.164919 3.408715 -0.308784 -0.383680 3.408715 0.202128 -0.383943 3.316634 -0.300525 -0.444407 3.293558 0.188441 -0.471973 3.242173 -0.051551 -0.139638 3.385947 -0.041289 -0.197796 3.330568 -0.113731 -0.272543 3.295051 0.036594 -0.276264 3.336641 -0.130954 -0.761335 3.163050 0.022402 -0.789680 3.318631 -0.118609 -1.100245 3.058479 0.010446 -1.124745 3.239784 -0.134539 -1.149693 2.973712 -0.005306 -1.182716 3.199562 
-0.047774 0.409717 3.372076 -0.050161 0.206505 3.382300 -0.207312 0.101662 3.364644 0.130039 0.101899 3.414670 -0.308026 -0.156313 3.404897 0.203347 -0.163589 3.393523 -0.306068 -0.383508 3.393523 0.204804 -0.380559 3.311416 -0.298524 -0.444041 3.289031 0.191086 -0.468712 3.219499 -0.047194 -0.139357 3.374932 -0.037258 -0.197460 3.319469 -0.110109 -0.272133 3.284224 0.040736 -0.276144 3.324946 -0.128695 -0.758166 3.140438 0.024790 -0.789114 3.314998 -0.118860 -1.090899 3.011444 0.010870 -1.125011 3.240713 -0.132951 -1.139642 2.922006 -0.005141 -1.183328 3.201862 
-0.044220 0.409993 3.359507 -0.045951 0.206549 3.370808 -0.203641 0.101598 3.353162 0.134021 0.102138 3.402508 -0.304663 -0.156127 3.396863 0.207432 -0.161880 3.377028 -0.303640 -0.383717 3.377028 0.206709 -0.376709 3.306274 -0.296744 -0.443336 3.284882 0.193347 -0.464920 3.197299 -0.043318 -0.139164 3.363168 -0.033592 -0.197209 3.307662 -0.106832 -0.271827 3.272721 0.044568 -0.276094 3.312690 -0.126566 -0.754761 3.118376 0.027044 -0.788674 3.310940 -0.119017 -1.082210 2.968273 0.011220 -1.125333 3.241667 -0.131520 -1.130556 2.876020 -0.005001 -1.184021 3.204133 
-0.041777 0.409941 3.344252 -0.042607 0.206778 3.355273 -0.200673 0.101526 3.341321 0.137233 0.102323 3.388835 -0.301724 -0.156253 3.388343 0.211197 -0.160118 3.359565 -0.301434 -0.384214 3.359565 0.208310 -0.372749 3.300704 -0.295247 -0.442814 3.280463 0.195032 -0.459974 3.172476 -0.039954 -0.138842 3.348816 -0.030486 -0.196943 3.293455 -0.104091 -0.271525 3.259517 0.047926 -0.276051 3.297881 -0.124683 -0.751253 3.095801 0.029225 -0.788250 3.306592 -0.119124 -1.074279 2.929547 0.011566 -1.125557 3.242734 -0.130245 -1.122587 2.836030 -0.004851 -1.184592 3.206435 
-0.040124 0.409768 3.327628 -0.039821 0.206908 3.339515 -0.198730 0.101372 3.327826 0.139804 0.102287 3.372933 -0.299187 -0.156897 3.378286 0.214289 -0.158846 3.338137 -0.299536 -0.385215 3.338137 0.209474 -0.369874 3.294287 -0.294225 -0.442701 3.272520 0.196062 -0.456520 3.144099 -0.037045 -0.138558 3.333781 -0.027869 -0.196666 3.278465 -0.101875 -0.271281 3.244940 0.050845 -0.276049 3.282555 -0.122943 -0.747905 3.074980 0.031387 -0.787864 3.301163 -0.119253 -1.067243 2.895394 0.011866 -1.125778 3.243829 -0.129078 -1.115639 2.801199 -0.004832 -1.185049 3.208248 
-0.039807 0.408912 3.307670 -0.037858 0.206878 3.321686 -0.197685 0.101067 3.313286 0.141390 0.102166 3.355275 -0.297081 -0.157948 3.367832 0.216919 -0.157524 3.317207 -0.298096 -0.386635 3.317207 0.209982 -0.365314 3.285796 -0.293508 -0.444392 3.263087 0.196733 -0.451677 3.117255 -0.034713 -0.138390 3.316757 -0.025863 -0.196512 3.261509 -0.100205 -0.271234 3.228694 0.053194 -0.276117 3.265239 -0.121328 -0.744589 3.055169 0.033443 -0.787467 3.295244 -0.119365 -1.061071 2.864916 0.012118 -1.126039 3.244930 -0.128045 -1.109575 2.770589 -0.004471 -1.185884 3.211072 
-0.040701 0.408070 3.285439 -0.037263 0.206892 3.301737 -0.198212 0.100555 3.296384 0.141835 0.101991 3.335507 -0.295638 -0.159270 3.355593 0.218853 -0.156012 3.295158 -0.297101 -0.388266 3.295158 0.210067 -0.361302 3.274249 -0.293075 -0.446630 3.251618 0.196978 -0.447076 3.092061 -0.033298 -0.138170 3.298224 -0.024710 -0.196348 3.243112 -0.099337 -0.271260 3.211281 0.054807 -0.276173 3.246297 -0.119963 -0.741298 3.036308 0.035310 -0.787557 3.288598 -0.119495 -1.055665 2.837519 0.012383 -1.126388 3.245889 -0.126900 -1.103483 2.742034 -0.004151 -1.186417 3.212714 
-0.042203 0.407368 3.263730 -0.037367 0.207088 3.280656 -0.199830 0.100091 3.277248 0.140423 0.102117 3.311878 -0.294857 -0.160731 3.340545 0.219968 -0.154346 3.273011 -0.296793 -0.390178 3.273011 0.209400 -0.356813 3.261450 -0.292959 -0.447257 3.238889 0.196746 -0.441877 3.063513 -0.032758 -0.137854 3.277610 -0.024615 -0.196048 3.222420 -0.099429 -0.271127 3.191961 0.055107 -0.275880 3.224330 -0.118872 -0.737925 3.017634 0.036985 -0.787480 3.279881 -0.119657 -1.050883 2.812859 0.012628 -1.126695 3.246792 -0.125969 -1.098079 2.716377 -0.002464 -1.187379 3.216524 
-0.044674 0.407289 3.240844 -0.039363 0.207328 3.254865 -0.202421 0.100012 3.256625 0.138362 0.102590 3.287991 -0.294852 -0.162128 3.323724 0.219731 -0.152472 3.249380 -0.297421 -0.392040 3.249380 0.208293 -0.352959 3.246394 -0.294091 -0.447358 3.223190 0.196348 -0.437092 3.037462 -0.033341 -0.137185 3.254403 -0.025452 -0.195503 3.199496 -0.100325 -0.270771 3.170638 0.054653 -0.275371 3.200734 -0.118098 -0.734638 2.999912 0.038411 -0.787509 3.269643 -0.119802 -1.046653 2.790844 0.012844 -1.127090 3.247671 -0.125138 -1.093350 2.693441 -0.001110 -1.188520 3.219421 
-0.050594 0.408469 3.211869 -0.043743 0.208388 3.224632 -0.207354 0.101193 3.229057 0.133053 0.104805 3.255801 -0.297077 -0.162721 3.297253 0.217202 -0.149462 3.220721 -0.299652 -0.392846 3.220721 0.206320 -0.348915 3.219414 -0.296282 -0.448448 3.195573 0.194409 -0.432918 3.007334 -0.036160 -0.135514 3.224899 -0.028592 -0.193769 3.170001 -0.103056 -0.269290 3.143359 0.051557 -0.273104 3.169454 -0.118849 -0.730177 2.979088 0.039460 -0.785788 3.249746 -0.119956 -1.042797 2.770966 0.013016 -1.127067 3.247900 -0.124428 -1.089013 2.672689 -0.000010 -1.188881 3.221362 
-0.057175 0.409839 3.183195 -0.048929 0.209901 3.194475 -0.213033 0.102427 3.201516 0.127252 0.107329 3.224844 -0.299835 -0.162444 3.267077 0.213985 -0.146458 3.192707 -0.302552 -0.393133 3.192707 0.203806 -0.344966 3.190869 -0.300239 -0.448048 3.161532 0.192525 -0.428180 2.980530 -0.039848 -0.133592 3.194989 -0.032552 -0.191786 3.140001 -0.106476 -0.267674 3.116065 0.047471 -0.270371 3.136661 -0.119740 -0.725998 2.959991 0.039341 -0.782631 3.221594 -0.120073 -1.039321 2.753027 0.013190 -1.126680 3.247500 -0.123780 -1.085053 2.653955 0.001332 -1.186857 3.218837 
-0.064527 0.411547 3.154362 -0.054845 0.212218 3.163011 -0.219771 0.103943 3.173311 0.120642 0.110119 3.193705 -0.303638 -0.161676 3.236132 0.210110 -0.143285 3.164462 -0.307178 -0.390989 3.164462 0.201213 -0.341612 3.153036 -0.305432 -0.446015 3.124775 0.190549 -0.423832 2.955965 -0.044361 -0.131138 3.163919 -0.037329 -0.189353 3.108905 -0.110947 -0.265695 3.087067 0.042803 -0.267260 3.103725 -0.120755 -0.722102 2.942111 0.039179 -0.778093 3.186721 -0.120202 -1.036160 2.736760 0.013342 -1.125321 3.244949 -0.123213 -1.081379 2.637117 0.002910 -1.182886 3.212052 
-0.072335 0.414021 3.125469 -0.061638 0.215197 3.130953 -0.227465 0.105946 3.142929 0.113280 0.113534 3.161544 -0.309015 -0.159413 3.201146 0.205703 -0.140088 3.136302 -0.312372 -0.386953 3.136302 0.197733 -0.338454 3.110645 -0.310770 -0.441405 3.082361 0.188328 -0.420075 2.932725 -0.049613 -0.128234 3.132692 -0.042720 -0.186553 3.077773 -0.116131 -0.263380 3.057574 0.037702 -0.263812 3.071436 -0.122104 -0.718421 2.924885 0.038794 -0.774011 3.150911 -0.120379 -1.033294 2.722130 0.014135 -1.123814 3.240771 -0.122708 -1.077965 2.622179 0.005637 -1.178582 3.202546 
-0.080369 0.416598 3.097326 -0.068685 0.218266 3.100215 -0.235256 0.108079 3.114019 0.103966 0.117255 3.126869 -0.314649 -0.156984 3.165797 0.200537 -0.136890 3.108714 -0.317699 -0.382143 3.108714 0.194364 -0.335731 3.066447 -0.316475 -0.436450 3.037465 0.185953 -0.416611 2.910932 -0.055035 -0.125353 3.101704 -0.048605 -0.183722 3.046566 -0.121665 -0.261011 3.028024 0.031874 -0.260042 3.038562 -0.123647 -0.714857 2.908251 0.038093 -0.767393 3.106505 -0.120618 -1.030725 2.709114 0.015359 -1.120032 3.230401 -0.122422 -1.074799 2.609113 0.008544 -1.170967 3.184630 
-0.088445 0.419421 3.070336 -0.075910 0.221541 3.070422 -0.243401 0.110550 3.084160 0.095245 0.120710 3.095064 -0.321825 -0.153252 3.126667 0.195206 -0.133936 3.082760 -0.324656 -0.375768 3.082760 0.190780 -0.333174 3.018354 -0.322158 -0.429788 2.986983 0.183142 -0.413141 2.889578 -0.061090 -0.122294 3.070802 -0.054856 -0.180655 3.015432 -0.127858 -0.258161 2.996827 0.025895 -0.256218 3.006963 -0.125386 -0.711487 2.892318 0.036679 -0.760119 3.058763 -0.120923 -1.028454 2.697690 0.016976 -1.115346 3.213107 -0.122128 -1.071883 2.597868 0.012382 -1.162225 3.158642 
-0.097084 0.422749 3.043108 -0.083110 0.225218 3.041126 -0.251354 0.112972 3.055754 0.086887 0.124066 3.064867 -0.328770 -0.149311 3.090044 0.189613 -0.131027 3.057582 -0.331137 -0.367844 3.057582 0.187338 -0.331050 2.970498 -0.327568 -0.422513 2.937366 0.180401 -0.409900 2.869938 -0.067144 -0.119069 3.040632 -0.061102 -0.177487 2.985077 -0.133930 -0.255356 2.967159 0.019822 -0.252203 2.975620 -0.127222 -0.708346 2.877146 0.034404 -0.750156 3.006052 -0.121290 -1.026469 2.687840 0.018580 -1.108064 3.185376 -0.121937 -1.069216 2.588433 0.015927 -1.157624 3.136484 
-0.105847 0.426775 3.015498 -0.091730 0.229535 3.009316 -0.260131 0.116163 3.023932 0.077109 0.127717 3.030643 -0.337153 -0.143139 3.047781 0.182783 -0.128279 3.030497 -0.338511 -0.356257 3.030497 0.183222 -0.329777 2.915066 -0.333151 -0.410566 2.878418 0.177713 -0.407897 2.851623 -0.074462 -0.115475 3.007495 -0.068631 -0.173972 2.951679 -0.141205 -0.252078 2.934093 0.012426 -0.247700 2.941627 -0.129546 -0.705607 2.862067 0.030494 -0.738444 2.944352 -0.121641 -1.024847 2.679471 0.017706 -1.100096 3.130363 -0.121787 -1.066898 2.580657 0.018871 -1.151971 3.089493 
-0.114590 0.430798 2.988822 -0.099718 0.233495 2.980195 -0.268351 0.119129 2.994475 0.068149 0.131268 2.999698 -0.345173 -0.136780 3.007618 0.176009 -0.125495 3.005059 -0.345836 -0.344231 3.005059 0.179123 -0.328199 2.862274 -0.338798 -0.399100 2.817009 0.174611 -0.405662 2.833630 -0.081328 -0.112011 2.976780 -0.075653 -0.170488 2.920656 -0.147986 -0.248832 2.903090 0.005513 -0.243273 2.910105 -0.131960 -0.703209 2.847808 0.026444 -0.726966 2.885691 -0.121888 -1.023661 2.672449 0.015451 -1.091589 3.064882 -0.121523 -1.065018 2.574348 0.017333 -1.145040 3.025402 
-0.122728 0.434491 2.962875 -0.107478 0.237159 2.952511 -0.276392 0.122035 2.965964 0.059475 0.134569 2.969644 -0.353111 -0.130460 2.970086 0.169204 -0.122947 2.980592 -0.353015 -0.330959 2.980592 0.175240 -0.326996 2.811203 -0.343757 -0.387038 2.763305 0.171591 -0.403807 2.816828 -0.087930 -0.108749 2.947657 -0.082396 -0.167203 2.891284 -0.154536 -0.245788 2.873436 -0.001057 -0.239139 2.880572 -0.134446 -0.701135 2.834186 0.021956 -0.715447 2.828157 -0.122102 -1.023005 2.666740 0.012776 -1.080880 2.990644 -0.121281 -1.063674 2.569437 0.013512 -1.136766 2.955734 
-0.130650 0.438017 2.937162 -0.115098 0.240797 2.925017 -0.284208 0.124655 2.938512 0.051439 0.137749 2.941867 -0.361292 -0.124333 2.932712 0.162603 -0.120560 2.957622 -0.359438 -0.319491 2.957622 0.171541 -0.325904 2.763767 -0.348456 -0.374034 2.711548 0.168609 -0.401555 2.801551 -0.094266 -0.105449 2.919785 -0.088742 -0.163951 2.863373 -0.160733 -0.242850 2.845073 -0.007121 -0.235170 2.853020 -0.136903 -0.699434 2.821175 0.017333 -0.703131 2.773028 -0.122325 -1.022731 2.662276 0.012382 -1.067014 2.907309 -0.121029 -1.062729 2.565882 0.008956 -1.123752 2.874041 
-0.137849 0.441207 2.912207 -0.122150 0.244080 2.898699 -0.291561 0.127013 2.912309 0.044109 0.140767 2.915689 -0.369215 -0.118574 2.897163 0.156174 -0.118334 2.935790 -0.365786 -0.307627 2.935790 0.167200 -0.325292 2.717734 -0.352733 -0.361687 2.664288 0.164944 -0.400287 2.785268 -0.100158 -0.102371 2.893356 -0.094624 -0.160919 2.836987 -0.166479 -0.240207 2.818270 -0.012718 -0.231491 2.827095 -0.139485 -0.698095 2.808469 0.012925 -0.690898 2.722571 -0.122557 -1.022711 2.658852 0.011297 -1.059488 2.843790 -0.121932 -1.064725 2.568791 0.008117 -1.114897 2.804499 
-0.144552 0.443955 2.887896 -0.128527 0.247107 2.873859 -0.298559 0.129027 2.886105 0.036790 0.143585 2.888984 -0.376740 -0.113392 2.864330 0.149917 -0.116233 2.914298 -0.371597 -0.296163 2.914298 0.163170 -0.324697 2.675015 -0.356878 -0.349768 2.619490 0.161422 -0.399087 2.770073 -0.105671 -0.099578 2.867820 -0.100234 -0.158133 2.811351 -0.171932 -0.237808 2.792465 -0.018231 -0.227962 2.801470 -0.142161 -0.697062 2.796133 0.008731 -0.679768 2.677459 -0.122914 -1.022955 2.656298 0.009444 -1.051631 2.775718 -0.122899 -1.067410 2.573187 0.006397 -1.105976 2.728992 
-0.150731 0.446522 2.864086 -0.134522 0.249677 2.849771 -0.304990 0.131006 2.860832 0.030297 0.146067 2.864501 -0.383832 -0.108372 2.833568 0.143517 -0.114558 2.892190 -0.376744 -0.285373 2.892190 0.159322 -0.324574 2.635839 -0.360322 -0.339225 2.579144 0.158694 -0.398880 2.755423 -0.110927 -0.097032 2.843357 -0.105469 -0.155573 2.786901 -0.177056 -0.235641 2.767403 -0.023317 -0.224753 2.777480 -0.144907 -0.696393 2.784227 0.004763 -0.669312 2.636738 -0.123308 -1.023442 2.654672 0.008289 -1.042666 2.705774 -0.124598 -1.070267 2.578506 0.005826 -1.096137 2.650944 
-0.156441 0.448722 2.840059 -0.140266 0.252055 2.825716 -0.310900 0.132889 2.837033 0.024465 0.148220 2.841220 -0.390552 -0.103525 2.803339 0.137700 -0.113059 2.871648 -0.381280 -0.276004 2.871648 0.155731 -0.324485 2.599655 -0.363007 -0.330138 2.539333 0.155929 -0.399500 2.740668 -0.115753 -0.094537 2.819721 -0.110249 -0.153094 2.763391 -0.181719 -0.233565 2.743400 -0.027880 -0.221749 2.754669 -0.147753 -0.696024 2.772547 0.000895 -0.659408 2.598694 -0.123787 -1.024100 2.653814 0.006537 -1.033441 2.636673 -0.126571 -1.073253 2.584437 0.004531 -1.085929 2.573965 
-0.161694 0.450769 2.816643 -0.145305 0.254112 2.802976 -0.316115 0.134704 2.812024 0.019185 0.150008 2.817647 -0.396576 -0.098958 2.775315 0.132384 -0.111844 2.852154 -0.385301 -0.267375 2.852154 0.152168 -0.324487 2.566673 -0.365248 -0.322077 2.503531 0.152996 -0.400502 2.724653 -0.120308 -0.092377 2.796324 -0.114761 -0.150851 2.739920 -0.186154 -0.231607 2.719203 -0.032326 -0.219024 2.731613 -0.150597 -0.695810 2.760484 -0.002579 -0.650862 2.564521 -0.124381 -1.024833 2.653481 0.004871 -1.024959 2.571410 -0.128697 -1.076423 2.590997 0.003426 -1.076241 2.501248 
-0.165930 0.452730 2.793272 -0.149701 0.255927 2.779799 -0.320649 0.136400 2.788564 0.014690 0.151616 2.795216 -0.402086 -0.094640 2.748414 0.127126 -0.110918 2.830978 -0.388653 -0.259759 2.830978 0.148637 -0.325014 2.536476 -0.367290 -0.314796 2.472305 0.150171 -0.402337 2.708198 -0.124342 -0.090335 2.773353 -0.118767 -0.148778 2.717056 -0.190095 -0.229823 2.695694 -0.036262 -0.216556 2.709482 -0.153549 -0.695786 2.748382 -0.005808 -0.643129 2.533317 -0.125074 -1.025190 2.653213 0.003126 -1.016865 2.510015 -0.131359 -1.079123 2.598598 0.002158 -1.066948 2.433112 
-0.169460 0.454338 2.769626 -0.153249 0.257373 2.755914 -0.324566 0.137999 2.765404 0.010732 0.153131 2.772394 -0.406701 -0.090732 2.722588 0.122315 -0.110202 2.810168 -0.391502 -0.253187 2.810168 0.145341 -0.325684 2.508740 -0.369052 -0.308406 2.444103 0.147460 -0.404499 2.691084 -0.127717 -0.088443 2.750081 -0.122185 -0.146842 2.693947 -0.193484 -0.228172 2.672288 -0.039646 -0.214220 2.686975 -0.156489 -0.695991 2.736151 -0.008853 -0.635862 2.503606 -0.125774 -1.025416 2.653018 0.001504 -1.009903 2.454022 -0.133316 -1.080954 2.603554 0.000904 -1.059095 2.371417 
-0.172018 0.455520 2.745702 -0.155984 0.258504 2.732310 -0.327489 0.139540 2.741335 0.007665 0.153905 2.748806 -0.410297 -0.087173 2.697709 0.118276 -0.109832 2.789244 -0.393845 -0.247620 2.789244 0.142220 -0.326385 2.483461 -0.370533 -0.302877 2.418437 0.145108 -0.405930 2.672790 -0.130535 -0.087004 2.726572 -0.125050 -0.145344 2.670505 -0.196259 -0.226868 2.648310 -0.042644 -0.212384 2.664199 -0.159458 -0.696470 2.723212 -0.011635 -0.629587 2.476434 -0.126456 -1.025584 2.652818 -0.000033 -1.004009 2.402925 -0.136011 -1.082994 2.610793 -0.000253 -1.052356 2.315319 
-0.172483 0.456991 2.716217 -0.157167 0.259599 2.704062 -0.328880 0.141231 2.713209 0.006423 0.154715 2.721210 -0.412488 -0.083860 2.670824 0.115137 -0.109634 2.762229 -0.395363 -0.243128 2.762229 0.139832 -0.327620 2.458672 -0.371685 -0.298187 2.394875 0.143472 -0.409233 2.649387 -0.132431 -0.085443 2.698221 -0.127085 -0.143662 2.642199 -0.198332 -0.225391 2.619146 -0.044932 -0.210520 2.636717 -0.162373 -0.697645 2.705758 -0.013999 -0.623482 2.447472 -0.127054 -1.025766 2.652456 -0.000939 -0.999136 2.355992 -0.138297 -1.084975 2.617040 -0.000759 -1.046978 2.264293 
-0.172141 0.458486 2.687771 -0.157722 0.260638 2.676816 -0.329216 0.142999 2.685159 0.006019 0.155661 2.694940 -0.413885 -0.081031 2.645452 0.112552 -0.109422 2.735301 -0.396327 -0.239525 2.735301 0.137602 -0.328380 2.436216 -0.372552 -0.294199 2.373483 0.141710 -0.412091 2.621112 -0.133788 -0.083965 2.670669 -0.128473 -0.142044 2.614648 -0.199724 -0.223945 2.590732 -0.046597 -0.208770 2.609899 -0.165145 -0.698865 2.687207 -0.015925 -0.618046 2.421152 -0.127541 -1.025892 2.651898 -0.001840 -0.994873 2.314182 -0.139642 -1.085896 2.620158 -0.001261 -1.042278 2.218988 
-0.170392 0.460388 2.657932 -0.157185 0.262071 2.647804 -0.328612 0.145232 2.656936 0.006734 0.156751 2.666943 -0.414412 -0.078558 2.621477 0.110741 -0.108939 2.705268 -0.396877 -0.236645 2.705268 0.136002 -0.329300 2.415717 -0.373191 -0.290812 2.354108 0.140510 -0.415190 2.593002 -0.134126 -0.082222 2.641204 -0.128960 -0.140178 2.585156 -0.200264 -0.222174 2.560793 -0.047398 -0.206792 2.580733 -0.167924 -0.699257 2.662879 -0.017476 -0.613122 2.396251 -0.127956 -1.025992 2.651304 -0.002748 -0.991152 2.276918 -0.140819 -1.086334 2.622193 -0.001891 -1.038166 2.178744 
-0.167969 0.462636 2.628915 -0.155901 0.263789 2.619643 -0.326915 0.147693 2.628327 0.008135 0.158100 2.638772 -0.413989 -0.076441 2.598272 0.109672 -0.108111 2.676059 -0.396913 -0.234605 2.676059 0.135007 -0.328927 2.396869 -0.373338 -0.288853 2.336108 0.139672 -0.415983 2.561918 -0.133748 -0.080504 2.612126 -0.128710 -0.138367 2.555930 -0.200015 -0.220250 2.530945 -0.047537 -0.204932 2.551873 -0.170798 -0.698219 2.632332 -0.018664 -0.608763 2.373253 -0.128440 -1.025595 2.649912 -0.003651 -0.987852 2.243602 -0.141785 -1.086124 2.622907 -0.002547 -1.034491 2.142822 
-0.164327 0.465053 2.599568 -0.153847 0.265724 2.591721 -0.324238 0.150432 2.599521 0.010566 0.159745 2.610576 -0.412548 -0.074328 2.575400 0.109798 -0.106655 2.643897 -0.396503 -0.233180 2.643897 0.134501 -0.328524 2.379550 -0.373147 -0.287668 2.319809 0.139128 -0.417604 2.529882 -0.132605 -0.078517 2.582820 -0.127674 -0.136228 2.526414 -0.199126 -0.217942 2.501506 -0.046724 -0.202801 2.521671 -0.173746 -0.695071 2.595029 -0.019537 -0.604822 2.351934 -0.128929 -1.024804 2.647800 -0.004438 -0.984841 2.213810 -0.142543 -1.085295 2.622308 -0.003100 -1.031118 2.110662 
-0.160179 0.467533 2.570789 -0.150963 0.268023 2.563390 -0.321073 0.153466 2.571785 0.013649 0.161648 2.582566 -0.410589 -0.072315 2.554049 0.110633 -0.104939 2.612622 -0.395781 -0.232142 2.612622 0.134466 -0.326765 2.363764 -0.372710 -0.287007 2.305157 0.139180 -0.416173 2.495098 -0.130882 -0.076224 2.553829 -0.126158 -0.133845 2.497324 -0.197750 -0.215190 2.472447 -0.045544 -0.200642 2.492321 -0.176800 -0.689497 2.552350 -0.020177 -0.601267 2.332304 -0.129694 -1.022605 2.642176 -0.005149 -0.982079 2.186928 -0.143081 -1.080525 2.612732 -0.003614 -1.028038 2.081593 
-0.154722 0.471189 2.538689 -0.146901 0.271332 2.532418 -0.316767 0.157857 2.541282 0.018068 0.164465 2.551129 -0.407364 -0.069968 2.531852 0.113204 -0.102094 2.574950 -0.394519 -0.231534 2.574950 0.135135 -0.323595 2.348865 -0.372064 -0.286866 2.291842 0.139951 -0.412552 2.452733 -0.128273 -0.072924 2.521670 -0.123856 -0.130405 2.464989 -0.195662 -0.211131 2.439992 -0.043675 -0.197733 2.459672 -0.179929 -0.678512 2.496577 -0.020579 -0.597865 2.313318 -0.131741 -1.012743 2.618860 -0.005778 -0.979544 2.162620 -0.144028 -1.072571 2.595677 -0.004078 -1.025293 2.055386 
-0.149331 0.474702 2.508895 -0.142535 0.274616 2.503186 -0.312486 0.162112 2.513170 0.022562 0.167277 2.521749 -0.403736 -0.067829 2.510788 0.115987 -0.099157 2.538946 -0.392989 -0.231370 2.538946 0.136186 -0.320073 2.335166 -0.371238 -0.287264 2.279793 0.140960 -0.407901 2.410789 -0.125464 -0.069689 2.491608 -0.121401 -0.127060 2.434806 -0.193487 -0.207237 2.410019 -0.041614 -0.194879 2.428923 -0.183025 -0.666506 2.440356 -0.020846 -0.594772 2.295866 -0.134202 -0.999059 2.583719 -0.006378 -0.977343 2.140822 -0.148120 -1.061290 2.570701 -0.004552 -1.022967 2.032158 
-0.143923 0.478434 2.480571 -0.138186 0.277917 2.475562 -0.307962 0.166496 2.486043 0.027397 0.170293 2.492441 -0.399761 -0.065805 2.490820 0.119214 -0.095829 2.502621 -0.391280 -0.231483 2.502621 0.137601 -0.315703 2.322436 -0.370162 -0.287917 2.268594 0.141797 -0.402128 2.367149 -0.122486 -0.066470 2.462889 -0.118827 -0.123723 2.405933 -0.191201 -0.203391 2.381713 -0.039401 -0.191961 2.399018 -0.185993 -0.653843 2.384347 -0.020780 -0.591902 2.279361 -0.135641 -0.993010 2.558849 -0.007036 -0.975424 2.121549 -0.149118 -1.053599 2.541600 -0.005206 -1.020970 2.011999 
-0.138589 0.482200 2.453021 -0.133883 0.281236 2.448820 -0.303435 0.170840 2.460220 0.032178 0.173234 2.464324 -0.395549 -0.063916 2.471753 0.122572 -0.092259 2.467829 -0.389384 -0.231927 2.467829 0.139248 -0.310692 2.310655 -0.368914 -0.288920 2.258304 0.142771 -0.395383 2.323367 -0.119457 -0.063242 2.435040 -0.116205 -0.120377 2.377931 -0.188849 -0.199472 2.354241 -0.037128 -0.189079 2.370075 -0.188561 -0.641552 2.331172 -0.020621 -0.589302 2.264353 -0.136404 -0.987359 2.527807 -0.007733 -0.973763 2.104576 -0.148931 -1.046144 2.504643 -0.005966 -1.019288 1.994531 
-0.133404 0.485718 2.426402 -0.129442 0.284615 2.423037 -0.298747 0.174946 2.434865 0.036926 0.176126 2.437092 -0.391146 -0.062178 2.453475 0.126476 -0.088484 2.432963 -0.387262 -0.232662 2.432963 0.141071 -0.305129 2.299522 -0.367473 -0.290244 2.248756 0.143915 -0.388129 2.279920 -0.116418 -0.060144 2.408460 -0.113563 -0.117219 2.351230 -0.186508 -0.195757 2.328326 -0.034836 -0.186358 2.342317 -0.190576 -0.629791 2.280534 -0.020370 -0.586966 2.250571 -0.138529 -0.982468 2.488133 -0.008503 -0.972347 2.089848 -0.149961 -1.039604 2.457743 -0.006852 -1.017904 1.979711 
-0.128393 0.489063 2.401261 -0.125249 0.287820 2.398447 -0.294186 0.178874 2.411014 0.041596 0.178749 2.410798 -0.386545 -0.060558 2.435604 0.130565 -0.084667 2.399582 -0.384967 -0.233712 2.399582 0.142913 -0.299219 2.288993 -0.365940 -0.291897 2.239871 0.144902 -0.380590 2.237240 -0.113463 -0.057252 2.383272 -0.111029 -0.114297 2.325974 -0.184245 -0.192278 2.303902 -0.032637 -0.183880 2.316055 -0.192156 -0.618911 2.233546 -0.020027 -0.584886 2.237882 -0.141704 -0.978119 2.439277 -0.009425 -0.971157 2.077244 -0.152109 -1.033903 2.400046 -0.008021 -1.016789 1.967408 
-0.123680 0.492161 2.377247 -0.121109 0.290962 2.374704 -0.289865 0.182585 2.388428 0.045895 0.181311 2.385384 -0.382005 -0.059166 2.418540 0.134397 -0.080725 2.367849 -0.382540 -0.235023 2.367849 0.144853 -0.292963 2.278800 -0.364361 -0.293805 2.231433 0.145860 -0.373457 2.194614 -0.110504 -0.054477 2.359204 -0.108530 -0.111528 2.301895 -0.181998 -0.188971 2.280718 -0.030481 -0.181505 2.291056 -0.193424 -0.608988 2.190573 -0.019606 -0.582982 2.226215 -0.144843 -0.973817 2.383165 -0.010398 -0.970117 2.066854 -0.154123 -1.028405 2.334039 -0.009325 -1.015859 1.957727 
-0.119223 0.495138 2.354029 -0.117136 0.293986 2.351873 -0.285830 0.186189 2.366894 0.049939 0.183623 2.361423 -0.377545 -0.057849 2.402057 0.138199 -0.076916 2.337170 -0.380042 -0.236484 2.337170 0.146672 -0.286320 2.268943 -0.362758 -0.295862 2.223471 0.146665 -0.364730 2.154274 -0.107668 -0.051809 2.336455 -0.106111 -0.108896 2.279188 -0.179820 -0.185868 2.258988 -0.028380 -0.179264 2.267459 -0.194436 -0.599953 2.151469 -0.019107 -0.581245 2.215366 -0.148543 -0.968710 2.318903 -0.011428 -0.969178 2.058716 -0.156594 -1.022028 2.258686 -0.010711 -1.015049 1.950713 
-0.115130 0.497821 2.331880 -0.113457 0.296727 2.330131 -0.282013 0.189504 2.345932 0.053707 0.185731 2.338470 -0.373104 -0.056652 2.385703 0.141772 -0.073267 2.308191 -0.377397 -0.238202 2.308191 0.148429 -0.279719 2.259153 -0.361116 -0.298167 2.215712 0.147319 -0.355870 2.115537 -0.104928 -0.049380 2.314804 -0.103718 -0.106502 2.257571 -0.177612 -0.183027 2.238242 -0.026269 -0.177240 2.245071 -0.195231 -0.591835 2.115620 -0.018547 -0.579690 2.205358 -0.151420 -0.963923 2.255844 -0.012493 -0.968359 2.052348 -0.157996 -1.016054 2.185693 -0.012123 -1.014381 1.945699 
-0.111397 0.500268 2.310185 -0.110090 0.299279 2.308525 -0.278453 0.192485 2.325690 0.057283 0.187625 2.316740 -0.368843 -0.055596 2.369746 0.145057 -0.069581 2.280918 -0.374673 -0.240104 2.280918 0.150171 -0.272786 2.249336 -0.359394 -0.300672 2.207991 0.147832 -0.347536 2.076999 -0.102454 -0.047099 2.294015 -0.101548 -0.104301 2.236914 -0.175633 -0.180468 2.218696 -0.024332 -0.175398 2.223591 -0.195784 -0.584615 2.083075 -0.017924 -0.578286 2.196011 -0.153518 -0.958498 2.190266 -0.013664 -0.967623 2.047481 -0.158477 -1.009151 2.110810 -0.013638 -1.013816 1.942356 
-0.108143 0.502631 2.286511 -0.107188 0.301644 2.285466 -0.275305 0.195234 2.303225 0.060451 0.189506 2.292613 -0.364675 -0.054752 2.351066 0.148151 -0.065484 2.251602 -0.371738 -0.242634 2.251602 0.151485 -0.264396 2.236899 -0.357753 -0.303912 2.198375 0.147723 -0.337552 2.037276 -0.100151 -0.045015 2.271232 -0.099523 -0.102274 2.214233 -0.173742 -0.178073 2.197003 -0.022489 -0.173746 2.200229 -0.196001 -0.578009 2.050627 -0.017116 -0.577095 2.186375 -0.153817 -0.952021 2.118418 -0.014935 -0.966904 2.044047 -0.157044 -1.000771 2.030174 -0.015278 -1.013165 1.940605 
-0.105378 0.504616 2.263942 -0.104745 0.303723 2.263183 -0.272640 0.197541 2.281861 0.063138 0.190983 2.269444 -0.360934 -0.054060 2.333284 0.150928 -0.061730 2.224173 -0.369024 -0.245199 2.224173 0.152531 -0.257058 2.224476 -0.356204 -0.307232 2.188240 0.147455 -0.329267 1.999774 -0.098063 -0.043176 2.249858 -0.097692 -0.100534 2.192999 -0.172009 -0.176013 2.176702 -0.020797 -0.172348 2.178468 -0.196127 -0.572132 2.021034 -0.016316 -0.576074 2.177002 -0.153345 -0.945854 2.051129 -0.016161 -0.966256 2.041698 -0.154951 -0.992881 1.955588 -0.016887 -1.012627 1.940045 
-0.103572 0.506143 2.240615 -0.102879 0.305397 2.240867 -0.270548 0.199614 2.260820 0.065003 0.191992 2.245636 -0.357720 -0.053616 2.314257 0.153355 -0.058202 2.197523 -0.366499 -0.248157 2.197523 0.153297 -0.250286 2.210719 -0.354894 -0.311026 2.176980 0.147017 -0.321637 1.964182 -0.096315 -0.041638 2.228641 -0.096234 -0.099100 2.171968 -0.170562 -0.174269 2.156987 -0.019504 -0.171223 2.156580 -0.196170 -0.566753 1.992640 -0.015505 -0.575218 2.167756 -0.151373 -0.941217 1.992689 -0.017310 -0.965657 2.040264 -0.151503 -0.987075 1.891748 -0.018466 -1.012112 1.940446 
-0.102394 0.507377 2.217542 -0.101532 0.306759 2.218438 -0.269231 0.201461 2.239902 0.066330 0.192847 2.222519 -0.355083 -0.053434 2.294702 0.155312 -0.055030 2.171841 -0.364217 -0.251344 2.171841 0.153570 -0.243890 2.195513 -0.353734 -0.315116 2.164061 0.146488 -0.313859 1.932194 -0.095008 -0.040315 2.207444 -0.095175 -0.097876 2.150958 -0.169566 -0.172767 2.136945 -0.018511 -0.170354 2.135060 -0.196186 -0.562059 1.966167 -0.014699 -0.574471 2.158367 -0.148505 -0.936229 1.935262 -0.018381 -0.965038 2.039523 -0.147020 -0.980729 1.829426 -0.019925 -1.011599 1.941556 
-0.102330 0.508201 2.194157 -0.100811 0.307744 2.195961 -0.268722 0.202942 2.218716 0.066701 0.193448 2.198602 -0.353084 -0.053494 2.274497 0.156581 -0.051992 2.146940 -0.362258 -0.254622 2.146940 0.153614 -0.237771 2.178188 -0.353051 -0.319372 2.148958 0.145740 -0.306821 1.902637 -0.094102 -0.039276 2.185905 -0.094532 -0.096903 2.129554 -0.168901 -0.171531 2.116696 -0.017932 -0.169726 2.112863 -0.196228 -0.557943 1.941140 -0.013928 -0.573874 2.148635 -0.145180 -0.932403 1.885744 -0.019417 -0.964465 2.039001 -0.142360 -0.975783 1.776376 -0.021365 -1.011068 1.942768 
-0.104320 0.508782 2.166316 -0.102178 0.308551 2.169168 -0.270082 0.204356 2.193048 0.065014 0.194301 2.170498 -0.352452 -0.053535 2.248244 0.156416 -0.049032 2.119011 -0.361930 -0.258213 2.119011 0.153113 -0.232946 2.155344 -0.353543 -0.322991 2.128131 0.144562 -0.300564 1.873682 -0.094534 -0.038364 2.159982 -0.095103 -0.096050 2.103735 -0.169208 -0.170451 2.092176 -0.018495 -0.169095 2.086113 -0.196819 -0.554398 1.914904 -0.013443 -0.573270 2.135080 -0.136865 -0.927010 1.839874 -0.020606 -0.963719 2.038182 -0.132423 -0.968114 1.727928 -0.022965 -1.010266 1.943509 
-0.107295 0.509329 2.139147 -0.104184 0.309363 2.143113 -0.272237 0.205583 2.167753 0.062759 0.195439 2.143458 -0.352490 -0.053720 2.221535 0.155838 -0.046461 2.092831 -0.362158 -0.261683 2.092831 0.152262 -0.228754 2.130802 -0.354713 -0.327343 2.104663 0.143343 -0.294997 1.847577 -0.095624 -0.037430 2.134646 -0.096304 -0.095164 2.078477 -0.170147 -0.169406 2.068106 -0.019676 -0.168423 2.059953 -0.197450 -0.551274 1.890779 -0.013300 -0.573126 2.120495 -0.130320 -0.922818 1.799962 -0.021626 -0.963070 2.037544 -0.124580 -0.962231 1.685825 -0.024325 -1.009417 1.944251 
-0.111948 0.510008 2.110855 -0.107311 0.310468 2.115951 -0.275582 0.206652 2.141084 0.059177 0.197340 2.115143 -0.353797 -0.053500 2.192268 0.154548 -0.043981 2.067418 -0.363150 -0.264608 2.067418 0.151128 -0.225274 2.103271 -0.356761 -0.331239 2.078309 0.142053 -0.290065 1.823870 -0.097715 -0.036226 2.107932 -0.098514 -0.093998 2.051792 -0.172028 -0.168157 2.042472 -0.021885 -0.167359 2.032411 -0.198230 -0.548529 1.868216 -0.013927 -0.572825 2.101390 -0.125879 -0.919636 1.764563 -0.022411 -0.962320 2.036713 -0.119257 -0.957862 1.648455 -0.025407 -1.008420 1.944673 
-0.119431 0.511518 2.078085 -0.112584 0.312560 2.084328 -0.281208 0.208432 2.109572 0.052848 0.199992 2.081377 -0.356799 -0.051828 2.156997 0.150701 -0.041409 2.039127 -0.365343 -0.265421 2.039127 0.149126 -0.222651 2.066997 -0.360169 -0.332778 2.041627 0.140507 -0.285762 1.802030 -0.101735 -0.034396 2.076469 -0.102685 -0.092278 2.020298 -0.175720 -0.166505 2.012165 -0.026141 -0.165464 1.999902 -0.199282 -0.546202 1.846632 -0.014842 -0.577415 2.075370 -0.121755 -0.916711 1.733232 -0.022506 -0.961873 2.032796 -0.114334 -0.953869 1.615256 -0.025840 -1.007591 1.941994 
-0.127111 0.513136 2.047239 -0.118256 0.314781 2.054155 -0.287164 0.210273 2.079596 0.045814 0.202748 2.048613 -0.360594 -0.049876 2.122359 0.146627 -0.039033 2.012741 -0.368148 -0.265188 2.012741 0.146807 -0.220411 2.029581 -0.364254 -0.333100 2.003316 0.138703 -0.282023 1.781941 -0.106052 -0.032578 2.046240 -0.107188 -0.090588 1.989991 -0.179789 -0.164854 1.982522 -0.030657 -0.163546 1.969021 -0.200437 -0.544188 1.826888 -0.017347 -0.577549 2.040288 -0.117736 -0.914023 1.704589 -0.023071 -0.960922 2.030610 -0.109687 -0.950220 1.585029 -0.026706 -1.006281 1.940736 
-0.135475 0.515121 2.016634 -0.124605 0.317273 2.024129 -0.293761 0.212207 2.048896 0.038321 0.205554 2.016857 -0.365287 -0.047554 2.087287 0.142038 -0.036876 1.987606 -0.371780 -0.263638 1.987606 0.144220 -0.218624 1.989651 -0.369046 -0.331260 1.960338 0.136770 -0.279263 1.763335 -0.110893 -0.030771 2.015999 -0.112033 -0.088952 1.959654 -0.184210 -0.163211 1.952083 -0.035383 -0.161592 1.938868 -0.201710 -0.542504 1.808719 -0.020154 -0.576622 2.001025 -0.113382 -0.911411 1.678958 -0.023513 -0.959381 2.028125 -0.104499 -0.946609 1.558198 -0.027396 -1.004237 1.939070 
-0.144121 0.517153 1.987176 -0.131289 0.319919 1.995039 -0.300669 0.214408 2.019520 0.030504 0.208469 1.986158 -0.370583 -0.044772 2.052251 0.136925 -0.034759 1.963441 -0.375777 -0.261171 1.963441 0.141537 -0.217198 1.949466 -0.373553 -0.328592 1.917765 0.134800 -0.276976 1.746400 -0.116128 -0.028805 1.986459 -0.117299 -0.087141 1.929998 -0.188987 -0.161506 1.922624 -0.040641 -0.159359 1.908952 -0.203103 -0.541022 1.791849 -0.023320 -0.574860 1.958792 -0.108999 -0.908918 1.656946 -0.022851 -0.958327 2.008049 -0.099182 -0.943111 1.535835 -0.027046 -1.002669 1.920098 
-0.153282 0.519195 1.958232 -0.138141 0.322621 1.967126 -0.307866 0.216634 1.990162 0.022648 0.211359 1.956627 -0.376394 -0.041538 2.017776 0.131606 -0.032778 1.940618 -0.380464 -0.257170 1.940618 0.138633 -0.216091 1.908044 -0.378769 -0.323532 1.873705 0.132774 -0.275131 1.730954 -0.121655 -0.026852 1.957817 -0.122768 -0.085331 1.901204 -0.194051 -0.159823 1.893740 -0.046020 -0.157094 1.880128 -0.204613 -0.539760 1.776165 -0.027084 -0.571393 1.912478 -0.103971 -0.906228 1.638069 -0.024843 -0.955459 1.999431 -0.093171 -0.939287 1.517247 -0.029350 -0.998984 1.912326 
-0.163171 0.521831 1.927617 -0.146076 0.325967 1.936749 -0.315800 0.219296 1.958055 0.013830 0.214907 1.925237 -0.383954 -0.036794 1.979046 0.124843 -0.030498 1.916382 -0.387323 -0.250358 1.916382 0.135158 -0.215321 1.860280 -0.385240 -0.315281 1.823753 0.130409 -0.273382 1.716547 -0.128348 -0.024377 1.926491 -0.129335 -0.083010 1.869712 -0.200287 -0.157610 1.861650 -0.052416 -0.154185 1.849167 -0.206323 -0.538532 1.761178 -0.031660 -0.565938 1.858114 -0.097721 -0.902664 1.619483 -0.024152 -0.951273 1.956244 -0.086562 -0.934755 1.498667 -0.028622 -0.994887 1.869513 
-0.172711 0.524567 1.897184 -0.154374 0.329370 1.905959 -0.323995 0.222159 1.925766 0.004963 0.218369 1.894076 -0.392670 -0.031092 1.938115 0.117572 -0.028176 1.892350 -0.395617 -0.241232 1.892350 0.131088 -0.214747 1.808576 -0.392707 -0.304596 1.769341 0.127407 -0.271971 1.702437 -0.135260 -0.021802 1.894906 -0.136043 -0.080584 1.837998 -0.206807 -0.155294 1.828347 -0.058794 -0.151223 1.818678 -0.208344 -0.537440 1.746290 -0.037025 -0.558774 1.797370 -0.097707 -0.901514 1.603566 -0.024156 -0.944589 1.895086 -0.087103 -0.933572 1.483419 -0.028492 -0.988380 1.808131 
-0.182440 0.527666 1.864615 -0.163187 0.332869 1.873370 -0.332559 0.225058 1.890971 -0.004199 0.221817 1.861369 -0.401875 -0.024819 1.895602 0.109346 -0.025788 1.866336 -0.404304 -0.230457 1.866336 0.126311 -0.214602 1.754338 -0.400509 -0.292406 1.712757 0.123778 -0.270920 1.688250 -0.142687 -0.018895 1.861657 -0.143166 -0.077780 1.804667 -0.213572 -0.152823 1.794054 -0.065690 -0.147635 1.786245 -0.210497 -0.536382 1.731616 -0.042024 -0.550373 1.734737 -0.098484 -0.900610 1.589578 -0.023268 -0.936377 1.826161 -0.088609 -0.932800 1.470420 -0.027275 -0.980398 1.738745 
-0.191372 0.530509 1.834585 -0.171342 0.336073 1.842984 -0.340458 0.227662 1.858943 -0.012615 0.224955 1.831242 -0.410504 -0.018815 1.856162 0.101439 -0.023714 1.841791 -0.412272 -0.220586 1.841791 0.121430 -0.214719 1.705402 -0.407546 -0.281032 1.661757 0.119927 -0.270186 1.674603 -0.149580 -0.016165 1.830770 -0.149772 -0.075137 1.773722 -0.219895 -0.150527 1.761932 -0.072057 -0.144263 1.756343 -0.212728 -0.535450 1.717452 -0.046493 -0.542676 1.678924 -0.100112 -0.900035 1.577170 -0.022494 -0.928376 1.759435 -0.091151 -0.932519 1.459215 -0.026189 -0.972650 1.671495 
-0.200371 0.533232 1.801875 -0.179302 0.339186 1.810149 -0.348496 0.230152 1.824404 -0.020742 0.227929 1.799353 -0.419510 -0.012747 1.814707 0.093179 -0.021903 1.814764 -0.420104 -0.210311 1.814764 0.115904 -0.215368 1.654809 -0.414291 -0.269494 1.609536 0.115206 -0.270147 1.658824 -0.156456 -0.013303 1.797795 -0.156317 -0.072347 1.740810 -0.226313 -0.148200 1.727406 -0.078240 -0.140839 1.725089 -0.215123 -0.534536 1.702484 -0.050379 -0.535433 1.625148 -0.102219 -0.899598 1.566123 -0.021464 -0.920845 1.692961 -0.094232 -0.932469 1.449523 -0.024767 -0.965415 1.604489 
-0.208426 0.535684 1.771603 -0.186535 0.341989 1.779662 -0.355739 0.232325 1.792621 -0.028075 0.230645 1.770005 -0.427671 -0.007279 1.776808 0.085516 -0.020322 1.789520 -0.427046 -0.201297 1.789520 0.110495 -0.216162 1.609714 -0.420158 -0.259324 1.563247 0.110722 -0.270382 1.643780 -0.162650 -0.010706 1.767339 -0.162188 -0.069816 1.710398 -0.232059 -0.146108 1.695649 -0.083768 -0.137725 1.696066 -0.217487 -0.533722 1.688154 -0.053766 -0.529092 1.577578 -0.104988 -0.899405 1.556461 -0.020632 -0.914060 1.631294 -0.098084 -0.932778 1.441381 -0.023570 -0.958928 1.542331 
-0.215399 0.537878 1.742583 -0.193180 0.344435 1.750113 -0.362261 0.234269 1.762126 -0.034628 0.233018 1.741762 -0.435113 -0.002237 1.741436 0.078283 -0.018871 1.764883 -0.433122 -0.193154 1.764883 0.105230 -0.217047 1.568591 -0.425212 -0.250274 1.521405 0.106333 -0.270786 1.628741 -0.168303 -0.008353 1.738025 -0.167523 -0.067518 1.681147 -0.237277 -0.144225 1.665371 -0.088767 -0.134913 1.667929 -0.219808 -0.532977 1.674190 -0.056277 -0.526350 1.538114 -0.108277 -0.899384 1.548113 -0.019715 -0.909323 1.574192 -0.102532 -0.933344 1.434703 -0.022445 -0.953459 1.485331 
-0.221387 0.539787 1.714598 -0.199091 0.346554 1.721876 -0.368046 0.235914 1.732704 -0.040463 0.235033 1.714446 -0.441758 0.002296 1.708447 0.071680 -0.017643 1.740657 -0.438394 -0.186031 1.740657 0.100134 -0.218172 1.531285 -0.429560 -0.242320 1.483608 0.101750 -0.271830 1.612703 -0.173371 -0.006324 1.709841 -0.172290 -0.065526 1.652987 -0.241966 -0.142631 1.636104 -0.093219 -0.132441 1.640924 -0.222123 -0.532341 1.660289 -0.058443 -0.524214 1.501591 -0.112053 -0.899531 1.540881 -0.018785 -0.905163 1.519977 -0.107504 -0.934138 1.429230 -0.021324 -0.948508 1.431244 
-0.226450 0.541395 1.687667 -0.204138 0.348380 1.694256 -0.372965 0.237208 1.704193 -0.045500 0.236794 1.688259 -0.447482 0.006290 1.678052 0.065628 -0.016803 1.716552 -0.442913 -0.179770 1.716552 0.095309 -0.219698 1.497508 -0.433283 -0.235426 1.449559 0.097303 -0.273233 1.596384 -0.177916 -0.004542 1.682558 -0.176562 -0.063789 1.625760 -0.246207 -0.141255 1.607809 -0.097245 -0.130269 1.614887 -0.224353 -0.531780 1.646076 -0.060328 -0.522599 1.467716 -0.115897 -0.899764 1.534347 -0.017899 -0.901484 1.468666 -0.112459 -0.935030 1.424405 -0.020223 -0.944015 1.380083 
-0.229933 0.542232 1.657778 -0.208050 0.349762 1.663857 -0.376605 0.238371 1.673222 -0.049419 0.238107 1.658943 -0.451944 0.009678 1.646460 0.060316 -0.016398 1.689049 -0.446421 -0.174775 1.689049 0.090743 -0.221774 1.464972 -0.436174 -0.230170 1.417096 0.093069 -0.275054 1.576074 -0.181454 -0.003059 1.652285 -0.179869 -0.062299 1.595501 -0.249480 -0.140061 1.576468 -0.100375 -0.128353 1.585770 -0.226638 -0.531190 1.628892 -0.061959 -0.521763 1.433817 -0.120077 -0.900009 1.528003 -0.017588 -0.898156 1.415389 -0.117694 -0.935907 1.419652 -0.019764 -0.939756 1.326993 
-0.231583 0.541967 1.625397 -0.210433 0.351121 1.630834 -0.378509 0.239560 1.639613 -0.051875 0.239472 1.626719 -0.455134 0.012548 1.616051 0.055975 -0.015784 1.657922 -0.449177 -0.170730 1.657922 0.086884 -0.223814 1.435185 -0.438495 -0.225957 1.387548 0.088979 -0.277322 1.551291 -0.183703 -0.001689 1.619110 -0.181935 -0.060918 1.562278 -0.251448 -0.138857 1.542076 -0.102439 -0.126560 1.553724 -0.228438 -0.532588 1.613756 -0.063029 -0.521523 1.401089 -0.124573 -0.900610 1.521596 -0.016883 -0.895452 1.364758 -0.122997 -0.936718 1.414663 -0.018945 -0.936117 1.276558 
-0.232309 0.541461 1.594993 -0.212023 0.352415 1.599873 -0.379459 0.240813 1.607695 -0.053543 0.240769 1.596216 -0.457342 0.015107 1.587741 0.052409 -0.015164 1.627996 -0.451352 -0.167289 1.627996 0.083557 -0.225628 1.408332 -0.440396 -0.222414 1.361070 0.085449 -0.279382 1.527061 -0.185320 -0.000403 1.587948 -0.183383 -0.059614 1.531053 -0.252783 -0.137651 1.509849 -0.103964 -0.124881 1.523503 -0.230138 -0.534376 1.598120 -0.063942 -0.521499 1.370909 -0.129424 -0.901377 1.515049 -0.016443 -0.893020 1.318252 -0.128477 -0.937610 1.409530 -0.018380 -0.932790 1.230233 
-0.230554 0.541260 1.560558 -0.211658 0.354347 1.565231 -0.378106 0.242511 1.572002 -0.053251 0.243039 1.561856 -0.457977 0.017809 1.559134 0.050536 -0.013777 1.592546 -0.452641 -0.164426 1.592546 0.080684 -0.226646 1.383513 -0.441772 -0.219536 1.336944 0.082598 -0.279718 1.496341 -0.185413 0.001328 1.552840 -0.183396 -0.057875 1.495826 -0.252649 -0.135786 1.474113 -0.104294 -0.122831 1.488760 -0.232446 -0.536860 1.576764 -0.065005 -0.521747 1.343889 -0.137346 -0.902566 1.503936 -0.016772 -0.891316 1.279953 -0.136787 -0.938757 1.400342 -0.018599 -0.930336 1.192104 
-0.228146 0.541030 1.528095 -0.210740 0.356231 1.533137 -0.375886 0.243971 1.538263 -0.052353 0.245146 1.529531 -0.458105 0.020233 1.533111 0.049451 -0.012200 1.558647 -0.453525 -0.161954 1.558647 0.078319 -0.227149 1.361104 -0.442855 -0.217079 1.315199 0.080109 -0.279895 1.465632 -0.185087 0.002843 1.520271 -0.183010 -0.056385 1.463119 -0.252142 -0.134085 1.441292 -0.104276 -0.121063 1.456195 -0.234935 -0.539872 1.552112 -0.066026 -0.522212 1.318910 -0.147166 -0.904218 1.488087 -0.017383 -0.889895 1.244811 -0.146870 -0.940245 1.386765 -0.019097 -0.928204 1.157127 
-0.224590 0.540835 1.496001 -0.209066 0.358212 1.502209 -0.372599 0.245260 1.505506 -0.050932 0.247184 1.497676 -0.457648 0.022544 1.509024 0.049423 -0.010170 1.524412 -0.454078 -0.159819 1.524412 0.076637 -0.226867 1.340858 -0.443665 -0.215004 1.295582 0.078341 -0.279738 1.433002 -0.183993 0.004174 1.488817 -0.181911 -0.055138 1.431532 -0.250862 -0.132478 1.409924 -0.103677 -0.119453 1.424594 -0.238414 -0.543094 1.523423 -0.066568 -0.522934 1.294816 -0.160972 -0.905916 1.465318 -0.017641 -0.888660 1.211113 -0.160936 -0.941681 1.366502 -0.019292 -0.926264 1.123587 
-0.220451 0.540677 1.465145 -0.206974 0.360146 1.472548 -0.368395 0.246312 1.473926 -0.049208 0.249111 1.467236 -0.456653 0.024660 1.486661 0.050006 -0.007847 1.491091 -0.454281 -0.158058 1.491091 0.075428 -0.225842 1.322483 -0.444149 -0.213375 1.277820 0.077019 -0.279098 1.399259 -0.182562 0.005292 1.458872 -0.180485 -0.054155 1.401494 -0.249213 -0.130959 1.380440 -0.102844 -0.118099 1.394342 -0.242402 -0.546250 1.492717 -0.066947 -0.523799 1.272886 -0.176870 -0.907369 1.438336 -0.017788 -0.887651 1.181310 -0.177038 -0.942825 1.342036 -0.019374 -0.924626 1.093935 
-0.215977 0.540577 1.435630 -0.204558 0.362095 1.444635 -0.363666 0.247220 1.444034 -0.047219 0.251001 1.438203 -0.455186 0.026585 1.465858 0.051370 -0.005197 1.458411 -0.454213 -0.156651 1.458411 0.074581 -0.224181 1.305832 -0.444357 -0.212184 1.261779 0.076094 -0.277644 1.364558 -0.180946 0.006316 1.430790 -0.178937 -0.053292 1.373345 -0.247390 -0.129420 1.352945 -0.101994 -0.116920 1.365845 -0.246714 -0.549096 1.459589 -0.067295 -0.524731 1.252891 -0.194314 -0.908231 1.406041 -0.017982 -0.886769 1.154652 -0.194740 -0.943337 1.312203 -0.019517 -0.923178 1.067415 
