86
-0.412558 0.718442 3.564348 -0.407761 0.507996 3.584039 -0.584749 0.367275 3.571826 -0.242539 0.377683 3.573818 -0.657901 0.103863 3.546651 -0.173651 0.094298 3.522434 -0.659541 -0.133200 3.522434 -0.139970 -0.132972 3.442160 -0.650098 -0.216846 3.403378 -0.135257 -0.212351 3.364723 -0.406356 0.114793 3.574571 -0.406228 0.048531 3.512192 -0.482834 -0.030222 3.494594 -0.328471 -0.025009 3.499781 -0.503475 -0.535826 3.486817 -0.311952 -0.546551 3.500884 -0.503948 -0.899505 3.620706 -0.302113 -0.887849 3.478756 -0.543716 -0.975428 3.582743 -0.299099 -0.950083 3.405018 
-0.405549 0.718702 3.551981 -0.400050 0.508803 3.571046 -0.576448 0.367676 3.556817 -0.235400 0.378222 3.562499 -0.651797 0.102903 3.534161 -0.167458 0.094304 3.511847 -0.655673 -0.132393 3.511847 -0.135172 -0.132875 3.430739 -0.646787 -0.215992 3.391891 -0.130800 -0.212449 3.355313 -0.399956 0.115586 3.562037 -0.399689 0.049310 3.499594 -0.476230 -0.029167 3.481208 -0.322388 -0.024523 3.488022 -0.499955 -0.531711 3.447610 -0.309804 -0.546016 3.496522 -0.504884 -0.898111 3.540560 -0.302299 -0.887972 3.478225 -0.543162 -0.966945 3.488019 -0.299178 -0.950275 3.405139 
-0.398933 0.718942 3.540032 -0.392805 0.509624 3.557872 -0.568730 0.368055 3.542169 -0.228564 0.378888 3.551605 -0.646008 0.101975 3.521872 -0.161588 0.094292 3.501375 -0.652196 -0.131819 3.501375 -0.130422 -0.132926 3.419077 -0.643787 -0.215269 3.380828 -0.126702 -0.212622 3.346491 -0.393925 0.116440 3.549774 -0.393483 0.050113 3.487334 -0.469998 -0.028146 3.468287 -0.316568 -0.024043 3.476605 -0.496806 -0.528023 3.411915 -0.307706 -0.545480 3.492238 -0.505331 -0.896304 3.467958 -0.302507 -0.888076 3.477658 -0.541811 -0.958015 3.399235 -0.299250 -0.950450 3.405251 
-0.392288 0.719440 3.526050 -0.386047 0.510475 3.544816 -0.561023 0.368610 3.525315 -0.222052 0.379578 3.540271 -0.640575 0.101792 3.507983 -0.155964 0.094585 3.490016 -0.649219 -0.131315 3.490016 -0.126117 -0.132854 3.405791 -0.641334 -0.214602 3.369125 -0.122533 -0.212777 3.336673 -0.388262 0.117199 3.537048 -0.387471 0.050819 3.474533 -0.463785 -0.027225 3.454249 -0.311000 -0.023616 3.465024 -0.494250 -0.526875 3.375868 -0.305696 -0.545019 3.487964 -0.506525 -0.894621 3.376538 -0.302724 -0.888165 3.477089 -0.538973 -0.949681 3.296153 -0.299311 -0.950614 3.405280 
-0.386266 0.719864 3.511439 -0.380013 0.511269 3.531309 -0.553813 0.368746 3.505588 -0.216059 0.380147 3.528256 -0.635704 0.101293 3.490202 -0.150885 0.094768 3.478422 -0.646554 -0.130868 3.478422 -0.122218 -0.132860 3.391926 -0.639531 -0.214260 3.354150 -0.118731 -0.213090 3.326846 -0.383189 0.117742 3.522778 -0.381834 0.051341 3.460066 -0.457954 -0.026460 3.438276 -0.305695 -0.023336 3.451780 -0.492024 -0.525743 3.342180 -0.303793 -0.544740 3.483676 -0.506523 -0.890741 3.297055 -0.302941 -0.888297 3.476476 -0.534733 -0.941421 3.206318 -0.299360 -0.950812 3.405218 
-0.380864 0.720180 3.496429 -0.374679 0.511715 3.516065 -0.547484 0.368864 3.486668 -0.210586 0.380609 3.516598 -0.631394 0.100791 3.472272 -0.146671 0.094625 3.466093 -0.644212 -0.132312 3.466093 -0.118568 -0.132945 3.373684 -0.638159 -0.214837 3.338644 -0.115255 -0.213504 3.315808 -0.378705 0.118336 3.507978 -0.376742 0.051888 3.445283 -0.452758 -0.025745 3.421773 -0.300830 -0.023096 3.438561 -0.490073 -0.525061 3.311093 -0.301939 -0.544449 3.478970 -0.506476 -0.887457 3.229841 -0.303172 -0.888439 3.475857 -0.531007 -0.934678 3.131317 -0.299395 -0.950989 3.405286 
-0.376122 0.720272 3.481344 -0.370372 0.512038 3.498977 -0.542709 0.368787 3.466946 -0.206033 0.380191 3.501863 -0.627967 0.100257 3.452442 -0.143196 0.093994 3.452404 -0.642700 -0.133113 3.452404 -0.115067 -0.133330 3.352857 -0.637137 -0.215892 3.317136 -0.112020 -0.214547 3.304043 -0.375133 0.118540 3.489850 -0.372652 0.052111 3.427066 -0.448668 -0.025388 3.402211 -0.296791 -0.023334 3.421554 -0.488642 -0.525884 3.279072 -0.300382 -0.544244 3.472680 -0.506329 -0.885471 3.168427 -0.303404 -0.888585 3.475213 -0.527185 -0.930638 3.064708 -0.299416 -0.951214 3.405022 
-0.373440 0.719887 3.460525 -0.367906 0.512370 3.479164 -0.540028 0.368713 3.441957 -0.203207 0.380670 3.483690 -0.626416 0.099898 3.424296 -0.141156 0.093592 3.435283 -0.641864 -0.133489 3.435283 -0.112115 -0.133598 3.323075 -0.636189 -0.216687 3.287533 -0.109454 -0.215477 3.290191 -0.373069 0.118837 3.469134 -0.369867 0.052451 3.406313 -0.445931 -0.024894 3.379688 -0.293937 -0.023346 3.402064 -0.488063 -0.526544 3.245903 -0.299215 -0.543720 3.464441 -0.506205 -0.883773 3.116037 -0.303796 -0.888760 3.474347 -0.524023 -0.927140 3.008122 -0.299459 -0.951385 3.404988 
-0.371441 0.719571 3.440200 -0.366279 0.512846 3.459807 -0.538173 0.368759 3.418071 -0.201031 0.381134 3.466197 -0.625827 0.099689 3.396294 -0.139695 0.093373 3.418528 -0.641488 -0.133946 3.418528 -0.109818 -0.134206 3.294251 -0.636495 -0.216336 3.257749 -0.107553 -0.216442 3.276170 -0.371791 0.119186 3.448709 -0.367838 0.052834 3.385875 -0.443966 -0.024369 3.357543 -0.291763 -0.023318 3.382945 -0.487616 -0.527226 3.216373 -0.298262 -0.543120 3.455658 -0.506094 -0.882232 3.070720 -0.304210 -0.888934 3.473372 -0.521347 -0.923938 2.959146 -0.299469 -0.951561 3.404654 
-0.370230 0.719476 3.419843 -0.365746 0.513408 3.440565 -0.537518 0.368824 3.393435 -0.199652 0.381571 3.449000 -0.626083 0.099800 3.368151 -0.138905 0.093478 3.401944 -0.641334 -0.134250 3.401944 -0.108001 -0.134453 3.263386 -0.636857 -0.215545 3.227556 -0.105929 -0.216996 3.262337 -0.371642 0.119576 3.428108 -0.366795 0.053272 3.365326 -0.442962 -0.023823 3.335536 -0.290534 -0.023173 3.363496 -0.487315 -0.527913 3.189980 -0.297566 -0.542354 3.445852 -0.506026 -0.880864 3.031133 -0.304757 -0.889120 3.472160 -0.519147 -0.921008 2.916186 -0.299486 -0.951696 3.404428 
-0.370033 0.719710 3.399255 -0.366068 0.514070 3.420982 -0.537814 0.368912 3.368783 -0.198940 0.382021 3.432412 -0.626943 0.099855 3.340931 -0.138707 0.093838 3.385802 -0.641852 -0.134062 3.385802 -0.106920 -0.134065 3.233023 -0.637763 -0.214302 3.197395 -0.104860 -0.217114 3.247465 -0.372325 0.120070 3.407615 -0.366471 0.053773 3.345040 -0.442764 -0.023218 3.313618 -0.289919 -0.022998 3.344584 -0.487123 -0.528596 3.166422 -0.297090 -0.541553 3.435569 -0.505988 -0.879661 2.995943 -0.305331 -0.889273 3.470763 -0.517268 -0.918354 2.877688 -0.299479 -0.951884 3.404379 
-0.370933 0.719893 3.378129 -0.368378 0.514994 3.399357 -0.539645 0.369460 3.343319 -0.200658 0.382800 3.413294 -0.628957 0.100904 3.311947 -0.140220 0.095050 3.366811 -0.643701 -0.131724 3.366811 -0.106877 -0.132685 3.199586 -0.639495 -0.211627 3.162800 -0.105057 -0.216162 3.227322 -0.374447 0.120747 3.385451 -0.367512 0.054440 3.323149 -0.443716 -0.022393 3.290338 -0.290664 -0.022620 3.324161 -0.487127 -0.529253 3.145101 -0.296931 -0.540662 3.424197 -0.505980 -0.878580 2.964188 -0.305891 -0.889392 3.469181 -0.516141 -0.917334 2.845038 -0.299686 -0.951963 3.403302 
-0.372474 0.720306 3.357921 -0.372032 0.515934 3.376311 -0.542804 0.370021 3.318046 -0.202777 0.383560 3.395172 -0.631608 0.102913 3.283366 -0.142909 0.096011 3.346501 -0.646030 -0.127865 3.346501 -0.107301 -0.131367 3.165845 -0.640987 -0.208127 3.128349 -0.105848 -0.215281 3.207022 -0.377426 0.121679 3.363268 -0.369246 0.055301 3.301497 -0.445404 -0.021450 3.267347 -0.291932 -0.022200 3.304217 -0.487293 -0.529851 3.125718 -0.296993 -0.539707 3.412538 -0.505920 -0.877715 2.935865 -0.306431 -0.889300 3.467243 -0.514910 -0.916799 2.817003 -0.299582 -0.951055 3.400941 
-0.374716 0.720787 3.338274 -0.376432 0.516858 3.353987 -0.546399 0.370574 3.294219 -0.205915 0.384226 3.376666 -0.634720 0.105334 3.255852 -0.146071 0.097179 3.326983 -0.648297 -0.123970 3.326983 -0.108618 -0.129258 3.135106 -0.642479 -0.204413 3.096215 -0.106896 -0.214065 3.187131 -0.380834 0.122525 3.341853 -0.371485 0.056079 3.280563 -0.447491 -0.020614 3.245361 -0.293697 -0.021784 3.284846 -0.487537 -0.530382 3.108185 -0.297269 -0.538613 3.400340 -0.505780 -0.877010 2.911154 -0.306907 -0.888883 3.464953 -0.513503 -0.916408 2.792925 -0.299715 -0.950944 3.400331 
-0.379472 0.721125 3.315078 -0.382005 0.517651 3.331470 -0.551795 0.370718 3.268001 -0.210234 0.384844 3.356626 -0.638632 0.107454 3.227246 -0.150274 0.098469 3.307115 -0.650483 -0.120666 3.307115 -0.112243 -0.126191 3.104043 -0.643990 -0.200939 3.064300 -0.110265 -0.211735 3.162385 -0.385099 0.123236 3.320433 -0.374454 0.056723 3.259716 -0.450223 -0.019933 3.223760 -0.296147 -0.021498 3.265332 -0.487868 -0.530862 3.092068 -0.297709 -0.538191 3.388454 -0.505574 -0.876518 2.890430 -0.307377 -0.888605 3.462481 -0.512158 -0.916694 2.774203 -0.299625 -0.951039 3.398980 
-0.384557 0.721472 3.292733 -0.388460 0.518338 3.309021 -0.557346 0.370897 3.243384 -0.215257 0.385572 3.336756 -0.642582 0.109449 3.200588 -0.154843 0.099843 3.287959 -0.652583 -0.117618 3.287959 -0.115955 -0.123217 3.075614 -0.645431 -0.197777 3.034158 -0.113715 -0.209453 3.139528 -0.389872 0.123909 3.299443 -0.377968 0.057328 3.239294 -0.453453 -0.019318 3.202657 -0.299082 -0.021186 3.246302 -0.488234 -0.531253 3.077400 -0.298412 -0.537276 3.374943 -0.505298 -0.876224 2.873654 -0.307802 -0.888218 3.459859 -0.510834 -0.917767 2.760110 -0.299495 -0.950904 3.397981 
-0.390144 0.722048 3.270940 -0.395201 0.518976 3.287663 -0.563027 0.371132 3.220447 -0.220673 0.386481 3.317512 -0.646559 0.111360 3.175681 -0.159758 0.101325 3.269534 -0.654694 -0.114881 3.269534 -0.119733 -0.120290 3.049496 -0.646863 -0.194970 3.006811 -0.117280 -0.207252 3.118469 -0.394886 0.124614 3.279318 -0.381819 0.058003 3.219629 -0.456965 -0.018663 3.182502 -0.302399 -0.020757 3.227728 -0.488662 -0.531468 3.063946 -0.299125 -0.536397 3.361805 -0.505001 -0.876031 2.860900 -0.308166 -0.887753 3.456971 -0.509536 -0.919308 2.751723 -0.299379 -0.950797 3.397039 
-0.395904 0.723029 3.249888 -0.402348 0.519736 3.266572 -0.568839 0.371530 3.198746 -0.226239 0.387329 3.299100 -0.650421 0.113142 3.152833 -0.165289 0.102654 3.251234 -0.656870 -0.112579 3.251234 -0.123503 -0.117761 3.026088 -0.648393 -0.193017 2.982710 -0.120899 -0.205212 3.099253 -0.400144 0.125450 3.259784 -0.385924 0.058783 3.200593 -0.460699 -0.017931 3.163132 -0.305952 -0.020205 3.209751 -0.489116 -0.531490 3.051676 -0.299875 -0.535304 3.348128 -0.504675 -0.875852 2.851997 -0.308398 -0.887095 3.453754 -0.508266 -0.920631 2.750149 -0.299237 -0.950467 3.395532 
-0.401716 0.723846 3.230265 -0.409253 0.520407 3.246935 -0.574669 0.371953 3.178640 -0.232265 0.388145 3.280942 -0.654230 0.114653 3.131869 -0.170963 0.103943 3.233832 -0.659214 -0.110821 3.233832 -0.127304 -0.115818 3.005010 -0.650084 -0.191437 2.961441 -0.124551 -0.203759 3.081641 -0.405300 0.126213 3.241468 -0.390107 0.059504 3.182642 -0.464504 -0.017248 3.144966 -0.309673 -0.019693 3.192625 -0.489573 -0.531574 3.040579 -0.300653 -0.534251 3.335105 -0.504310 -0.875843 2.846709 -0.308565 -0.886408 3.450468 -0.506968 -0.922466 2.751842 -0.299073 -0.950162 3.394056 
-0.407393 0.724617 3.211987 -0.415803 0.521018 3.228984 -0.580311 0.372417 3.160306 -0.238243 0.389016 3.264095 -0.657889 0.116046 3.112897 -0.176457 0.105204 3.217727 -0.661446 -0.109337 3.217727 -0.130934 -0.114071 2.986244 -0.651790 -0.190162 2.942532 -0.128077 -0.202562 3.065690 -0.410296 0.126950 3.224524 -0.394244 0.060226 3.165969 -0.468295 -0.016551 3.128043 -0.313399 -0.019150 3.176669 -0.490022 -0.531614 3.030542 -0.301452 -0.533258 3.322887 -0.503929 -0.875856 2.844689 -0.308698 -0.885688 3.447079 -0.505865 -0.924360 2.756826 -0.298898 -0.949864 3.392555 
-0.412939 0.725144 3.194829 -0.422283 0.521562 3.212036 -0.585671 0.372839 3.143488 -0.244099 0.389949 3.248369 -0.661401 0.117260 3.095737 -0.181861 0.106452 3.202581 -0.663508 -0.108057 3.202581 -0.134333 -0.112562 2.969464 -0.653351 -0.189069 2.925686 -0.131381 -0.201613 3.051379 -0.415193 0.127627 3.208695 -0.398343 0.060877 3.150403 -0.472031 -0.015918 3.112280 -0.317108 -0.018647 3.161810 -0.490492 -0.531650 3.021477 -0.302286 -0.532553 3.311581 -0.503524 -0.876004 2.845280 -0.308782 -0.884991 3.443656 -0.504906 -0.926576 2.762684 -0.298692 -0.949499 3.390781 
-0.418158 0.725575 3.179180 -0.428524 0.522020 3.196314 -0.590719 0.373193 3.128008 -0.249756 0.390803 3.233855 -0.664744 0.118320 3.080239 -0.187118 0.107637 3.188308 -0.665623 -0.107001 3.188308 -0.137498 -0.111228 2.954285 -0.655002 -0.188156 2.910550 -0.134458 -0.200832 3.038591 -0.419932 0.128236 3.194047 -0.402323 0.061460 3.136011 -0.475625 -0.015324 3.097768 -0.320751 -0.018187 3.148052 -0.491032 -0.531615 3.013283 -0.303149 -0.531826 3.300878 -0.503139 -0.875996 2.848103 -0.308862 -0.884278 3.440281 -0.503506 -0.928515 2.773248 -0.298470 -0.949154 3.389102 
-0.423265 0.725870 3.164433 -0.434549 0.522379 3.181497 -0.595572 0.373497 3.113770 -0.255275 0.391620 3.220451 -0.667899 0.119216 3.066222 -0.192064 0.108773 3.175223 -0.667657 -0.106050 3.175223 -0.140405 -0.110100 2.940670 -0.656688 -0.187395 2.896997 -0.137305 -0.200142 3.027084 -0.424505 0.128792 3.180428 -0.406178 0.061981 3.122659 -0.479082 -0.014790 3.084376 -0.324311 -0.017757 3.135280 -0.491646 -0.531560 3.005883 -0.304026 -0.531077 3.290612 -0.502756 -0.875977 2.852791 -0.308847 -0.883475 3.436715 -0.502435 -0.930442 2.785351 -0.298216 -0.948836 3.387498 
-0.428034 0.726140 3.151013 -0.440174 0.522709 3.167955 -0.600133 0.373771 3.100826 -0.260506 0.392423 3.208247 -0.670950 0.119965 3.053419 -0.196844 0.109875 3.163152 -0.669677 -0.105272 3.163152 -0.143095 -0.109097 2.928429 -0.658426 -0.186824 2.884908 -0.139901 -0.199497 3.016741 -0.428923 0.129347 3.167805 -0.409963 0.062520 3.110243 -0.482473 -0.014244 3.071986 -0.327902 -0.017258 3.123253 -0.492383 -0.531344 2.999191 -0.305052 -0.530270 3.280612 -0.502379 -0.875958 2.858923 -0.308867 -0.882399 3.432722 -0.501447 -0.932275 2.798259 -0.297987 -0.948464 3.385982 
-0.432684 0.726404 3.138379 -0.445629 0.522957 3.155251 -0.604570 0.374053 3.088838 -0.265740 0.393130 3.196688 -0.674061 0.120590 3.041543 -0.201508 0.110924 3.151777 -0.671963 -0.104810 3.151777 -0.145660 -0.108294 2.917328 -0.660299 -0.186458 2.874153 -0.142408 -0.198969 3.007163 -0.433267 0.129837 3.155951 -0.413741 0.062998 3.098566 -0.485854 -0.013763 3.060370 -0.331526 -0.016791 3.111919 -0.493168 -0.531226 2.993183 -0.306292 -0.529439 3.270392 -0.502054 -0.876149 2.865947 -0.308713 -0.881612 3.428510 -0.500673 -0.934284 2.809863 -0.297695 -0.948252 3.384206 
-0.437127 0.726635 3.126739 -0.450859 0.523156 3.143488 -0.608900 0.374326 3.077635 -0.270802 0.393787 3.185924 -0.677229 0.121072 3.030466 -0.205990 0.111917 3.141244 -0.674344 -0.104543 3.141244 -0.148112 -0.107632 2.907354 -0.662265 -0.186339 2.864486 -0.144792 -0.198510 2.998245 -0.437521 0.130255 3.144895 -0.417465 0.063404 3.087668 -0.489157 -0.013341 3.049623 -0.335167 -0.016372 3.101215 -0.494103 -0.531089 2.987792 -0.307724 -0.528224 3.259066 -0.501758 -0.876379 2.873729 -0.308627 -0.880565 3.423722 -0.500012 -0.936183 2.821426 -0.297407 -0.947957 3.382563 
-0.441492 0.726843 3.115859 -0.455851 0.523293 3.132640 -0.613034 0.374597 3.067170 -0.275970 0.394310 3.175408 -0.680377 0.121491 3.020219 -0.210258 0.112824 3.131527 -0.676802 -0.104497 3.131527 -0.150498 -0.107105 2.898307 -0.664352 -0.186467 2.855621 -0.147031 -0.198124 2.990092 -0.441701 0.130553 3.134541 -0.421214 0.063689 3.077400 -0.492481 -0.012999 3.039550 -0.338900 -0.016047 3.091047 -0.495124 -0.530917 2.982994 -0.309292 -0.526945 3.247169 -0.501490 -0.876624 2.881956 -0.308911 -0.878428 3.416533 -0.499631 -0.937866 2.833866 -0.296950 -0.943779 3.372724 
-0.445829 0.727064 3.105411 -0.460929 0.523243 3.121893 -0.617379 0.374763 3.056902 -0.281231 0.394755 3.165311 -0.683753 0.121591 3.010295 -0.214542 0.113613 3.122334 -0.679447 -0.105099 3.122334 -0.152939 -0.106781 2.889429 -0.666498 -0.186857 2.847506 -0.149345 -0.197862 2.982507 -0.446063 0.130769 3.124453 -0.425133 0.063883 3.067446 -0.496039 -0.012746 3.029778 -0.342784 -0.015773 3.081223 -0.496277 -0.530710 2.978658 -0.311080 -0.524398 3.228732 -0.501250 -0.876876 2.890428 -0.309170 -0.875416 3.407368 -0.499478 -0.939589 2.846579 -0.296177 -0.938134 3.359875 
-0.449901 0.727279 3.095814 -0.465654 0.523166 3.112037 -0.621481 0.374904 3.047426 -0.286251 0.395151 3.155993 -0.687115 0.121592 3.001009 -0.218737 0.114254 3.113658 -0.682113 -0.105705 3.113658 -0.155269 -0.106517 2.881316 -0.668616 -0.187343 2.840225 -0.151581 -0.197626 2.975556 -0.450342 0.130901 3.114925 -0.429049 0.064003 3.057981 -0.499677 -0.012548 3.020418 -0.346708 -0.015565 3.071835 -0.497514 -0.530481 2.974773 -0.312750 -0.522062 3.210111 -0.501041 -0.877178 2.898949 -0.309323 -0.872507 3.397436 -0.499329 -0.941147 2.858501 -0.295825 -0.936439 3.354220 
-0.454274 0.727381 3.085909 -0.470686 0.522854 3.101653 -0.625549 0.375007 3.038248 -0.291248 0.395494 3.146963 -0.690653 0.121660 2.991770 -0.222966 0.114830 3.105489 -0.684926 -0.106234 3.105489 -0.157918 -0.106237 2.873365 -0.670709 -0.187831 2.833295 -0.153879 -0.197323 2.968971 -0.454787 0.130983 3.105357 -0.433103 0.064059 3.048568 -0.503519 -0.012440 3.010974 -0.350662 -0.015416 3.062747 -0.498804 -0.530249 2.971246 -0.314353 -0.519571 3.185213 -0.500865 -0.877471 2.907292 -0.309504 -0.869363 3.380919 -0.499238 -0.942477 2.869383 -0.294625 -0.930568 3.332680 
-0.458408 0.727375 3.076591 -0.475442 0.522507 3.091926 -0.629497 0.375096 3.029569 -0.296030 0.395777 3.138484 -0.694088 0.121736 2.982897 -0.227144 0.115257 3.097829 -0.687638 -0.106753 3.097829 -0.160535 -0.106095 2.865947 -0.672764 -0.188459 2.826534 -0.156085 -0.197053 2.962955 -0.459136 0.131030 3.096184 -0.437106 0.064103 3.039510 -0.507320 -0.012363 3.001941 -0.354611 -0.015267 3.053891 -0.500174 -0.529928 2.967897 -0.315959 -0.517235 3.159958 -0.500729 -0.877763 2.915381 -0.310372 -0.867559 3.358846 -0.499135 -0.943685 2.879666 -0.293591 -0.928704 3.316579 
-0.462439 0.727271 3.067605 -0.479991 0.522116 3.082613 -0.633281 0.375214 3.021306 -0.300681 0.395992 3.130258 -0.697603 0.121924 2.974011 -0.231195 0.115587 3.090689 -0.690203 -0.107340 3.090689 -0.163285 -0.106221 2.858765 -0.674712 -0.189099 2.820223 -0.158361 -0.196833 2.957262 -0.463345 0.131042 3.087379 -0.441016 0.064114 3.030803 -0.511031 -0.012330 2.993291 -0.358484 -0.015130 3.045365 -0.501545 -0.529614 2.964859 -0.317341 -0.514904 3.132752 -0.500604 -0.878081 2.923015 -0.311049 -0.865145 3.331813 -0.499055 -0.944809 2.889124 -0.292016 -0.927331 3.294778 
-0.466347 0.727111 3.058884 -0.484335 0.521666 3.073575 -0.637036 0.375270 3.013151 -0.305143 0.396130 3.122361 -0.701044 0.122145 2.965338 -0.235120 0.115845 3.084040 -0.692715 -0.107978 3.084040 -0.166081 -0.106378 2.851572 -0.676578 -0.189786 2.814270 -0.160617 -0.196625 2.951984 -0.467401 0.131014 3.078912 -0.444774 0.064083 3.022464 -0.514608 -0.012345 2.985052 -0.362203 -0.015036 3.037182 -0.502914 -0.529336 2.962087 -0.318750 -0.512999 3.105582 -0.500533 -0.878528 2.930310 -0.310752 -0.865019 3.294568 -0.499257 -0.945997 2.898060 -0.290183 -0.927716 3.261386 
-0.470238 0.726788 3.049515 -0.488610 0.521086 3.064152 -0.640879 0.375171 3.004147 -0.309425 0.395924 3.114057 -0.704379 0.122098 2.955959 -0.239064 0.115796 3.077331 -0.695073 -0.108576 3.077331 -0.168812 -0.106626 2.844271 -0.678341 -0.190516 2.808085 -0.162776 -0.196470 2.947175 -0.471409 0.130918 3.070246 -0.448464 0.063978 3.013981 -0.518181 -0.012486 2.976606 -0.365794 -0.015021 3.028952 -0.504281 -0.529133 2.959532 -0.320109 -0.511661 3.073622 -0.500449 -0.879011 2.937174 -0.309457 -0.864951 3.237103 -0.499510 -0.947119 2.906329 -0.285248 -0.928244 3.196736 
-0.473942 0.726458 3.040309 -0.492558 0.520486 3.054977 -0.644489 0.375052 2.995295 -0.313474 0.395641 3.106004 -0.707525 0.122042 2.946906 -0.242826 0.115644 3.070939 -0.697255 -0.109176 3.070939 -0.171425 -0.106962 2.837062 -0.679905 -0.191171 2.801934 -0.164902 -0.196422 2.942680 -0.475216 0.130777 3.061739 -0.451978 0.063827 3.005653 -0.521584 -0.012671 2.968354 -0.369246 -0.015040 3.020843 -0.505629 -0.528963 2.957193 -0.321302 -0.510504 3.043669 -0.500376 -0.879492 2.943612 -0.306499 -0.865266 3.172171 -0.499967 -0.948280 2.914380 -0.280096 -0.927375 3.124768 
-0.477307 0.726067 3.030766 -0.496239 0.519461 3.044183 -0.647776 0.374788 2.985836 -0.317252 0.395304 3.097316 -0.710303 0.121845 2.937102 -0.246292 0.115223 3.064278 -0.699024 -0.109568 3.064278 -0.174029 -0.107920 2.829405 -0.681020 -0.191868 2.794437 -0.166931 -0.196697 2.938347 -0.478714 0.130529 3.052486 -0.455204 0.063549 2.996745 -0.524695 -0.012990 2.959679 -0.372402 -0.015149 3.012234 -0.506935 -0.528821 2.955022 -0.321769 -0.509964 3.009914 -0.500310 -0.879989 2.949620 -0.300152 -0.866102 3.087511 -0.500445 -0.949360 2.921733 -0.273185 -0.926464 3.029635 
-0.480247 0.725716 3.021535 -0.499432 0.518512 3.033636 -0.650737 0.374518 2.976402 -0.320782 0.394874 3.088326 -0.712748 0.121628 2.927663 -0.249540 0.114755 3.057670 -0.700339 -0.110015 3.057670 -0.176372 -0.108904 2.821178 -0.681859 -0.192725 2.787048 -0.168845 -0.196998 2.934135 -0.481843 0.130226 3.043135 -0.458127 0.063207 2.987673 -0.527521 -0.013356 2.950715 -0.375300 -0.015323 3.003493 -0.508197 -0.528671 2.952951 -0.321958 -0.509775 2.978624 -0.500250 -0.880471 2.955195 -0.292233 -0.865690 2.999632 -0.500728 -0.950309 2.928238 -0.265735 -0.924303 2.931803 
-0.481830 0.724654 3.008464 -0.501120 0.517092 3.019506 -0.652268 0.373857 2.963192 -0.323062 0.393708 3.075570 -0.714110 0.121667 2.914966 -0.251944 0.113663 3.048842 -0.700297 -0.110352 3.048842 -0.177874 -0.111604 2.810131 -0.681538 -0.193860 2.777334 -0.170044 -0.198506 2.928673 -0.483834 0.129356 3.030081 -0.459988 0.062269 2.974938 -0.529266 -0.014236 2.938102 -0.377288 -0.016136 2.991139 -0.509384 -0.528560 2.950492 -0.320080 -0.511395 2.940370 -0.500178 -0.880965 2.960317 -0.282943 -0.860988 2.899162 -0.500988 -0.951227 2.934191 -0.255293 -0.918099 2.821192 
-0.482731 0.723532 2.995318 -0.502222 0.515604 3.005583 -0.653307 0.373106 2.949911 -0.324830 0.392515 3.062865 -0.714913 0.121205 2.902178 -0.253885 0.112481 3.039920 -0.699870 -0.110700 3.039920 -0.179022 -0.114068 2.799083 -0.680567 -0.194917 2.766587 -0.171065 -0.199956 2.923125 -0.485312 0.128439 3.017118 -0.461359 0.061298 2.962266 -0.530534 -0.015160 2.925498 -0.378795 -0.016995 2.978832 -0.510497 -0.528486 2.947940 -0.318007 -0.513267 2.904283 -0.500094 -0.881454 2.965034 -0.272317 -0.858747 2.808333 -0.501133 -0.951966 2.939331 -0.245104 -0.913575 2.721668 
-0.482584 0.722405 2.981042 -0.502149 0.514064 2.990530 -0.653797 0.372098 2.935901 -0.325281 0.391113 3.048687 -0.715095 0.120474 2.889063 -0.254950 0.110930 3.029263 -0.698742 -0.111165 3.029263 -0.179580 -0.117131 2.787308 -0.678937 -0.196051 2.754990 -0.171579 -0.201938 2.916923 -0.485870 0.127465 3.003015 -0.461960 0.060255 2.948399 -0.531197 -0.016267 2.911958 -0.379445 -0.018010 2.964875 -0.511503 -0.528490 2.945124 -0.315453 -0.514718 2.869691 -0.499981 -0.881982 2.969375 -0.263752 -0.856198 2.731980 -0.501281 -0.952643 2.943962 -0.236670 -0.908802 2.638206 
-0.481596 0.721031 2.966190 -0.500891 0.512314 2.974477 -0.653345 0.371022 2.921014 -0.324416 0.388999 3.031890 -0.714398 0.119474 2.875181 -0.255103 0.108919 3.017052 -0.696912 -0.111773 3.017052 -0.179433 -0.120414 2.774426 -0.676715 -0.197438 2.742584 -0.171328 -0.204444 2.909704 -0.485266 0.126064 2.987398 -0.461563 0.058768 2.932872 -0.530829 -0.017818 2.896501 -0.379265 -0.019458 2.949496 -0.512347 -0.528674 2.942033 -0.312247 -0.517343 2.835243 -0.499858 -0.882525 2.973361 -0.256240 -0.855770 2.663778 -0.501428 -0.953271 2.948127 -0.229138 -0.905940 2.565488 
-0.479310 0.719281 2.950150 -0.498441 0.510344 2.957623 -0.651666 0.369721 2.904906 -0.322569 0.386849 3.014863 -0.712921 0.118171 2.860554 -0.254420 0.106616 3.004199 -0.694571 -0.112661 3.004199 -0.178399 -0.124187 2.760992 -0.673907 -0.199190 2.729264 -0.170178 -0.207457 2.901431 -0.483759 0.124539 2.971064 -0.460255 0.057169 2.916667 -0.529591 -0.019516 2.880374 -0.378170 -0.021059 2.933338 -0.512983 -0.529061 2.938394 -0.308977 -0.519917 2.802571 -0.499731 -0.883057 2.977010 -0.249888 -0.855377 2.605939 -0.501556 -0.953835 2.951901 -0.222882 -0.903655 2.503969 
-0.475914 0.717595 2.933099 -0.494758 0.508206 2.939749 -0.648766 0.368153 2.887582 -0.318629 0.384064 2.995512 -0.710315 0.116334 2.844442 -0.251730 0.104048 2.989011 -0.691655 -0.114103 2.989011 -0.175668 -0.128920 2.746810 -0.670595 -0.201547 2.715115 -0.167617 -0.211136 2.890953 -0.480803 0.122692 2.953007 -0.457591 0.055280 2.898584 -0.527071 -0.021529 2.862361 -0.375612 -0.023065 2.914994 -0.513276 -0.529514 2.933644 -0.305168 -0.522759 2.770383 -0.499594 -0.883509 2.980232 -0.244441 -0.854985 2.556049 -0.502166 -0.954577 2.956199 -0.217517 -0.901860 2.450905 
-0.468925 0.715448 2.910858 -0.487308 0.505716 2.917075 -0.642738 0.366230 2.865376 -0.311626 0.381624 2.971005 -0.704736 0.113439 2.824599 -0.245439 0.101154 2.967466 -0.686419 -0.116312 2.967466 -0.170297 -0.133824 2.727797 -0.665961 -0.203520 2.697752 -0.162583 -0.215214 2.876128 -0.474425 0.120686 2.929553 -0.451685 0.053326 2.874992 -0.521294 -0.023849 2.838388 -0.369997 -0.024974 2.891320 -0.512713 -0.530500 2.926321 -0.300085 -0.524927 2.736265 -0.499483 -0.883896 2.983056 -0.239710 -0.854566 2.512055 -0.502489 -0.955104 2.958995 -0.212867 -0.900261 2.404138 
-0.461371 0.713696 2.888815 -0.479031 0.503577 2.894298 -0.636076 0.364664 2.843623 -0.303704 0.379377 2.946522 -0.698704 0.110901 2.805376 -0.238170 0.098478 2.945302 -0.681098 -0.118179 2.945302 -0.163746 -0.138165 2.709350 -0.660838 -0.205303 2.680030 -0.155934 -0.219251 2.858023 -0.467369 0.118928 2.906250 -0.445182 0.051585 2.851570 -0.515089 -0.025922 2.814974 -0.363677 -0.026685 2.867490 -0.511640 -0.531495 2.917146 -0.295313 -0.526818 2.705606 -0.499328 -0.884218 2.985481 -0.235565 -0.854085 2.472696 -0.502820 -0.955595 2.961660 -0.208688 -0.898859 2.362063 
-0.450799 0.712865 2.862015 -0.467328 0.502552 2.866986 -0.625023 0.364082 2.816062 -0.291522 0.378135 2.915915 -0.690045 0.109394 2.782183 -0.226406 0.096379 2.915284 -0.674025 -0.119244 2.915284 -0.153481 -0.142129 2.688230 -0.654155 -0.206796 2.660197 -0.145961 -0.222751 2.830277 -0.456824 0.118070 2.876674 -0.435287 0.050846 2.821524 -0.505652 -0.026727 2.785356 -0.353924 -0.027298 2.836072 -0.508217 -0.529937 2.895975 -0.290275 -0.528267 2.676753 -0.498878 -0.883516 2.985388 -0.231777 -0.853639 2.437215 -0.500987 -0.952327 2.956774 -0.204984 -0.897973 2.325147 
-0.440102 0.712456 2.836046 -0.455015 0.501817 2.840382 -0.613939 0.363771 2.789812 -0.278931 0.377256 2.885531 -0.681161 0.108191 2.759803 -0.213845 0.094720 2.885321 -0.666711 -0.119993 2.885321 -0.142169 -0.145003 2.667386 -0.646996 -0.208011 2.640226 -0.134650 -0.225542 2.800243 -0.445969 0.117449 2.848142 -0.425260 0.050328 2.792551 -0.496199 -0.027267 2.756957 -0.344040 -0.027709 2.805683 -0.503774 -0.526679 2.867653 -0.285258 -0.529521 2.650415 -0.498067 -0.881218 2.982121 -0.228294 -0.853349 2.406142 -0.500933 -0.950593 2.955498 -0.201854 -0.897694 2.294112 
-0.426507 0.712595 2.805528 -0.438996 0.501791 2.808482 -0.600476 0.364376 2.760784 -0.262982 0.377178 2.849573 -0.669846 0.106973 2.734498 -0.196480 0.093793 2.847974 -0.657183 -0.120284 2.847974 -0.126685 -0.146517 2.641470 -0.637783 -0.208319 2.615885 -0.119401 -0.226266 2.758086 -0.432116 0.117414 2.814911 -0.412737 0.050331 2.758984 -0.484793 -0.027246 2.725354 -0.331722 -0.027610 2.769994 -0.497029 -0.521743 2.824811 -0.280220 -0.530834 2.626204 -0.496367 -0.876585 2.969633 -0.225141 -0.853291 2.379984 -0.497222 -0.941360 2.933409 -0.199353 -0.898043 2.269410 
-0.413529 0.712853 2.776858 -0.423586 0.501942 2.778801 -0.587441 0.365058 2.733505 -0.247651 0.377453 2.815868 -0.658592 0.106535 2.710482 -0.179143 0.094472 2.810443 -0.647913 -0.120316 2.810443 -0.111124 -0.147166 2.616997 -0.628854 -0.208319 2.592592 -0.102956 -0.225894 2.714070 -0.418670 0.117581 2.783745 -0.400577 0.050574 2.727434 -0.473604 -0.026999 2.695340 -0.319690 -0.027240 2.736330 -0.489297 -0.515598 2.778055 -0.275314 -0.531789 2.604074 -0.494184 -0.870609 2.950500 -0.222404 -0.853344 2.359095 -0.492809 -0.930401 2.903552 -0.197527 -0.898949 2.251504 
-0.398773 0.713269 2.744683 -0.406082 0.502655 2.746253 -0.573689 0.366262 2.705467 -0.230433 0.378286 2.778614 -0.645923 0.106469 2.685012 -0.158631 0.095712 2.765122 -0.637088 -0.119678 2.765122 -0.092289 -0.144861 2.589380 -0.618124 -0.206743 2.564557 -0.083648 -0.223933 2.658424 -0.403462 0.118300 2.750501 -0.387084 0.051305 2.693987 -0.461603 -0.026351 2.664458 -0.305916 -0.026376 2.699805 -0.479339 -0.506590 2.718741 -0.270256 -0.532327 2.583488 -0.490258 -0.862410 2.913002 -0.220088 -0.853483 2.343588 -0.486791 -0.916765 2.853510 -0.196528 -0.900141 2.240308 
-0.384986 0.713808 2.715066 -0.389794 0.503505 2.716527 -0.560648 0.367581 2.679292 -0.214501 0.379209 2.744294 -0.633659 0.106571 2.660846 -0.139759 0.097306 2.723060 -0.626668 -0.118812 2.723060 -0.075185 -0.141719 2.563175 -0.607872 -0.204942 2.537878 -0.065394 -0.221255 2.604131 -0.389095 0.119142 2.719730 -0.374284 0.052199 2.662913 -0.450026 -0.025508 2.635426 -0.293001 -0.025368 2.666131 -0.470015 -0.499635 2.663694 -0.265459 -0.532709 2.564910 -0.485293 -0.856543 2.868322 -0.218256 -0.853729 2.333232 -0.485464 -0.911236 2.814609 -0.196121 -0.901659 2.235319 
-0.369753 0.714924 2.680812 -0.371947 0.504829 2.682520 -0.545747 0.369046 2.649376 -0.196783 0.380356 2.704668 -0.619812 0.108125 2.633946 -0.118908 0.100965 2.672474 -0.614951 -0.116505 2.672474 -0.056152 -0.135403 2.533638 -0.596090 -0.202489 2.506330 -0.046671 -0.214485 2.535230 -0.372980 0.120148 2.684857 -0.359937 0.053181 2.627759 -0.436986 -0.024465 2.602765 -0.278519 -0.024347 2.628143 -0.457589 -0.495977 2.595922 -0.260790 -0.533165 2.547813 -0.474933 -0.854538 2.777521 -0.216844 -0.854110 2.327552 -0.480490 -0.908652 2.724614 -0.196247 -0.903423 2.235481 
-0.355917 0.715969 2.649689 -0.355889 0.506094 2.651717 -0.532050 0.370444 2.622037 -0.180912 0.381443 2.669075 -0.606857 0.109612 2.608966 -0.100427 0.104466 2.626922 -0.604189 -0.114313 2.626922 -0.039578 -0.128936 2.506686 -0.585317 -0.200128 2.477496 -0.030400 -0.207712 2.472327 -0.358349 0.121105 2.653266 -0.346876 0.054115 2.595876 -0.425040 -0.023454 2.573071 -0.265360 -0.023366 2.593770 -0.445815 -0.492668 2.533993 -0.256326 -0.533489 2.532218 -0.463222 -0.852095 2.683082 -0.215955 -0.854534 2.325725 -0.473229 -0.905376 2.630870 -0.196790 -0.905331 2.239997 
-0.343115 0.717027 2.620377 -0.341082 0.507318 2.622973 -0.519205 0.371863 2.596364 -0.166286 0.382353 2.635857 -0.594544 0.110771 2.585256 -0.083839 0.107941 2.584837 -0.594214 -0.112434 2.584837 -0.024930 -0.122281 2.481660 -0.575605 -0.197953 2.451171 -0.016371 -0.201043 2.412559 -0.344749 0.121986 2.623846 -0.334737 0.054961 2.566179 -0.413877 -0.022475 2.545380 -0.253168 -0.022516 2.561847 -0.434196 -0.488585 2.474605 -0.252077 -0.533737 2.518038 -0.451329 -0.848137 2.585785 -0.215530 -0.855165 2.327674 -0.463640 -0.901669 2.534772 -0.197208 -0.907597 2.248525 
-0.331229 0.717836 2.592109 -0.327471 0.508336 2.595795 -0.507197 0.373172 2.571925 -0.152965 0.383317 2.604935 -0.582916 0.111662 2.562716 -0.068886 0.111427 2.545611 -0.584912 -0.110949 2.545611 -0.012501 -0.115941 2.458033 -0.566855 -0.195961 2.427027 -0.004656 -0.194662 2.359330 -0.332133 0.122773 2.596268 -0.323431 0.055718 2.538350 -0.403371 -0.021544 2.519279 -0.241859 -0.021794 2.532150 -0.423413 -0.483124 2.420269 -0.248129 -0.533967 2.505208 -0.438450 -0.841944 2.489051 -0.215378 -0.856115 2.332386 -0.452442 -0.896493 2.440515 -0.197861 -0.909959 2.259061 
-0.320423 0.718753 2.565541 -0.314845 0.509378 2.569400 -0.496058 0.374294 2.548373 -0.140726 0.384068 2.575526 -0.572099 0.112550 2.541526 -0.055697 0.114634 2.509824 -0.576360 -0.109838 2.509824 -0.001946 -0.110032 2.436125 -0.558933 -0.194317 2.404596 0.005190 -0.188854 2.311401 -0.320513 0.123668 2.570297 -0.313039 0.056536 2.512249 -0.393666 -0.020562 2.494715 -0.231542 -0.021063 2.504655 -0.413731 -0.477834 2.372232 -0.244392 -0.534094 2.493483 -0.426215 -0.833851 2.398054 -0.215463 -0.857051 2.338824 -0.438390 -0.885047 2.340153 -0.198666 -0.912279 2.271245 
-0.310503 0.719383 2.540286 -0.303428 0.510309 2.544774 -0.485737 0.375193 2.525827 -0.129823 0.384736 2.548804 -0.561935 0.113032 2.520812 -0.044151 0.117454 2.476516 -0.568600 -0.109098 2.476516 0.007039 -0.104644 2.415966 -0.551866 -0.192952 2.384156 0.013425 -0.183608 2.267185 -0.309900 0.124437 2.545919 -0.303442 0.057244 2.487695 -0.384595 -0.019662 2.471481 -0.222057 -0.020445 2.478911 -0.404942 -0.472912 2.329492 -0.240879 -0.534187 2.482784 -0.414453 -0.824309 2.315744 -0.215736 -0.858067 2.346823 -0.424529 -0.872274 2.249913 -0.199460 -0.914638 2.284683 
-0.301524 0.719820 2.516340 -0.293052 0.511077 2.521338 -0.476178 0.376011 2.504108 -0.120022 0.385399 2.524019 -0.552542 0.113314 2.501015 -0.034111 0.120018 2.446723 -0.561617 -0.108611 2.446723 0.014767 -0.099843 2.397171 -0.545515 -0.192020 2.364867 0.020421 -0.179041 2.228147 -0.300191 0.125142 2.522795 -0.294607 0.057909 2.464395 -0.376140 -0.018806 2.449189 -0.213374 -0.019846 2.454723 -0.396967 -0.468281 2.291341 -0.237630 -0.534271 2.473023 -0.405253 -0.820764 2.250821 -0.216157 -0.859112 2.355509 -0.414302 -0.868044 2.179978 -0.200174 -0.917041 2.298694 
-0.293464 0.720220 2.492656 -0.283647 0.511730 2.498988 -0.467446 0.376501 2.482475 -0.111244 0.385989 2.500734 -0.543918 0.113537 2.481676 -0.025300 0.122301 2.418940 -0.555326 -0.108500 2.418940 0.021442 -0.095733 2.379397 -0.539931 -0.191384 2.347169 0.026390 -0.175082 2.193220 -0.291407 0.125739 2.500956 -0.286549 0.058453 2.442415 -0.368387 -0.018083 2.427948 -0.205481 -0.019382 2.432178 -0.389736 -0.464280 2.257274 -0.234638 -0.534378 2.464126 -0.396933 -0.817529 2.190550 -0.216749 -0.860235 2.364495 -0.404877 -0.864198 2.115069 -0.200879 -0.919353 2.312752 
-0.286371 0.720480 2.468011 -0.275257 0.512243 2.474284 -0.459107 0.376667 2.457801 -0.103564 0.386531 2.476341 -0.535854 0.113104 2.459334 -0.017834 0.123954 2.391644 -0.549623 -0.109014 2.391644 0.027183 -0.092258 2.360622 -0.535113 -0.191541 2.328392 0.031506 -0.171953 2.161063 -0.283246 0.126132 2.477197 -0.278886 0.058750 2.418574 -0.360732 -0.017555 2.404311 -0.198068 -0.019094 2.408489 -0.382325 -0.460643 2.224403 -0.231545 -0.534257 2.455260 -0.388706 -0.815210 2.135074 -0.217503 -0.861616 2.373628 -0.395413 -0.861460 2.055395 -0.201454 -0.921862 2.326996 
-0.280119 0.720579 2.444600 -0.268118 0.512565 2.450607 -0.451847 0.376798 2.434464 -0.096882 0.387043 2.453857 -0.528710 0.112716 2.438066 -0.011398 0.125317 2.366782 -0.544645 -0.110357 2.366782 0.032073 -0.089400 2.341754 -0.530937 -0.192072 2.310681 0.035974 -0.169305 2.132334 -0.276107 0.126457 2.454922 -0.272120 0.058972 2.396309 -0.353941 -0.017130 2.382313 -0.191485 -0.018889 2.386406 -0.375670 -0.457406 2.194989 -0.228639 -0.534065 2.447011 -0.381319 -0.813261 2.085957 -0.218334 -0.863025 2.382807 -0.386901 -0.859206 2.002688 -0.201816 -0.924298 2.341042 
-0.275350 0.720048 2.417187 -0.262772 0.512419 2.423100 -0.445853 0.376580 2.406797 -0.091877 0.386876 2.427905 -0.522456 0.111858 2.411942 -0.006390 0.125613 2.340666 -0.540549 -0.112881 2.340666 0.036369 -0.087322 2.319388 -0.527565 -0.193609 2.289840 0.039954 -0.167274 2.106395 -0.270128 0.126308 2.429160 -0.266299 0.058702 2.370634 -0.347890 -0.017204 2.356657 -0.185782 -0.019057 2.361387 -0.369079 -0.454585 2.165233 -0.225547 -0.533450 2.438036 -0.374605 -0.812009 2.041991 -0.219252 -0.864298 2.390823 -0.379168 -0.857845 1.955708 -0.202009 -0.926543 2.353994 
-0.271562 0.719536 2.391182 -0.258461 0.512262 2.396966 -0.441014 0.376298 2.380203 -0.087912 0.386790 2.403534 -0.517276 0.111018 2.386513 -0.002422 0.125683 2.316721 -0.537081 -0.115722 2.316721 0.040139 -0.085638 2.296696 -0.524769 -0.195455 2.269372 0.043514 -0.165587 2.083145 -0.265112 0.126216 2.404532 -0.261334 0.058522 2.346098 -0.342670 -0.017206 2.331743 -0.180888 -0.019173 2.337770 -0.363154 -0.452026 2.138367 -0.222724 -0.532968 2.429557 -0.368633 -0.810905 2.002268 -0.220077 -0.865619 2.398324 -0.372265 -0.856691 1.913265 -0.202177 -0.928648 2.365349 
-0.270225 0.719650 2.360036 -0.256377 0.512562 2.366244 -0.438188 0.376215 2.347855 -0.086256 0.387291 2.375052 -0.513810 0.110353 2.354194 -0.000062 0.125874 2.292042 -0.534471 -0.118938 2.292042 0.043403 -0.084196 2.267314 -0.523105 -0.197582 2.241281 0.046571 -0.164249 2.062181 -0.262024 0.126617 2.374768 -0.258038 0.058888 2.316412 -0.338953 -0.016615 2.301384 -0.177625 -0.018713 2.309165 -0.357486 -0.449107 2.109284 -0.219696 -0.531966 2.418513 -0.363316 -0.809759 1.966746 -0.220715 -0.866569 2.404551 -0.366160 -0.855393 1.875536 -0.202331 -0.930519 2.375690 
-0.269547 0.719673 2.330985 -0.255609 0.512939 2.336679 -0.436380 0.376130 2.317023 -0.085587 0.387784 2.347674 -0.511365 0.109635 2.322003 0.001408 0.126021 2.269017 -0.532502 -0.121233 2.269017 0.046181 -0.083014 2.237714 -0.522184 -0.199174 2.211153 0.049105 -0.163252 2.043308 -0.260038 0.127044 2.345598 -0.255761 0.059322 2.287227 -0.336238 -0.015966 2.271276 -0.175286 -0.018200 2.281026 -0.352442 -0.446565 2.082970 -0.216451 -0.530315 2.405947 -0.358497 -0.808782 1.934650 -0.221196 -0.867209 2.409693 -0.360582 -0.854381 1.841484 -0.202395 -0.932135 2.385125 
-0.271047 0.720426 2.297469 -0.257267 0.514207 2.303238 -0.436865 0.376487 2.280791 -0.087212 0.388886 2.315820 -0.510683 0.109640 2.281739 0.000910 0.126743 2.244289 -0.531693 -0.122261 2.244289 0.048336 -0.081862 2.197990 -0.521858 -0.200502 2.170616 0.051331 -0.162284 2.025913 -0.260128 0.128159 2.310792 -0.255325 0.060559 2.252156 -0.335250 -0.014502 2.234557 -0.174672 -0.016887 2.247073 -0.348271 -0.443985 2.055965 -0.212365 -0.527571 2.386115 -0.354090 -0.807933 1.905788 -0.221423 -0.867796 2.413896 -0.355378 -0.853571 1.811063 -0.202458 -0.933474 2.392444 
-0.273957 0.721447 2.262852 -0.261256 0.515635 2.266521 -0.439211 0.377540 2.240605 -0.091263 0.390200 2.280069 -0.511660 0.110465 2.234488 -0.000935 0.127688 2.219125 -0.531576 -0.121741 2.219125 0.049766 -0.080696 2.149291 -0.522246 -0.199925 2.120231 0.052987 -0.161378 2.009332 -0.262132 0.129471 2.271951 -0.256584 0.062091 2.213001 -0.335696 -0.012731 2.193517 -0.175786 -0.015078 2.209083 -0.344792 -0.441763 2.030726 -0.205931 -0.521747 2.351072 -0.349982 -0.807413 1.879967 -0.220772 -0.866729 2.414806 -0.350400 -0.853224 1.784106 -0.201280 -0.930277 2.390861 
-0.277683 0.722558 2.229049 -0.265910 0.517053 2.231608 -0.442037 0.378625 2.203023 -0.095568 0.391585 2.247092 -0.513178 0.111523 2.189075 -0.003733 0.128937 2.194541 -0.531807 -0.120594 2.194541 0.050524 -0.079683 2.100278 -0.522568 -0.198647 2.069036 0.054209 -0.160652 1.994012 -0.264697 0.130865 2.235330 -0.258310 0.063705 2.176162 -0.336648 -0.010942 2.154895 -0.177296 -0.013202 2.173389 -0.341812 -0.439726 2.007575 -0.199086 -0.513311 2.308284 -0.346193 -0.807189 1.857153 -0.219295 -0.863322 2.411025 -0.345690 -0.853254 1.760556 -0.199220 -0.923382 2.381632 
-0.282702 0.723368 2.192333 -0.271986 0.518667 2.193562 -0.446155 0.379672 2.161047 -0.101535 0.392993 2.211063 -0.515445 0.113850 2.137448 -0.008404 0.130148 2.167506 -0.532208 -0.118387 2.167506 0.049822 -0.078379 2.040677 -0.522486 -0.196606 2.007630 0.054169 -0.159933 1.977238 -0.268480 0.132137 2.195461 -0.260979 0.065152 2.136179 -0.338365 -0.009447 2.112747 -0.179733 -0.011317 2.135318 -0.339452 -0.438113 1.985802 -0.190892 -0.501226 2.249418 -0.342635 -0.807358 1.837352 -0.216011 -0.855783 2.394555 -0.341056 -0.853810 1.740524 -0.195145 -0.911045 2.355694 
-0.288053 0.723818 2.155818 -0.278585 0.520363 2.155687 -0.450597 0.380755 2.119113 -0.107918 0.394351 2.175409 -0.518008 0.116768 2.081865 -0.013993 0.131436 2.139803 -0.532346 -0.114098 2.139803 0.047441 -0.077239 1.975514 -0.521659 -0.192567 1.940716 0.052486 -0.158931 1.957970 -0.272686 0.133470 2.156090 -0.263947 0.066640 2.096803 -0.340338 -0.007949 2.070985 -0.182496 -0.009355 2.097767 -0.337742 -0.436666 1.964869 -0.182675 -0.490312 2.183776 -0.339289 -0.807690 1.820680 -0.210284 -0.845565 2.357702 -0.336501 -0.854533 1.724129 -0.191889 -0.902694 2.324732 
-0.293243 0.723985 2.121888 -0.284913 0.521990 2.120395 -0.455083 0.381894 2.080482 -0.114320 0.395611 2.141600 -0.520500 0.119902 2.030993 -0.019934 0.132730 2.112707 -0.532022 -0.109684 2.112707 0.044447 -0.076065 1.914930 -0.520614 -0.188130 1.879333 0.050149 -0.157894 1.939094 -0.276742 0.134824 2.119385 -0.266891 0.068163 2.060043 -0.342349 -0.006512 2.032187 -0.185249 -0.007356 2.062619 -0.336449 -0.435352 1.945672 -0.175456 -0.479167 2.120044 -0.336163 -0.808187 1.806882 -0.202041 -0.831552 2.305410 -0.332140 -0.855444 1.710955 -0.188980 -0.891309 2.281868 
-0.298226 0.723244 2.085814 -0.291344 0.523497 2.084450 -0.459841 0.382916 2.040499 -0.120665 0.396685 2.106637 -0.523207 0.124416 1.978149 -0.026955 0.134021 2.082708 -0.530107 -0.103934 2.082708 0.039632 -0.075142 1.851082 -0.517563 -0.181420 1.814268 0.045808 -0.156881 1.916045 -0.280983 0.136140 2.081967 -0.269988 0.069672 2.022571 -0.344539 -0.005217 1.992484 -0.188138 -0.005418 2.026813 -0.335650 -0.434181 1.927459 -0.168293 -0.467018 2.050780 -0.333207 -0.808715 1.795685 -0.194886 -0.825904 2.263138 -0.327881 -0.856401 1.700687 -0.181946 -0.884528 2.233679 
-0.302608 0.722480 2.053230 -0.297243 0.524822 2.051683 -0.464076 0.383854 2.004423 -0.126627 0.397566 2.074152 -0.525548 0.128455 1.931428 -0.033691 0.135109 2.054403 -0.528130 -0.098435 2.054403 0.034610 -0.074364 1.794686 -0.514478 -0.174758 1.756205 0.041177 -0.155947 1.893762 -0.284894 0.137245 2.047859 -0.272904 0.070948 1.988370 -0.346596 -0.004104 1.956528 -0.190919 -0.003725 1.993984 -0.335154 -0.433165 1.910599 -0.162058 -0.456288 1.988340 -0.330419 -0.809285 1.787089 -0.185396 -0.821678 2.212971 -0.323792 -0.857372 1.693303 -0.172158 -0.879539 2.176399 
-0.306169 0.720856 2.018766 -0.302593 0.525442 2.017326 -0.467741 0.384490 1.967887 -0.131936 0.398034 2.040208 -0.527384 0.132049 1.886509 -0.040556 0.135049 2.022887 -0.524873 -0.092272 2.022887 0.028793 -0.074484 1.738851 -0.509877 -0.167256 1.698693 0.035533 -0.155576 1.867010 -0.288369 0.137915 2.012659 -0.275469 0.071803 1.953215 -0.348354 -0.003452 1.920110 -0.193374 -0.002458 1.959925 -0.334882 -0.432387 1.894371 -0.155901 -0.446750 1.925233 -0.327918 -0.809863 1.780507 -0.173141 -0.819090 2.146688 -0.320056 -0.858355 1.688121 -0.159204 -0.876608 2.100946 
-0.308735 0.718763 1.984808 -0.306969 0.525614 1.983966 -0.470766 0.384656 1.932855 -0.136228 0.397948 2.006126 -0.528526 0.134952 1.844954 -0.046817 0.134360 1.990642 -0.521455 -0.086978 1.990642 0.022944 -0.075515 1.688789 -0.505289 -0.160816 1.647450 0.029844 -0.155874 1.840358 -0.291077 0.138241 1.978536 -0.277446 0.072319 1.918932 -0.349608 -0.003220 1.884662 -0.195265 -0.001573 1.926407 -0.334811 -0.431864 1.878532 -0.150155 -0.438552 1.865511 -0.325626 -0.810318 1.775971 -0.155854 -0.816348 2.061633 -0.316634 -0.859139 1.685158 -0.140657 -0.873510 2.004665 
-0.309750 0.715810 1.948896 -0.309867 0.524972 1.948810 -0.472573 0.384155 1.897175 -0.139091 0.396823 1.969540 -0.528606 0.136794 1.805410 -0.051848 0.132299 1.954637 -0.517735 -0.082996 1.954637 0.017646 -0.078968 1.643224 -0.500768 -0.155911 1.601360 0.024477 -0.158903 1.810251 -0.292661 0.137644 1.942578 -0.278506 0.071874 1.882794 -0.350098 -0.003844 1.847873 -0.196292 -0.001756 1.890619 -0.334715 -0.431699 1.862738 -0.144518 -0.432295 1.805530 -0.323477 -0.810638 1.773217 -0.136175 -0.814510 1.968282 -0.313486 -0.859760 1.684020 -0.119428 -0.871006 1.900490 
-0.310153 0.712690 1.915351 -0.312040 0.524076 1.916412 -0.473931 0.383521 1.864863 -0.141215 0.395532 1.935556 -0.528347 0.138137 1.769881 -0.056057 0.129988 1.921002 -0.514418 -0.079672 1.921002 0.013006 -0.082365 1.603397 -0.496657 -0.152112 1.560822 0.019703 -0.162098 1.781944 -0.293698 0.136876 1.909532 -0.279153 0.071256 1.849578 -0.350265 -0.004649 1.814210 -0.196912 -0.002141 1.857545 -0.334636 -0.431730 1.847692 -0.139458 -0.426957 1.751624 -0.321471 -0.810925 1.771772 -0.115198 -0.812407 1.881482 -0.310592 -0.860311 1.684192 -0.096715 -0.868120 1.804587 
-0.304831 0.707048 1.871687 -0.308787 0.520830 1.874017 -0.470320 0.381115 1.823646 -0.137690 0.391795 1.889727 -0.524962 0.137019 1.730175 -0.055256 0.124264 1.873860 -0.510865 -0.078836 1.873860 0.012371 -0.089378 1.565862 -0.492905 -0.150844 1.523916 0.019062 -0.168033 1.744623 -0.289746 0.134104 1.865002 -0.275151 0.068866 1.804621 -0.345915 -0.007251 1.768490 -0.193008 -0.004342 1.812371 -0.333420 -0.432484 1.826360 -0.132191 -0.423615 1.684438 -0.319409 -0.810589 1.769829 -0.096344 -0.811185 1.812334 -0.307720 -0.859972 1.683876 -0.077244 -0.865065 1.731007 
-0.298691 0.701604 1.830647 -0.304393 0.517494 1.833936 -0.465260 0.378536 1.784310 -0.133235 0.388186 1.846739 -0.521533 0.135733 1.694524 -0.053185 0.118763 1.829158 -0.507698 -0.078239 1.829158 0.012649 -0.096135 1.532783 -0.489595 -0.149750 1.491416 0.019382 -0.173821 1.708791 -0.285009 0.131168 1.822872 -0.270414 0.066293 1.762081 -0.340902 -0.009884 1.725519 -0.188493 -0.006682 1.769536 -0.331869 -0.433430 1.804405 -0.125079 -0.420986 1.624005 -0.317525 -0.810105 1.768345 -0.084798 -0.809245 1.758670 -0.305072 -0.859359 1.684046 -0.065476 -0.861036 1.672824 
-0.288895 0.695851 1.783960 -0.295883 0.514083 1.789818 -0.456247 0.375923 1.741070 -0.124754 0.384287 1.798268 -0.516327 0.134323 1.658860 -0.047361 0.113806 1.778998 -0.504599 -0.077908 1.778998 0.016344 -0.102806 1.502855 -0.486561 -0.148811 1.462317 0.022887 -0.179588 1.667258 -0.276496 0.127614 1.775696 -0.262200 0.063078 1.714337 -0.332597 -0.012913 1.677768 -0.180584 -0.009614 1.720842 -0.328497 -0.435047 1.773861 -0.116803 -0.419669 1.564563 -0.315076 -0.803898 1.764445 -0.073487 -0.804080 1.690167 -0.302492 -0.855677 1.681475 -0.054892 -0.845546 1.606826 
-0.278663 0.690776 1.741434 -0.287091 0.510928 1.749012 -0.446721 0.373393 1.700807 -0.115941 0.380723 1.753267 -0.511085 0.133072 1.626674 -0.040893 0.109672 1.732375 -0.501513 -0.077670 1.732375 0.020864 -0.108712 1.475735 -0.483647 -0.148068 1.436013 0.027143 -0.184710 1.627448 -0.267796 0.124223 1.732043 -0.253851 0.059994 1.670161 -0.324189 -0.015727 1.633761 -0.172579 -0.012428 1.675699 -0.324707 -0.437220 1.739194 -0.109453 -0.418789 1.513058 -0.312240 -0.794686 1.758084 -0.063354 -0.799343 1.628304 -0.299858 -0.850165 1.677561 -0.045558 -0.830784 1.547724 
-0.270207 0.687110 1.705808 -0.274530 0.507875 1.704596 -0.434013 0.370980 1.657961 -0.103791 0.376695 1.703665 -0.503981 0.132113 1.593877 -0.030552 0.106610 1.681519 -0.497789 -0.077717 1.681519 0.028653 -0.112664 1.449596 -0.480417 -0.147565 1.411284 0.034592 -0.188468 1.580152 -0.256572 0.120547 1.685496 -0.243480 0.056500 1.623233 -0.314196 -0.018633 1.587720 -0.162656 -0.015782 1.627457 -0.320245 -0.443113 1.703900 -0.102104 -0.418926 1.466125 -0.311024 -0.794849 1.748828 -0.054456 -0.795348 1.570107 -0.298518 -0.850686 1.669371 -0.037784 -0.816855 1.492942 
-0.261111 0.683907 1.671525 -0.259893 0.505106 1.659759 -0.419538 0.368416 1.615272 -0.090005 0.372433 1.652966 -0.495750 0.131187 1.561710 -0.017036 0.104418 1.627874 -0.492917 -0.078024 1.627874 0.039657 -0.115213 1.423526 -0.476261 -0.147391 1.386778 0.045199 -0.190184 1.526521 -0.244160 0.116871 1.639830 -0.232286 0.052861 1.577424 -0.303715 -0.021493 1.543682 -0.151958 -0.019237 1.580087 -0.312641 -0.448345 1.663005 -0.095709 -0.421074 1.425824 -0.308148 -0.797186 1.733830 -0.057757 -0.741706 1.519935 -0.295809 -0.852933 1.655243 -0.038463 -0.770076 1.445422 
-0.251636 0.681125 1.638211 -0.244705 0.502856 1.616451 -0.404314 0.366373 1.574221 -0.075772 0.368417 1.603674 -0.485888 0.130851 1.529513 -0.001177 0.103552 1.571763 -0.486467 -0.077850 1.571763 0.052842 -0.115876 1.396498 -0.470542 -0.146775 1.361052 0.057656 -0.189933 1.467612 -0.231229 0.113583 1.595672 -0.220729 0.049570 1.533181 -0.292897 -0.023879 1.501583 -0.140910 -0.022340 1.533807 -0.308214 -0.455697 1.615138 -0.089600 -0.423419 1.389583 -0.309218 -0.803696 1.678257 -0.050724 -0.737306 1.469763 -0.297751 -0.858237 1.599604 -0.031901 -0.764235 1.394534 
-0.240879 0.678862 1.606808 -0.228693 0.501044 1.573913 -0.388525 0.364793 1.534474 -0.061507 0.364881 1.555771 -0.475014 0.131213 1.498025 0.015286 0.103801 1.515337 -0.478028 -0.076624 1.515337 0.066397 -0.114591 1.368195 -0.462977 -0.145141 1.333547 0.070932 -0.187547 1.404411 -0.218073 0.110818 1.553427 -0.209121 0.046730 1.491033 -0.282025 -0.025777 1.461865 -0.129994 -0.024910 1.489736 -0.303401 -0.462611 1.562652 -0.083600 -0.424288 1.356553 -0.310198 -0.809774 1.608038 -0.044259 -0.732899 1.425684 -0.299948 -0.862739 1.528912 -0.025847 -0.759800 1.349408 
-0.230131 0.676907 1.577630 -0.213821 0.499504 1.535634 -0.373863 0.363461 1.498670 -0.048717 0.361808 1.512877 -0.464534 0.131843 1.469278 0.030079 0.104499 1.465515 -0.469522 -0.075175 1.465515 0.078571 -0.112457 1.341943 -0.455160 -0.143355 1.307503 0.083032 -0.184183 1.346245 -0.205903 0.108457 1.515413 -0.198437 0.044303 1.453125 -0.271980 -0.027307 1.426274 -0.120019 -0.027005 1.449917 -0.298940 -0.468896 1.512500 -0.078199 -0.424988 1.327088 -0.311497 -0.815328 1.538682 -0.038311 -0.729453 1.386275 -0.302521 -0.866656 1.458943 -0.020337 -0.756659 1.309012 
