51
0.304742 0.972148 3.142263 0.313144 0.800354 3.192969 0.132685 0.692488 3.217659 0.503839 0.678051 3.227516 0.068501 0.418861 3.277460 0.577048 0.410412 3.276664 0.068924 0.169331 3.276664 0.573997 0.156124 3.231207 0.077679 0.080103 3.204224 0.563603 0.046217 3.237464 0.306053 0.434758 3.217188 0.304659 0.361649 3.225363 0.220242 0.278364 3.226791 0.386081 0.279234 3.230776 0.229853 -0.257806 3.340743 0.368667 -0.257996 3.235034 0.244973 -0.593534 3.570561 0.345023 -0.602228 3.085352 0.232573 -0.644834 3.508313 0.334750 -0.673003 3.003560 
0.306734 0.970796 3.116573 0.314247 0.798627 3.167695 0.133474 0.691311 3.194076 0.504501 0.676896 3.202340 0.068974 0.417445 3.255134 0.577141 0.408281 3.245008 0.068753 0.167513 3.245008 0.572632 0.152362 3.212454 0.076660 0.079459 3.187188 0.561504 0.042940 3.198611 0.307104 0.433275 3.189890 0.305694 0.360219 3.197663 0.221252 0.277282 3.198926 0.387083 0.277375 3.202331 0.226575 -0.256699 3.282867 0.367322 -0.258941 3.218113 0.243548 -0.591587 3.527402 0.342314 -0.602622 3.072283 0.228967 -0.642231 3.476014 0.331872 -0.674161 2.990995 
0.308904 0.969645 3.089811 0.315386 0.797140 3.142695 0.134619 0.690371 3.170383 0.505643 0.675623 3.176919 0.069820 0.416367 3.233604 0.577537 0.406147 3.214668 0.068670 0.166074 3.214668 0.571490 0.148673 3.195175 0.075737 0.079098 3.171175 0.559767 0.039805 3.162555 0.308316 0.431995 3.163155 0.306918 0.358985 3.170587 0.222454 0.276392 3.171839 0.388327 0.275656 3.174514 0.223734 -0.255773 3.227798 0.366452 -0.259739 3.202191 0.241957 -0.593357 3.472627 0.340075 -0.603119 3.061052 0.229578 -0.644584 3.424083 0.329487 -0.675336 2.981155 
0.311268 0.968451 3.064538 0.316696 0.795929 3.117789 0.136069 0.689559 3.146710 0.506918 0.674284 3.151376 0.070890 0.415419 3.212869 0.578247 0.403961 3.185308 0.068698 0.164923 3.185308 0.570125 0.145471 3.178371 0.075010 0.078048 3.155181 0.558181 0.037566 3.122802 0.309684 0.430729 3.136789 0.308294 0.357710 3.143928 0.223820 0.275556 3.145400 0.389712 0.273858 3.146994 0.221168 -0.255445 3.172539 0.365995 -0.260539 3.187246 0.239186 -0.596315 3.408171 0.338277 -0.603771 3.051612 0.226071 -0.647758 3.361578 0.327680 -0.676645 2.973540 
0.313529 0.967386 3.040446 0.318099 0.794855 3.093711 0.137547 0.688899 3.123587 0.508042 0.673179 3.124338 0.072262 0.414405 3.191934 0.578929 0.402267 3.156659 0.068912 0.163818 3.156659 0.569214 0.144042 3.161527 0.074528 0.077410 3.139230 0.556780 0.036403 3.086428 0.311077 0.429582 3.111220 0.309681 0.356550 3.118065 0.225221 0.274858 3.119677 0.391051 0.272237 3.120316 0.218930 -0.254475 3.119755 0.365943 -0.261213 3.172975 0.235365 -0.599424 3.328975 0.336857 -0.604594 3.043803 0.221152 -0.652106 3.287639 0.326575 -0.678082 2.968687 
0.315660 0.966300 3.015661 0.319600 0.793748 3.068970 0.139106 0.688318 3.099972 0.509212 0.672208 3.098861 0.073845 0.413389 3.171116 0.579621 0.400270 3.126027 0.069184 0.162808 3.126027 0.568315 0.142316 3.144249 0.074206 0.076924 3.123902 0.555417 0.034806 3.052533 0.312544 0.428483 3.085695 0.311137 0.355453 3.092385 0.226711 0.274224 3.094379 0.392429 0.270664 3.093889 0.216682 -0.254458 3.070366 0.366095 -0.262030 3.159781 0.230126 -0.603231 3.239089 0.335553 -0.605614 3.036930 0.212721 -0.658808 3.192520 0.326276 -0.679947 2.965456 
0.317615 0.965202 2.990912 0.321009 0.792877 3.044461 0.140557 0.687669 3.077107 0.509948 0.671223 3.072242 0.075482 0.412369 3.150711 0.580019 0.398306 3.095557 0.069383 0.161859 3.095557 0.567488 0.140763 3.127587 0.074017 0.075503 3.107747 0.553923 0.033825 3.017089 0.313989 0.427345 3.060249 0.312587 0.354257 3.066747 0.228255 0.273521 3.069436 0.393768 0.269095 3.067108 0.214317 -0.255846 3.023047 0.366428 -0.263027 3.147428 0.223333 -0.608726 3.141320 0.334500 -0.606778 3.031288 0.203593 -0.666118 3.086003 0.326490 -0.681987 2.963774 
0.319263 0.963629 2.965809 0.321978 0.791962 3.020312 0.142153 0.686534 3.052084 0.510536 0.670094 3.045834 0.077117 0.411341 3.130787 0.580557 0.396513 3.066702 0.069950 0.160426 3.066702 0.566265 0.138553 3.109501 0.073797 0.074575 3.092364 0.552572 0.032693 2.983816 0.315261 0.426069 3.035463 0.313914 0.352907 3.041829 0.229769 0.272696 3.045033 0.395005 0.267455 3.041376 0.212101 -0.257211 2.980168 0.366872 -0.264013 3.135842 0.214637 -0.613361 3.038027 0.333798 -0.608103 3.027035 0.192893 -0.671769 2.973771 0.327220 -0.684077 2.963784 
0.320474 0.962278 2.941180 0.322254 0.790601 2.994544 0.143431 0.685399 3.028502 0.510733 0.668998 3.019215 0.078745 0.410235 3.109186 0.580827 0.394965 3.038014 0.070321 0.159437 3.038014 0.564826 0.136225 3.091219 0.073567 0.073769 3.075521 0.551231 0.031571 2.952594 0.316229 0.424572 3.010266 0.314998 0.351377 3.016721 0.231114 0.271637 3.020734 0.396051 0.265733 3.015581 0.209929 -0.259276 2.939144 0.367509 -0.264556 3.123660 0.204736 -0.615098 2.938286 0.333364 -0.609594 3.024095 0.182821 -0.674454 2.866608 0.329035 -0.686464 2.967271 
0.321305 0.960577 2.916009 0.322408 0.788921 2.968992 0.144231 0.683894 3.004037 0.510753 0.667597 2.992599 0.080111 0.408704 3.086735 0.580523 0.392396 3.006987 0.070530 0.158080 3.006987 0.563152 0.133429 3.070970 0.073345 0.072460 3.057801 0.549744 0.029936 2.922771 0.316918 0.422659 2.984391 0.315777 0.349416 2.990765 0.232139 0.270126 2.995430 0.396760 0.263465 2.988740 0.207681 -0.261417 2.901272 0.368209 -0.265246 3.112063 0.195470 -0.615203 2.847708 0.333232 -0.611368 3.022569 0.174589 -0.673403 2.771075 0.331724 -0.689172 2.971805 
0.321047 0.957894 2.888859 0.321986 0.786494 2.942239 0.144583 0.681777 2.978486 0.510260 0.665672 2.965397 0.081152 0.406906 3.063607 0.580170 0.390051 2.978456 0.070607 0.156541 2.978456 0.561358 0.130511 3.050809 0.073140 0.071100 3.039284 0.547736 0.027671 2.891768 0.317304 0.420382 2.958550 0.316302 0.347157 2.965080 0.232956 0.268322 2.970550 0.397270 0.261030 2.962570 0.205382 -0.263357 2.865927 0.368984 -0.266250 3.100353 0.187611 -0.615718 2.766429 0.333307 -0.613291 3.022103 0.167355 -0.673002 2.688930 0.334446 -0.691788 2.976379 
0.320262 0.954847 2.862057 0.321038 0.783663 2.915402 0.144312 0.679424 2.953419 0.508500 0.662706 2.935341 0.081729 0.404890 3.038720 0.579551 0.387495 2.950560 0.070323 0.154791 2.950560 0.559462 0.127645 3.027764 0.072252 0.069425 3.016873 0.545851 0.025298 2.863409 0.317148 0.417504 2.932192 0.316295 0.344266 2.938825 0.233294 0.265948 2.945213 0.397238 0.257925 2.935673 0.202666 -0.266225 2.830408 0.369735 -0.267178 3.087816 0.180118 -0.618218 2.694306 0.333600 -0.615094 3.022171 0.160687 -0.675881 2.613561 0.338348 -0.694462 2.984691 
0.318015 0.951648 2.832157 0.318814 0.780284 2.886097 0.143044 0.676376 2.925892 0.506467 0.659870 2.906843 0.081394 0.402027 3.011931 0.577681 0.384393 2.920211 0.069478 0.152251 2.920211 0.557410 0.124860 3.002995 0.071088 0.067458 2.994363 0.544028 0.023030 2.837646 0.316089 0.414214 2.904262 0.315450 0.340989 2.911155 0.232853 0.263139 2.918573 0.396440 0.254547 2.907519 0.200122 -0.269014 2.798166 0.370430 -0.267995 3.072989 0.173906 -0.620316 2.633286 0.334893 -0.616869 3.022996 0.155041 -0.678341 2.550066 0.339937 -0.696031 2.988635 
0.315447 0.948342 2.803725 0.316409 0.776942 2.857682 0.141002 0.673235 2.898491 0.503346 0.656315 2.876010 0.080581 0.398989 2.985175 0.575387 0.381313 2.891225 0.068253 0.149445 2.891225 0.555161 0.122280 2.976548 0.069225 0.064995 2.969418 0.542094 0.020763 2.813108 0.314487 0.410684 2.876108 0.313988 0.337409 2.883028 0.231634 0.259895 2.891006 0.395034 0.250819 2.878892 0.197311 -0.272794 2.766182 0.370897 -0.268789 3.055139 0.168653 -0.622386 2.580087 0.336098 -0.618549 3.023927 0.150138 -0.680795 2.494904 0.343609 -0.698098 2.995978 
0.310975 0.944668 2.771746 0.312907 0.773432 2.827024 0.137569 0.669769 2.869638 0.499256 0.652934 2.844832 0.078407 0.396498 2.954258 0.572415 0.378209 2.862345 0.066141 0.147148 2.862345 0.552544 0.119805 2.949274 0.066039 0.061707 2.938530 0.540152 0.018739 2.789659 0.311609 0.407060 2.846053 0.311242 0.333763 2.853132 0.229228 0.256585 2.862108 0.392241 0.247030 2.848355 0.194608 -0.276308 2.737270 0.370981 -0.270378 3.036041 0.164073 -0.624155 2.532981 0.337226 -0.620099 3.024621 0.145809 -0.682920 2.445987 0.345267 -0.699418 2.998793 
0.305696 0.940999 2.740558 0.308418 0.770247 2.796042 0.133194 0.666347 2.839755 0.494063 0.649724 2.812541 0.075496 0.393866 2.924108 0.568576 0.375175 2.832720 0.062517 0.144795 2.832720 0.549291 0.117435 2.918662 0.062311 0.058246 2.909274 0.537839 0.016672 2.765965 0.307788 0.403591 2.815250 0.307552 0.330232 2.822356 0.225700 0.253319 2.831602 0.388671 0.243458 2.817329 0.191712 -0.279745 2.709501 0.369997 -0.270088 3.007509 0.159977 -0.625694 2.490664 0.337731 -0.621031 3.024185 0.141910 -0.684987 2.402156 0.346713 -0.700055 3.000738 
0.299255 0.937738 2.708471 0.303081 0.767515 2.764901 0.127517 0.662994 2.808160 0.488524 0.647154 2.780927 0.070683 0.391404 2.890731 0.564370 0.372586 2.804243 0.057812 0.142469 2.804243 0.545867 0.115695 2.886660 0.057145 0.055181 2.877974 0.535485 0.014784 2.744253 0.303013 0.400620 2.783472 0.302901 0.327213 2.790470 0.221189 0.250269 2.800191 0.384192 0.240518 2.784780 0.188915 -0.282905 2.684268 0.368201 -0.269014 2.969933 0.156257 -0.627420 2.453103 0.338507 -0.621104 3.023072 0.138442 -0.687508 2.363874 0.348335 -0.697887 2.999399 
0.292045 0.934804 2.675965 0.297218 0.765310 2.732987 0.121075 0.659717 2.776389 0.481848 0.644676 2.748026 0.065000 0.388503 2.856896 0.559621 0.370497 2.775988 0.051912 0.139803 2.775988 0.542054 0.114097 2.851127 0.050300 0.051392 2.843412 0.532473 0.013119 2.722081 0.297564 0.397996 2.751162 0.297543 0.324505 2.758087 0.215734 0.247357 2.767604 0.379114 0.238039 2.752333 0.186346 -0.285801 2.661286 0.365569 -0.270928 2.929744 0.152963 -0.629409 2.420940 0.339303 -0.621439 3.021480 0.135442 -0.690560 2.331913 0.349708 -0.696157 2.996483 
0.284559 0.931918 2.644084 0.290684 0.763229 2.701324 0.113764 0.656603 2.743654 0.474640 0.642608 2.715755 0.058080 0.385504 2.821583 0.553529 0.368913 2.746552 0.044605 0.137040 2.746552 0.537251 0.113376 2.812872 0.042410 0.048468 2.803031 0.529027 0.011840 2.700334 0.291341 0.395628 2.718542 0.291393 0.322082 2.725288 0.209571 0.244621 2.734635 0.373161 0.236035 2.719327 0.183888 -0.288460 2.640080 0.362003 -0.269414 2.876081 0.150142 -0.631651 2.394737 0.340430 -0.619298 3.013180 0.132970 -0.694095 2.306920 0.350760 -0.689988 2.982553 
0.276530 0.928830 2.612040 0.283445 0.761150 2.669556 0.105902 0.653784 2.711908 0.466938 0.640779 2.683809 0.050272 0.382687 2.784699 0.547353 0.367455 2.718820 0.035926 0.134519 2.718820 0.532536 0.112757 2.771744 0.033110 0.043623 2.758453 0.524877 0.010660 2.678478 0.284458 0.393626 2.685860 0.284587 0.320099 2.692425 0.202565 0.242148 2.700975 0.366725 0.234490 2.686814 0.181616 -0.290932 2.620821 0.357457 -0.266266 2.815376 0.147804 -0.634107 2.374663 0.341442 -0.614941 2.997318 0.131063 -0.697985 2.288986 0.350963 -0.680766 2.958679 
0.268313 0.925582 2.580678 0.276259 0.759267 2.638572 0.097477 0.650838 2.679058 0.459248 0.638880 2.652673 0.041758 0.379979 2.748174 0.540719 0.366230 2.691622 0.026531 0.132337 2.691622 0.527110 0.112479 2.727015 0.024560 0.041088 2.713174 0.519604 0.009699 2.655149 0.277244 0.391801 2.653740 0.277371 0.318286 2.660085 0.195154 0.239834 2.668218 0.359698 0.233094 2.654353 0.179479 -0.293214 2.603338 0.351872 -0.266839 2.760032 0.145982 -0.636670 2.360682 0.341453 -0.614321 2.976480 0.129679 -0.702212 2.278176 0.349973 -0.676280 2.929546 
0.260176 0.922184 2.550251 0.269057 0.757736 2.608727 0.089229 0.648574 2.647421 0.451640 0.637355 2.622959 0.032118 0.377312 2.709195 0.533525 0.365346 2.663950 0.016587 0.130178 2.663950 0.521409 0.112494 2.680566 0.015094 0.039433 2.664566 0.513948 0.008957 2.631660 0.269732 0.390439 2.622127 0.269782 0.316966 2.628027 0.187227 0.238051 2.635065 0.352309 0.232216 2.622499 0.177384 -0.295353 2.587406 0.344886 -0.267186 2.700337 0.144638 -0.639314 2.352386 0.340487 -0.614908 2.941837 0.128769 -0.706587 2.273680 0.347586 -0.672785 2.885438 
0.252256 0.919174 2.520627 0.261237 0.756147 2.578057 0.080742 0.646550 2.614600 0.443933 0.635909 2.593542 0.022875 0.374947 2.672703 0.526433 0.364563 2.637668 0.006620 0.128679 2.637668 0.515374 0.112684 2.634096 0.004123 0.039126 2.611760 0.507563 0.009894 2.605073 0.261991 0.389149 2.591276 0.262042 0.315736 2.597033 0.179260 0.236377 2.603245 0.344834 0.231443 2.592121 0.175329 -0.297392 2.572896 0.337295 -0.268651 2.643853 0.144050 -0.642182 2.349430 0.337418 -0.620717 2.892576 0.128261 -0.710971 2.274729 0.343093 -0.674902 2.827171 
0.244325 0.915698 2.491086 0.253458 0.754545 2.548766 0.072562 0.644610 2.583393 0.436306 0.634673 2.565054 0.012674 0.372812 2.634152 0.519342 0.363961 2.612024 -0.003633 0.127587 2.612024 0.508958 0.113151 2.585205 -0.006647 0.040461 2.556951 0.501259 0.009654 2.579164 0.254186 0.387863 2.561057 0.254233 0.314519 2.566559 0.171234 0.234645 2.571830 0.337274 0.230738 2.562139 0.173301 -0.299366 2.559692 0.328892 -0.271472 2.586486 0.144044 -0.645422 2.351003 0.331246 -0.626992 2.830489 0.128116 -0.715201 2.280228 0.336095 -0.679399 2.765066 
0.236665 0.912460 2.462503 0.245754 0.753027 2.520125 0.064329 0.642469 2.551990 0.428862 0.633784 2.537338 0.002874 0.371362 2.597879 0.511829 0.364251 2.585165 -0.014014 0.128158 2.585165 0.502616 0.114338 2.535355 -0.016923 0.042797 2.501662 0.494335 0.010554 2.550810 0.246635 0.386712 2.531937 0.246713 0.313443 2.537287 0.163549 0.233041 2.541703 0.330019 0.230162 2.533499 0.171210 -0.301262 2.547543 0.320327 -0.275088 2.528848 0.144373 -0.648736 2.355461 0.323214 -0.633161 2.752961 0.128267 -0.719200 2.289130 0.326631 -0.684931 2.691005 
0.229355 0.908858 2.433831 0.237969 0.751158 2.491458 0.056494 0.640405 2.522094 0.421666 0.632831 2.510298 -0.007065 0.370588 2.560963 0.504771 0.364198 2.559962 -0.023519 0.128974 2.559962 0.496279 0.115316 2.488041 -0.026868 0.046002 2.445947 0.487425 0.010972 2.522578 0.239112 0.385388 2.503273 0.239243 0.312226 2.508577 0.155941 0.231248 2.512143 0.322828 0.229454 2.505603 0.169075 -0.303044 2.536348 0.311801 -0.279058 2.475295 0.145025 -0.652461 2.361900 0.313621 -0.638162 2.659410 0.128697 -0.722915 2.300365 0.315353 -0.687010 2.590735 
0.222333 0.904968 2.405738 0.230668 0.748975 2.463580 0.048888 0.637991 2.492082 0.414791 0.631455 2.483660 -0.016424 0.370045 2.526499 0.497634 0.363039 2.533552 -0.032667 0.130932 2.533552 0.489748 0.114986 2.440802 -0.035714 0.049352 2.392785 0.480195 0.010009 2.492342 0.231740 0.383721 2.475147 0.231856 0.310659 2.480356 0.148375 0.229185 2.483057 0.315597 0.228273 2.478103 0.166928 -0.304786 2.526150 0.302989 -0.284446 2.420596 0.145809 -0.656010 2.370220 0.303764 -0.644537 2.555321 0.129156 -0.726356 2.313103 0.304007 -0.694934 2.481838 
0.215698 0.901030 2.377814 0.223619 0.746485 2.435440 0.041783 0.635444 2.462861 0.408117 0.629508 2.456900 -0.025468 0.369803 2.492821 0.490849 0.361737 2.508031 -0.041507 0.133380 2.508031 0.483527 0.114466 2.394815 -0.043736 0.052717 2.343108 0.473352 0.008810 2.462576 0.224565 0.381631 2.447212 0.224662 0.308652 2.452436 0.141037 0.226789 2.454434 0.308540 0.226638 2.451063 0.164746 -0.306571 2.516758 0.294532 -0.291019 2.368849 0.146556 -0.659269 2.379385 0.292325 -0.649990 2.445939 0.129525 -0.729549 2.326898 0.290795 -0.701235 2.366971 
0.209285 0.896669 2.350038 0.216963 0.743742 2.408127 0.035119 0.632888 2.434734 0.401875 0.627580 2.430872 -0.033912 0.369541 2.460472 0.483932 0.359942 2.481218 -0.049222 0.135420 2.481218 0.477393 0.113370 2.352289 -0.050760 0.055580 2.296436 0.466702 0.007017 2.432005 0.217656 0.379287 2.419811 0.217708 0.306390 2.425002 0.133934 0.224122 2.426324 0.301633 0.224683 2.424225 0.162513 -0.308215 2.507820 0.286780 -0.297607 2.320408 0.147110 -0.662408 2.388324 0.280495 -0.656547 2.337866 0.129669 -0.732739 2.340801 0.276316 -0.708118 2.253872 
0.203461 0.891952 2.321961 0.210542 0.740365 2.380094 0.028860 0.629696 2.405651 0.395679 0.624937 2.403461 -0.041671 0.369241 2.429798 0.477451 0.357809 2.454989 -0.056025 0.136991 2.454989 0.471553 0.111862 2.313728 -0.056877 0.057437 2.252990 0.460431 0.004812 2.402574 0.211026 0.376297 2.391954 0.211045 0.303482 2.397181 0.127233 0.220813 2.398081 0.294959 0.222245 2.397057 0.160190 -0.309820 2.499261 0.279901 -0.302910 2.275871 0.147656 -0.665233 2.397597 0.269134 -0.658934 2.238390 0.129831 -0.735593 2.354756 0.261954 -0.710249 2.150187 
0.198273 0.887003 2.293999 0.204697 0.736721 2.352394 0.023184 0.626481 2.377677 0.389933 0.621967 2.376369 -0.048878 0.368383 2.399407 0.471012 0.354911 2.426115 -0.061958 0.137737 2.426115 0.465245 0.109544 2.277418 -0.062129 0.058856 2.213591 0.454299 0.002806 2.372283 0.204860 0.372905 2.364246 0.204823 0.300143 2.369477 0.121023 0.217062 2.369952 0.288606 0.219363 2.369806 0.157681 -0.311453 2.490735 0.273419 -0.308518 2.234223 0.148204 -0.667793 2.406962 0.258333 -0.662317 2.149077 0.130001 -0.738023 2.367932 0.248418 -0.712306 2.056578 
0.193468 0.881512 2.265307 0.199230 0.732475 2.324105 0.017963 0.622927 2.349058 0.384809 0.618685 2.348862 -0.055312 0.367181 2.370775 0.464902 0.351847 2.397395 -0.067042 0.137935 2.397395 0.459314 0.107051 2.244622 -0.066753 0.059878 2.178666 0.448304 0.000607 2.342396 0.199071 0.369070 2.335911 0.198979 0.296395 2.341150 0.115230 0.212876 2.341557 0.282581 0.216011 2.341519 0.154772 -0.313158 2.481415 0.267114 -0.313313 2.194578 0.148736 -0.670384 2.415708 0.249045 -0.665130 2.074311 0.129940 -0.740475 2.380295 0.236973 -0.714632 1.979140 
0.189405 0.875507 2.235686 0.194318 0.727492 2.294690 0.013285 0.619064 2.320338 0.380227 0.614921 2.320579 -0.060931 0.365495 2.342368 0.458450 0.347984 2.365877 -0.071460 0.137496 2.365877 0.453797 0.103859 2.214288 -0.070817 0.060370 2.147490 0.442828 -0.002060 2.312194 0.193695 0.364779 2.306449 0.193519 0.292244 2.311698 0.109769 0.208242 2.311919 0.276923 0.212271 2.312215 0.154514 -0.317110 2.451018 0.261325 -0.317475 2.158131 0.148976 -0.671626 2.422499 0.241038 -0.667563 2.010457 0.129822 -0.742571 2.391637 0.227159 -0.717318 1.913988 
0.186015 0.869151 2.205400 0.190175 0.722210 2.265027 0.009216 0.615105 2.291642 0.376207 0.610745 2.291324 -0.065729 0.363454 2.315206 0.452603 0.344363 2.334306 -0.075269 0.136651 2.334306 0.448311 0.100573 2.186911 -0.074421 0.060434 2.119582 0.437776 -0.004695 2.282815 0.188913 0.360177 2.276227 0.188611 0.287781 2.281348 0.104791 0.203260 2.280900 0.271791 0.208224 2.282233 0.150617 -0.318769 2.435004 0.255864 -0.321040 2.124521 0.149096 -0.673592 2.429683 0.233980 -0.669807 1.954647 0.129629 -0.744576 2.401691 0.218793 -0.719717 1.857257 
0.183034 0.863538 2.176028 0.186674 0.716350 2.233409 0.005641 0.611067 2.262227 0.372648 0.606237 2.260461 -0.069703 0.361021 2.288015 0.447105 0.340657 2.300663 -0.078569 0.135482 2.300663 0.443340 0.097377 2.162336 -0.077636 0.060453 2.094702 0.433150 -0.008201 2.252726 0.184540 0.355428 2.244670 0.184073 0.283245 2.249781 0.100233 0.198337 2.249656 0.266871 0.204007 2.250216 0.145883 -0.319858 2.415161 0.250629 -0.323753 2.091717 0.149149 -0.675130 2.435000 0.227900 -0.671842 1.905244 0.129458 -0.746351 2.410909 0.211455 -0.721799 1.806554 
0.180175 0.856408 2.141943 0.183938 0.710921 2.201791 0.002800 0.607194 2.232102 0.369262 0.601822 2.227881 -0.072906 0.358546 2.262044 0.442301 0.337868 2.266043 -0.081363 0.134033 2.266043 0.438953 0.094809 2.139764 -0.080365 0.059818 2.072259 0.428855 -0.011176 2.221899 0.180886 0.350724 2.212494 0.180237 0.278677 2.217433 0.096414 0.193432 2.216966 0.262608 0.199929 2.217960 0.142669 -0.321116 2.375912 0.245906 -0.325974 2.062177 0.149120 -0.675557 2.438751 0.222383 -0.673684 1.860748 0.129560 -0.744895 2.414632 0.204489 -0.723895 1.761753 
0.176845 0.851032 2.111038 0.181352 0.706034 2.163604 0.001029 0.602720 2.195595 0.365132 0.597298 2.187022 -0.074865 0.355519 2.232555 0.437456 0.335475 2.223138 -0.083785 0.132485 2.223138 0.434522 0.092638 2.119269 -0.082644 0.058775 2.052312 0.424999 -0.014005 2.183373 0.177214 0.345978 2.173744 0.176345 0.273954 2.178508 0.092833 0.189226 2.179494 0.257906 0.195524 2.177384 0.134215 -0.321261 2.330695 0.241241 -0.328025 2.034807 0.148477 -0.674854 2.439547 0.217085 -0.675350 1.821594 0.128981 -0.741489 2.412709 0.197960 -0.726033 1.724130 
0.173134 0.845348 2.080008 0.179150 0.701651 2.126849 -0.000348 0.598486 2.160928 0.361351 0.593171 2.147224 -0.076232 0.352696 2.204993 0.433498 0.333259 2.181388 -0.085899 0.130903 2.181388 0.430533 0.090624 2.100338 -0.084664 0.058030 2.034546 0.421297 -0.016725 2.143013 0.174080 0.341577 2.136038 0.173017 0.269540 2.140458 0.089831 0.185432 2.143093 0.253821 0.191308 2.137225 0.124442 -0.320909 2.279885 0.236837 -0.329780 2.009722 0.146978 -0.672798 2.435613 0.212060 -0.676834 1.788562 0.127518 -0.736066 2.403610 0.192028 -0.728171 1.694558 
0.169336 0.839953 2.048471 0.177150 0.697801 2.089311 -0.001804 0.595900 2.128203 0.357576 0.589188 2.106397 -0.077036 0.350147 2.178605 0.430003 0.330950 2.138452 -0.087759 0.129417 2.138452 0.426670 0.088516 2.083089 -0.086489 0.057438 2.018446 0.417760 -0.019610 2.099733 0.171388 0.337798 2.097996 0.170170 0.265768 2.102157 0.087274 0.182338 2.106719 0.250355 0.187520 2.096765 0.113353 -0.318533 2.222222 0.232709 -0.331314 1.986722 0.144089 -0.668772 2.421857 0.207440 -0.678108 1.762208 0.124397 -0.728081 2.382024 0.186906 -0.730325 1.673606 
0.164605 0.835161 2.013474 0.174085 0.695576 2.047203 -0.002105 0.595630 2.090826 0.351847 0.585851 2.059103 -0.076993 0.347888 2.149757 0.426556 0.328719 2.089061 -0.089328 0.127816 2.089061 0.422494 0.086498 2.066165 -0.088318 0.057250 2.003415 0.413760 -0.022379 2.045933 0.167898 0.334264 2.055928 0.166571 0.261972 2.059950 0.084564 0.179959 2.067235 0.245619 0.184066 2.051777 0.098484 -0.314157 2.145766 0.228885 -0.332879 1.964870 0.135736 -0.665121 2.376304 0.203333 -0.679249 1.742703 0.115365 -0.720201 2.324970 0.182677 -0.732437 1.661068 
0.159917 0.830512 1.979140 0.171160 0.693407 2.007025 -0.002668 0.595374 2.056142 0.346454 0.583192 2.014374 -0.076605 0.346015 2.122578 0.423333 0.326671 2.041836 -0.090850 0.126271 2.041836 0.418618 0.084697 2.050155 -0.089885 0.057393 1.989689 0.410299 -0.024152 1.991286 0.164744 0.331303 2.016617 0.163342 0.258837 2.020646 0.082150 0.178067 2.030260 0.241415 0.181241 2.010394 0.084520 -0.309230 2.069152 0.225592 -0.334429 1.945285 0.126318 -0.662922 2.313743 0.199754 -0.680170 1.729964 0.105380 -0.718959 2.271545 0.179206 -0.734484 1.656246 
0.155266 0.825838 1.944712 0.168376 0.691088 1.967537 -0.003399 0.595183 2.021932 0.342007 0.580883 1.971789 -0.075865 0.344559 2.095467 0.419997 0.324636 1.995012 -0.092107 0.124861 1.995012 0.414511 0.082950 2.035182 -0.091296 0.057490 1.977167 0.406384 -0.025414 1.934866 0.161693 0.328748 1.978029 0.160219 0.256226 1.982162 0.079482 0.176726 1.992449 0.237630 0.178699 1.971320 0.072000 -0.305614 1.999285 0.222709 -0.335863 1.927702 0.113537 -0.660510 2.238710 0.196733 -0.680935 1.723386 0.091864 -0.717302 2.199188 0.176655 -0.736499 1.657874 
0.151293 0.819972 1.906622 0.166887 0.687029 1.923328 -0.004077 0.595547 1.982344 0.337490 0.578137 1.924639 -0.074743 0.343751 2.064302 0.415990 0.322106 1.943655 -0.093095 0.123401 1.943655 0.409045 0.080779 2.017791 -0.092513 0.057670 1.965137 0.400596 -0.025734 1.872073 0.158616 0.326064 1.935480 0.156821 0.253799 1.939886 0.076130 0.175785 1.951203 0.233527 0.176219 1.928665 0.058854 -0.301004 1.925049 0.220144 -0.337056 1.911589 0.100259 -0.663036 2.167025 0.194184 -0.681609 1.722067 0.078159 -0.720168 2.121486 0.175038 -0.738593 1.664758 
0.144736 0.813862 1.869110 0.161557 0.682556 1.881366 -0.004759 0.595848 1.944845 0.333138 0.575453 1.880723 -0.073732 0.342921 2.033978 0.412214 0.319729 1.896307 -0.093784 0.121609 1.896307 0.403558 0.078874 1.998566 -0.093624 0.056975 1.953389 0.394828 -0.025836 1.814255 0.155080 0.323492 1.895885 0.153356 0.251543 1.900705 0.073080 0.174944 1.913738 0.229602 0.173836 1.888072 0.047221 -0.297017 1.859728 0.217832 -0.338104 1.896938 0.084741 -0.666678 2.085552 0.191932 -0.682305 1.725368 0.062208 -0.724703 2.033388 0.174237 -0.740715 1.675524 
0.139023 0.806800 1.830676 0.157506 0.676648 1.839042 -0.005062 0.595837 1.905913 0.328680 0.572434 1.837910 -0.072855 0.342084 2.002748 0.408203 0.317108 1.849946 -0.094527 0.118906 1.849946 0.397984 0.076575 1.977931 -0.094688 0.055548 1.941626 0.388700 -0.026014 1.758789 0.151463 0.320470 1.856556 0.149777 0.249002 1.861838 0.070028 0.173912 1.876616 0.225601 0.171341 1.848752 0.036565 -0.294068 1.800785 0.215722 -0.338983 1.883440 0.066637 -0.670846 1.996930 0.190047 -0.682915 1.732129 0.043823 -0.729624 1.937835 0.174082 -0.742772 1.689097 
0.133465 0.799627 1.793302 0.153624 0.670544 1.799174 -0.006068 0.595638 1.869832 0.324186 0.569226 1.797253 -0.072499 0.340963 1.971511 0.404002 0.314206 1.806332 -0.095568 0.115449 1.806332 0.392236 0.074020 1.955840 -0.095756 0.052161 1.925134 0.382476 -0.026762 1.707484 0.147878 0.317542 1.818869 0.146221 0.246659 1.824596 0.066828 0.172784 1.841109 0.221732 0.168924 1.810443 0.027001 -0.291835 1.748469 0.213781 -0.339714 1.870859 0.047199 -0.674309 1.905248 0.188431 -0.683440 1.741379 0.023795 -0.733164 1.838922 0.174422 -0.744711 1.704339 
0.126083 0.792032 1.755912 0.147207 0.663793 1.760095 -0.007853 0.594615 1.833556 0.319194 0.565399 1.757602 -0.072952 0.339142 1.939854 0.399267 0.311072 1.764440 -0.097096 0.111465 1.764440 0.386435 0.071174 1.932795 -0.096834 0.049675 1.911860 0.376049 -0.028125 1.659735 0.143521 0.314071 1.782017 0.142154 0.243774 1.788114 0.063225 0.171050 1.805563 0.217838 0.166130 1.773825 0.018102 -0.290583 1.700623 0.211937 -0.340290 1.858812 0.029071 -0.678705 1.819415 0.187100 -0.683949 1.752394 0.005335 -0.737510 1.746722 0.175140 -0.746564 1.720458 
0.120384 0.783945 1.718279 0.143055 0.656305 1.721385 -0.010197 0.592962 1.798556 0.314182 0.561330 1.720237 -0.074315 0.336873 1.908170 0.393842 0.306918 1.723693 -0.100032 0.107404 1.723693 0.380322 0.067307 1.907879 -0.098550 0.046898 1.897661 0.369708 -0.029933 1.616093 0.139488 0.310175 1.745677 0.138180 0.240537 1.752238 0.059448 0.168896 1.771059 0.213768 0.162792 1.737105 0.009691 -0.289989 1.655916 0.209860 -0.340124 1.845892 0.012730 -0.683736 1.741125 0.185979 -0.684484 1.764267 -0.011045 -0.742739 1.663415 0.176118 -0.748383 1.736711 
0.115004 0.775804 1.681988 0.139216 0.648724 1.685059 -0.013471 0.591212 1.764936 0.308297 0.556971 1.683705 -0.076741 0.333837 1.876037 0.387927 0.302324 1.685106 -0.103895 0.102592 1.685106 0.374230 0.063060 1.881991 -0.102572 0.041281 1.876652 0.363649 -0.031927 1.576650 0.135273 0.306029 1.710155 0.133882 0.237078 1.716905 0.054940 0.166308 1.735820 0.209469 0.159347 1.701940 0.001657 -0.290031 1.614127 0.207755 -0.339802 1.833006 -0.001338 -0.689162 1.672407 0.185018 -0.685001 1.776058 -0.025078 -0.748537 1.590876 0.177212 -0.750133 1.752350 
0.109531 0.766808 1.645119 0.135165 0.639879 1.648434 -0.017936 0.588632 1.731183 0.300875 0.551621 1.647109 -0.080487 0.329534 1.843135 0.381105 0.296991 1.647527 -0.109517 0.096247 1.647527 0.367430 0.058122 1.852774 -0.107435 0.036026 1.851290 0.357811 -0.034093 1.540876 0.130469 0.301166 1.675122 0.128953 0.232987 1.682248 0.050043 0.163286 1.702032 0.204167 0.155252 1.666991 -0.005904 -0.290649 1.575534 0.204995 -0.339079 1.817643 -0.013809 -0.694626 1.610863 0.184144 -0.685150 1.786065 -0.037472 -0.754449 1.526363 0.178399 -0.751658 1.767637 
0.099728 0.755954 1.604981 0.124782 0.628086 1.607630 -0.026709 0.583105 1.693788 0.290985 0.544312 1.606628 -0.087759 0.323576 1.804000 0.371339 0.290236 1.607240 -0.118709 0.087944 1.607240 0.359178 0.052045 1.814790 -0.116141 0.029836 1.815885 0.351231 -0.037670 1.506219 0.121774 0.294750 1.634596 0.120611 0.227636 1.641876 0.041715 0.158287 1.661806 0.196575 0.149859 1.626456 -0.014569 -0.293196 1.535987 0.199923 -0.338643 1.793222 -0.025515 -0.700489 1.556102 0.183252 -0.685235 1.791978 -0.049073 -0.760638 1.469606 0.178454 -0.752415 1.775819 
