73
-0.113016 1.032320 3.493506 -0.143788 0.848618 3.571503 -0.311375 0.736293 3.574447 0.073566 0.707971 3.619336 -0.412430 0.435360 3.650293 0.140932 0.429993 3.684295 -0.456012 0.178868 3.684295 0.145183 0.170643 3.638461 -0.451788 0.125131 3.631213 0.142134 0.092177 3.668854 -0.145662 0.479162 3.604021 -0.142818 0.403664 3.591903 -0.224869 0.323646 3.584379 -0.056609 0.306640 3.599166 -0.241302 -0.172738 3.566170 -0.087012 -0.177403 3.750389 -0.244106 -0.507994 3.410845 -0.118753 -0.550202 3.861207 -0.242116 -0.588154 3.317858 -0.132180 -0.635245 3.832506 
-0.116531 1.029939 3.470311 -0.139017 0.839060 3.546288 -0.320559 0.724863 3.559336 0.067957 0.714120 3.606723 -0.413102 0.432333 3.630774 0.138643 0.431199 3.676371 -0.448480 0.174330 3.676371 0.138409 0.170912 3.615670 -0.451173 0.116036 3.615910 0.139933 0.093620 3.662690 -0.138493 0.474812 3.589509 -0.136731 0.400567 3.583282 -0.220376 0.318889 3.578212 -0.051074 0.306443 3.593974 -0.247817 -0.205053 3.520551 -0.085129 -0.185188 3.743648 -0.234798 -0.551794 3.366198 -0.118555 -0.548802 3.858031 -0.244366 -0.610161 3.280844 -0.126955 -0.633000 3.827178 
-0.119409 1.025787 3.460487 -0.133145 0.835012 3.537811 -0.320870 0.713301 3.538304 0.069550 0.710785 3.580311 -0.412389 0.421318 3.601425 0.138237 0.416672 3.650188 -0.451374 0.163522 3.650188 0.127087 0.156295 3.585551 -0.447569 0.109794 3.579690 0.136406 0.091621 3.650962 -0.130915 0.468780 3.573825 -0.129101 0.394847 3.568486 -0.213108 0.310532 3.559548 -0.043826 0.302055 3.582971 -0.245573 -0.205569 3.515302 -0.090148 -0.210563 3.734972 -0.237643 -0.536900 3.371725 -0.118529 -0.548813 3.858090 -0.240253 -0.603958 3.269845 -0.109522 -0.601185 3.766275 
-0.126806 1.013379 3.436051 -0.130668 0.824320 3.522328 -0.328639 0.694717 3.516437 0.061308 0.708859 3.556661 -0.418674 0.405527 3.550188 0.136422 0.413504 3.603299 -0.455685 0.147313 3.603299 0.123055 0.155012 3.533492 -0.437709 0.092178 3.551010 0.136489 0.089099 3.603350 -0.132218 0.456303 3.543433 -0.131355 0.382784 3.536261 -0.218501 0.296668 3.527357 -0.045078 0.291473 3.543035 -0.237907 -0.203156 3.507988 -0.091266 -0.219750 3.721994 -0.237526 -0.530330 3.372021 -0.118375 -0.550352 3.858804 -0.236945 -0.600654 3.272007 -0.082350 -0.630809 3.838915 
-0.135276 1.004424 3.401377 -0.143382 0.818156 3.484942 -0.337190 0.689367 3.489541 0.058177 0.710821 3.537466 -0.415971 0.406106 3.540097 0.134148 0.413201 3.584674 -0.457086 0.148417 3.584674 0.126821 0.152807 3.526649 -0.442501 0.104202 3.524117 0.125155 0.066559 3.585625 -0.131627 0.455910 3.518629 -0.128531 0.382782 3.515244 -0.214688 0.293704 3.510649 -0.038336 0.293661 3.523396 -0.232167 -0.195871 3.491548 -0.086916 -0.207143 3.687442 -0.238071 -0.523898 3.367265 -0.119488 -0.546928 3.848119 -0.235697 -0.599144 3.271753 -0.076727 -0.624724 3.834000 
-0.137802 1.009968 3.369823 -0.133506 0.826128 3.456512 -0.325790 0.698342 3.441757 0.054882 0.712270 3.495391 -0.417903 0.409922 3.515600 0.131702 0.415417 3.575385 -0.451314 0.150763 3.575385 0.126883 0.154706 3.497252 -0.448874 0.096936 3.496910 0.127566 0.068830 3.579265 -0.126922 0.455366 3.484324 -0.124174 0.380852 3.481792 -0.207456 0.293399 3.471715 -0.037318 0.294668 3.496124 -0.261921 -0.182729 3.422718 -0.083822 -0.201423 3.666967 -0.238929 -0.522231 3.364134 -0.114233 -0.543690 3.835806 -0.230626 -0.600649 3.271327 -0.090716 -0.619841 3.789137 
-0.140340 1.012183 3.365872 -0.159951 0.826212 3.421426 -0.343113 0.695587 3.430667 0.051640 0.715383 3.472936 -0.422667 0.405906 3.484307 0.129415 0.419924 3.553951 -0.453970 0.146220 3.553951 0.128967 0.158579 3.473030 -0.449755 0.097981 3.453979 0.130758 0.069358 3.548937 -0.136821 0.462310 3.457557 -0.131884 0.388819 3.457252 -0.214426 0.297347 3.452369 -0.039098 0.299775 3.471002 -0.258574 -0.181912 3.422055 -0.081333 -0.196565 3.653606 -0.238504 -0.522861 3.360287 -0.114347 -0.529130 3.827868 -0.228940 -0.603198 3.268929 -0.091016 -0.619838 3.790426 
-0.143700 1.012154 3.346704 -0.156738 0.826450 3.411580 -0.345265 0.696600 3.412637 0.053581 0.707102 3.455541 -0.428103 0.402362 3.443230 0.125663 0.418823 3.539210 -0.454910 0.142510 3.539210 0.124850 0.157362 3.412346 -0.449026 0.058085 3.421108 0.121626 0.082898 3.526947 -0.139236 0.459650 3.433947 -0.135500 0.385944 3.431902 -0.220100 0.296283 3.422802 -0.044196 0.293701 3.440748 -0.254618 -0.181060 3.421810 -0.083902 -0.182287 3.604458 -0.239649 -0.522875 3.358202 -0.114423 -0.529678 3.825699 -0.228437 -0.605270 3.268603 -0.091508 -0.623458 3.791043 
-0.149541 1.019112 3.291025 -0.167717 0.821717 3.384629 -0.350715 0.698222 3.378994 0.039755 0.702817 3.421067 -0.426186 0.409961 3.415555 0.123475 0.426659 3.504460 -0.451294 0.149466 3.504460 0.125533 0.165988 3.397435 -0.442523 0.065852 3.391556 0.122774 0.082162 3.505113 -0.149325 0.453835 3.399320 -0.144604 0.380395 3.397593 -0.225461 0.295405 3.394955 -0.054344 0.288818 3.401308 -0.262418 -0.182894 3.379052 -0.083369 -0.227278 3.608586 -0.239453 -0.525878 3.354506 -0.113409 -0.537487 3.813494 -0.228590 -0.606445 3.268753 -0.119719 -0.617500 3.755543 
-0.153963 1.020847 3.285084 -0.159651 0.826699 3.354457 -0.355716 0.693209 3.335943 0.036444 0.712106 3.401020 -0.431919 0.407732 3.390532 0.113202 0.417111 3.453505 -0.458855 0.147572 3.453505 0.123551 0.157640 3.364520 -0.444427 0.103138 3.374586 0.118323 0.073925 3.471384 -0.146155 0.458239 3.369630 -0.142059 0.384691 3.368053 -0.224688 0.296742 3.357188 -0.052337 0.295544 3.376345 -0.260204 -0.179671 3.373556 -0.066456 -0.189726 3.529962 -0.241126 -0.523119 3.350858 -0.109702 -0.516276 3.789006 -0.228922 -0.607017 3.264103 -0.119649 -0.616448 3.754131 
-0.163728 1.029597 3.245137 -0.174124 0.835974 3.312994 -0.359985 0.696990 3.315637 0.033710 0.704150 3.371969 -0.435653 0.404513 3.349739 0.112789 0.417627 3.446537 -0.456372 0.143537 3.446537 0.130165 0.156572 3.328441 -0.447660 0.101966 3.322464 0.123821 0.098572 3.456553 -0.154322 0.457840 3.343918 -0.149526 0.382563 3.345926 -0.231989 0.294947 3.337053 -0.057659 0.292340 3.360484 -0.258001 -0.177848 3.362686 -0.068511 -0.224232 3.509752 -0.242193 -0.523192 3.349047 -0.105111 -0.544717 3.736217 -0.229690 -0.608147 3.266077 -0.092715 -0.597018 3.644766 
-0.165098 1.028218 3.238256 -0.172474 0.838410 3.301194 -0.367524 0.698754 3.291934 0.024721 0.735850 3.339206 -0.439262 0.401058 3.320449 0.109080 0.426411 3.426571 -0.453401 0.143257 3.426571 0.129331 0.165730 3.259832 -0.439848 0.093529 3.270489 0.120794 0.083002 3.439082 -0.157219 0.468463 3.315647 -0.153857 0.395045 3.315149 -0.237630 0.303924 3.304707 -0.063526 0.307803 3.325512 -0.255909 -0.179434 3.352421 -0.052762 -0.186083 3.423373 -0.242199 -0.525341 3.346399 -0.097738 -0.526543 3.666682 -0.230213 -0.609148 3.266905 -0.116053 -0.616948 3.681981 
-0.169853 1.034894 3.214607 -0.185326 0.838509 3.277383 -0.370799 0.706155 3.270087 0.024830 0.712257 3.324780 -0.445246 0.408038 3.281278 0.108219 0.425620 3.413551 -0.453286 0.146356 3.413551 0.130800 0.164245 3.248781 -0.446330 0.101510 3.239911 0.128829 0.100875 3.419669 -0.165582 0.466044 3.290798 -0.160906 0.391800 3.291257 -0.242951 0.301262 3.285319 -0.069464 0.303432 3.296281 -0.253690 -0.182596 3.342483 -0.051047 -0.196536 3.383198 -0.242204 -0.526027 3.344550 -0.095873 -0.518266 3.649784 -0.229936 -0.612147 3.269595 -0.112619 -0.620632 3.671510 
-0.171400 1.038790 3.190721 -0.182917 0.837597 3.267882 -0.374085 0.698229 3.234106 0.023630 0.705542 3.304844 -0.446353 0.410820 3.262627 0.102432 0.417511 3.381690 -0.455087 0.153988 3.381690 0.132334 0.158072 3.194890 -0.441081 0.103772 3.186638 0.130412 0.107895 3.394907 -0.166186 0.461129 3.269700 -0.161906 0.385895 3.265515 -0.245400 0.294008 3.255069 -0.071047 0.297877 3.267751 -0.251216 -0.189215 3.331708 -0.050588 -0.193982 3.315693 -0.241095 -0.525436 3.343324 -0.101299 -0.524789 3.571663 -0.231480 -0.612276 3.265933 -0.085845 -0.574330 3.480382 
-0.169288 1.030334 3.167452 -0.193316 0.839804 3.229494 -0.374519 0.702087 3.212485 0.022840 0.707111 3.290215 -0.444334 0.418303 3.237499 0.101367 0.419695 3.354996 -0.459156 0.165588 3.354996 0.132261 0.159967 3.154096 -0.444244 0.109920 3.156924 0.127703 0.108469 3.362310 -0.170099 0.462928 3.241560 -0.164374 0.387587 3.240736 -0.246626 0.294920 3.232928 -0.071678 0.300854 3.246747 -0.251692 -0.192847 3.320060 -0.047146 -0.172978 3.252616 -0.241426 -0.525732 3.341759 -0.096287 -0.527460 3.479955 -0.234547 -0.613267 3.267725 -0.079285 -0.577452 3.389756 
-0.179159 1.025705 3.139482 -0.190456 0.835497 3.211013 -0.378962 0.698628 3.194166 0.009975 0.710300 3.247783 -0.452232 0.428399 3.188575 0.097938 0.418450 3.324253 -0.459324 0.170768 3.324253 0.128763 0.158929 3.125742 -0.449351 0.122741 3.121453 0.131279 0.105839 3.355412 -0.171877 0.456972 3.220403 -0.167385 0.381322 3.218585 -0.250528 0.288925 3.207525 -0.075635 0.296069 3.227141 -0.252209 -0.198957 3.309374 -0.051980 -0.186453 3.217921 -0.234219 -0.532484 3.342844 -0.104835 -0.569041 3.400608 -0.227186 -0.617727 3.276924 -0.115785 -0.656324 3.392853 
-0.177195 1.026186 3.135066 -0.191764 0.835927 3.183563 -0.381775 0.701005 3.177775 0.009310 0.710731 3.235995 -0.451562 0.417722 3.167536 0.097003 0.421811 3.306228 -0.458222 0.170114 3.306228 0.125678 0.161761 3.067165 -0.448209 0.123459 3.057498 0.114376 0.101620 3.287123 -0.174062 0.458976 3.195932 -0.169564 0.383612 3.195273 -0.252324 0.290401 3.188993 -0.078263 0.299802 3.199854 -0.254560 -0.206013 3.297625 -0.056919 -0.188394 3.163780 -0.229059 -0.550195 3.329018 -0.098932 -0.570021 3.351282 -0.237083 -0.621401 3.272164 -0.086668 -0.639485 3.298869 
-0.174903 1.028249 3.116749 -0.189979 0.835621 3.175911 -0.378862 0.700864 3.153695 0.015279 0.710154 3.207489 -0.449552 0.423660 3.151369 0.095128 0.419788 3.290612 -0.456766 0.180056 3.290612 0.123009 0.159254 3.040470 -0.445089 0.124413 3.033528 0.113247 0.100749 3.282018 -0.179615 0.458760 3.165327 -0.177321 0.384400 3.153902 -0.264429 0.294038 3.135490 -0.087437 0.296908 3.156023 -0.256703 -0.202115 3.276452 -0.060399 -0.189881 3.123683 -0.225847 -0.568167 3.298278 -0.089547 -0.560087 3.258565 -0.232388 -0.643432 3.254453 -0.083772 -0.634714 3.210373 
-0.173992 1.027343 3.090540 -0.196109 0.834316 3.144916 -0.375195 0.699093 3.108442 -0.000735 0.736748 3.173530 -0.446533 0.430912 3.131416 0.089551 0.432460 3.255860 -0.456162 0.188581 3.255860 0.120728 0.173867 3.017530 -0.444996 0.143271 2.991378 0.109699 0.104658 3.262693 -0.179031 0.462075 3.151257 -0.175025 0.387552 3.143614 -0.259063 0.298077 3.127016 -0.085195 0.302421 3.148704 -0.256248 -0.197544 3.253997 -0.069642 -0.182779 3.080516 -0.221647 -0.585917 3.277774 -0.088256 -0.584512 3.172899 -0.236027 -0.668133 3.251534 -0.095616 -0.666992 3.144655 
-0.170841 1.020023 3.050916 -0.190896 0.841112 3.110769 -0.377358 0.700258 3.097697 0.005948 0.727347 3.161200 -0.452337 0.426849 3.095444 0.091095 0.426807 3.226910 -0.448897 0.178725 3.226910 0.119586 0.167475 2.996736 -0.441912 0.141970 2.956386 0.112338 0.094481 3.243533 -0.173871 0.464741 3.128162 -0.169442 0.389491 3.124772 -0.253557 0.298538 3.115029 -0.079017 0.304374 3.132818 -0.257754 -0.198415 3.233529 -0.071218 -0.191193 3.051201 -0.238693 -0.567910 3.275406 -0.087264 -0.574242 3.082230 -0.229607 -0.647066 3.239836 -0.078713 -0.652335 3.011560 
-0.169758 1.021725 3.044456 -0.192200 0.837061 3.095675 -0.376728 0.695229 3.076418 0.015484 0.709881 3.138126 -0.452060 0.425927 3.078176 0.090355 0.422796 3.199891 -0.445937 0.187377 3.199891 0.116263 0.162283 2.955891 -0.441299 0.144554 2.945589 0.116064 0.050480 3.204619 -0.176091 0.457088 3.100551 -0.171278 0.381513 3.093709 -0.256215 0.288829 3.083373 -0.078338 0.295856 3.096889 -0.268415 -0.250349 3.236893 -0.077503 -0.206837 3.010826 -0.249761 -0.566965 3.281577 -0.084985 -0.571021 2.996785 -0.236967 -0.641542 3.236305 -0.076600 -0.654002 2.913080 
-0.172192 1.024668 3.013346 -0.171584 0.828132 3.063516 -0.374904 0.686041 3.054996 0.018995 0.706512 3.093529 -0.448467 0.423389 3.054939 0.089732 0.416216 3.174762 -0.444900 0.187763 3.174762 0.108556 0.155333 2.926722 -0.436314 0.141329 2.895334 0.111933 0.075213 3.189345 -0.170661 0.457580 3.074817 -0.168741 0.383326 3.068784 -0.255986 0.288827 3.053709 -0.078742 0.298986 3.077597 -0.268310 -0.244967 3.220646 -0.081169 -0.210995 2.992683 -0.251208 -0.567311 3.280317 -0.082668 -0.564154 2.918468 -0.241734 -0.643277 3.237965 -0.076740 -0.633340 2.822608 
-0.170991 1.022521 2.989163 -0.172941 0.827882 3.046766 -0.372044 0.677268 3.022878 0.018194 0.710129 3.084338 -0.442364 0.421460 3.034512 0.096386 0.412500 3.147914 -0.444147 0.180801 3.147914 0.108577 0.152012 2.917843 -0.435354 0.137342 2.887063 0.112553 0.064570 3.153072 -0.168443 0.455834 3.049064 -0.165315 0.381907 3.040730 -0.251050 0.286079 3.025717 -0.075902 0.300226 3.048114 -0.268263 -0.243346 3.192883 -0.081927 -0.226925 2.967581 -0.249438 -0.566705 3.279036 -0.090150 -0.549074 2.856846 -0.241132 -0.643282 3.237144 -0.081077 -0.617063 2.760059 
-0.161386 1.009897 2.947084 -0.184676 0.819520 3.001935 -0.368887 0.674984 2.998508 0.028861 0.691834 3.054979 -0.438673 0.413314 3.006911 0.099886 0.395899 3.108459 -0.439046 0.169970 3.108459 0.107993 0.135949 2.897349 -0.433135 0.132559 2.866895 0.110170 0.066413 3.135556 -0.172178 0.445280 3.016182 -0.168196 0.370715 3.010229 -0.254523 0.276872 3.004760 -0.075253 0.285608 3.010396 -0.263589 -0.230875 3.138387 -0.080848 -0.233996 2.946355 -0.260504 -0.602642 3.297249 -0.112968 -0.535281 2.801406 -0.256189 -0.680649 3.256860 -0.077614 -0.593640 2.703923 
-0.155730 1.004039 2.931264 -0.174841 0.817965 2.986452 -0.365695 0.676882 2.977015 0.028326 0.695055 3.015090 -0.435803 0.402975 2.980936 0.101663 0.394279 3.078697 -0.440879 0.161418 3.078697 0.115825 0.133537 2.867185 -0.428134 0.123788 2.851243 0.109161 0.053063 3.077238 -0.167623 0.445641 2.991595 -0.165267 0.371848 2.982679 -0.251654 0.278287 2.964447 -0.075415 0.287270 2.991172 -0.266562 -0.241712 3.140110 -0.111226 -0.225872 2.935723 -0.259539 -0.589745 3.288193 -0.112970 -0.537267 2.770779 -0.255473 -0.667957 3.247887 -0.075806 -0.603362 2.678849 
-0.149033 0.997541 2.892351 -0.162599 0.803717 2.949047 -0.360217 0.665755 2.943050 0.029388 0.685734 2.982003 -0.433394 0.396276 2.958480 0.103227 0.388723 3.053921 -0.439234 0.152809 3.053921 0.113571 0.127971 2.849753 -0.420102 0.103433 2.836098 0.115951 0.015568 3.058302 -0.163393 0.432593 2.955201 -0.162207 0.358977 2.946399 -0.249516 0.268238 2.936474 -0.074858 0.274059 2.950471 -0.265933 -0.219515 3.092318 -0.110022 -0.216749 2.916924 -0.259861 -0.590113 3.288714 -0.102781 -0.551118 2.752219 -0.255829 -0.668371 3.248426 -0.074588 -0.614337 2.655163 
-0.140884 0.987175 2.854184 -0.162408 0.802183 2.920805 -0.357332 0.661165 2.914394 0.033932 0.682625 2.963406 -0.428485 0.389734 2.933278 0.111447 0.383077 3.003111 -0.434842 0.142703 3.003111 0.120371 0.122716 2.834674 -0.419897 0.098607 2.831190 0.111461 0.038056 3.011357 -0.161409 0.429277 2.930238 -0.159496 0.355161 2.921594 -0.246683 0.262697 2.906433 -0.071249 0.269915 2.930044 -0.268023 -0.256388 3.092669 -0.087167 -0.233524 2.859250 -0.255298 -0.584944 3.279229 -0.105427 -0.591174 2.721347 -0.251372 -0.663305 3.239016 -0.084201 -0.641124 2.615128 
-0.137811 0.983841 2.828608 -0.148024 0.788435 2.874177 -0.343959 0.651764 2.874565 0.045243 0.667318 2.911062 -0.422508 0.382752 2.906646 0.113526 0.373028 2.972268 -0.433903 0.129827 2.972268 0.120853 0.112243 2.828979 -0.419737 0.090247 2.821516 0.115675 0.000516 2.978747 -0.149758 0.417561 2.889057 -0.148880 0.343621 2.882369 -0.235974 0.252146 2.868857 -0.062355 0.259236 2.894398 -0.247218 -0.236024 3.010341 -0.085630 -0.237372 2.845611 -0.254211 -0.569711 3.267270 -0.105726 -0.577633 2.719408 -0.250938 -0.654295 3.242314 -0.085861 -0.637114 2.617807 
-0.127260 0.971172 2.791553 -0.138696 0.787042 2.857759 -0.334982 0.645033 2.843540 0.051680 0.667888 2.892513 -0.418382 0.370372 2.867423 0.123026 0.379128 2.939728 -0.425726 0.113231 2.939728 0.122476 0.118817 2.809825 -0.419856 0.083269 2.806946 0.119350 0.007044 2.958299 -0.143156 0.414716 2.862029 -0.142398 0.340865 2.851328 -0.231454 0.249919 2.834537 -0.055155 0.254912 2.857405 -0.249929 -0.237505 3.011138 -0.082404 -0.239540 2.812639 -0.249518 -0.576095 3.260026 -0.104440 -0.573722 2.714964 -0.239054 -0.625283 3.168534 -0.086934 -0.638188 2.615202 
-0.119474 0.971637 2.756649 -0.129115 0.777779 2.803930 -0.332394 0.638033 2.811598 0.064453 0.655022 2.844341 -0.413766 0.365378 2.846794 0.129958 0.366479 2.886131 -0.428375 0.108024 2.886131 0.130526 0.105921 2.793288 -0.420768 0.081951 2.784543 0.122567 -0.005906 2.895729 -0.135875 0.407044 2.823265 -0.136354 0.333183 2.818516 -0.226495 0.242370 2.807318 -0.049486 0.246052 2.830515 -0.254856 -0.241518 2.986175 -0.080202 -0.240725 2.798711 -0.248390 -0.575139 3.243732 -0.099937 -0.581288 2.702407 -0.241810 -0.625571 3.152544 -0.085240 -0.652400 2.606778 
-0.115864 0.976927 2.715324 -0.127516 0.787410 2.780434 -0.324555 0.655148 2.781703 0.066983 0.667303 2.811140 -0.404894 0.374460 2.819217 0.135258 0.371966 2.858580 -0.423769 0.117586 2.858580 0.139730 0.112092 2.764469 -0.416877 0.078429 2.771932 0.130341 -0.000104 2.876261 -0.131422 0.421126 2.789190 -0.131024 0.348731 2.780130 -0.218144 0.259449 2.766102 -0.044924 0.262468 2.786735 -0.262481 -0.238729 2.944804 -0.068418 -0.247959 2.770540 -0.252085 -0.567794 3.208011 -0.097312 -0.585248 2.695083 -0.256697 -0.652811 3.232445 -0.084860 -0.657586 2.600350 
-0.107434 0.977540 2.686535 -0.117418 0.791948 2.745588 -0.310582 0.661078 2.740166 0.086098 0.664556 2.786655 -0.398858 0.375885 2.786222 0.140221 0.370505 2.807513 -0.423487 0.116679 2.807513 0.141976 0.110265 2.759285 -0.416015 0.079526 2.763775 0.133088 0.021076 2.810845 -0.128390 0.419693 2.760837 -0.128879 0.345706 2.754636 -0.219315 0.257063 2.743125 -0.042269 0.254729 2.762721 -0.254935 -0.246296 2.890095 -0.071139 -0.251495 2.759879 -0.236778 -0.571581 3.157363 -0.095595 -0.586737 2.692518 -0.227017 -0.621498 3.066748 -0.084805 -0.659461 2.598310 
-0.106235 0.981251 2.647458 -0.110072 0.793250 2.706090 -0.308388 0.660252 2.722085 0.088362 0.660697 2.731035 -0.393974 0.374633 2.767698 0.146895 0.374443 2.781273 -0.422547 0.115847 2.781273 0.148481 0.113904 2.740964 -0.413922 0.032781 2.739450 0.143709 0.045949 2.770105 -0.121973 0.418787 2.722127 -0.124043 0.344043 2.716800 -0.214911 0.255869 2.707885 -0.038744 0.253409 2.725130 -0.262627 -0.238786 2.834892 -0.073785 -0.251820 2.749748 -0.239555 -0.554408 3.112847 -0.094799 -0.587712 2.689257 -0.238641 -0.604259 3.021643 -0.084409 -0.661438 2.595742 
-0.103443 0.975481 2.626180 -0.098812 0.790566 2.685234 -0.303403 0.662457 2.688542 0.093510 0.660378 2.712728 -0.388363 0.376282 2.745504 0.160608 0.362733 2.733061 -0.423293 0.117944 2.733061 0.148929 0.102831 2.730154 -0.420062 0.034598 2.733357 0.142673 -0.009907 2.737151 -0.112737 0.415587 2.697796 -0.114810 0.340776 2.692050 -0.206981 0.253013 2.683304 -0.028770 0.248563 2.696991 -0.247504 -0.239871 2.769449 -0.076411 -0.253322 2.732004 -0.246778 -0.558326 3.046368 -0.094232 -0.591507 2.684074 -0.242267 -0.607823 2.955562 -0.084108 -0.665308 2.591216 
-0.098357 0.970140 2.603602 -0.097872 0.794423 2.654250 -0.301450 0.657108 2.664526 0.096426 0.658909 2.662905 -0.383381 0.376240 2.718628 0.163807 0.366982 2.709790 -0.424932 0.118963 2.709790 0.164978 0.106890 2.697819 -0.424967 0.035661 2.702703 0.152821 0.039217 2.689348 -0.108635 0.414372 2.667416 -0.110834 0.338545 2.662093 -0.202503 0.251930 2.657932 -0.024346 0.246076 2.663708 -0.239161 -0.228671 2.711656 -0.079639 -0.256511 2.723763 -0.241542 -0.555935 2.979957 -0.093154 -0.591496 2.681941 -0.243151 -0.605425 2.888847 -0.084223 -0.666785 2.589895 
-0.095707 0.963909 2.573968 -0.083249 0.794611 2.634459 -0.294011 0.656245 2.633943 0.100548 0.659315 2.650266 -0.384105 0.375580 2.695718 0.172644 0.366413 2.659548 -0.422550 0.117775 2.659548 0.164237 0.105895 2.684635 -0.421336 0.034719 2.690119 0.155220 0.053235 2.630682 -0.099513 0.414500 2.642681 -0.102289 0.338805 2.635825 -0.194762 0.252319 2.625559 -0.017319 0.246654 2.639790 -0.238349 -0.226696 2.663121 -0.081950 -0.258953 2.697384 -0.235447 -0.575207 2.906610 -0.091529 -0.592547 2.680199 -0.270463 -0.649122 2.941612 -0.084408 -0.670279 2.590158 
-0.095072 0.957910 2.550839 -0.080289 0.790740 2.604630 -0.292810 0.655606 2.618051 0.100402 0.670199 2.610123 -0.382280 0.375015 2.680912 0.175474 0.371867 2.633847 -0.420577 0.117118 2.633847 0.165827 0.112111 2.665064 -0.420239 0.034306 2.670628 0.162682 0.053863 2.598416 -0.095747 0.414579 2.614886 -0.099106 0.339601 2.608601 -0.191868 0.253088 2.603701 -0.013823 0.248995 2.609306 -0.231333 -0.206684 2.604079 -0.080766 -0.263607 2.683728 -0.198591 -0.604285 2.766577 -0.090538 -0.595900 2.679432 -0.201815 -0.653504 2.675313 -0.084366 -0.673823 2.589307 
-0.090620 0.946001 2.526819 -0.083426 0.781783 2.574397 -0.289646 0.648827 2.584066 0.111391 0.643147 2.581938 -0.379427 0.373300 2.659125 0.178455 0.362964 2.595327 -0.417204 0.115619 2.595327 0.170805 0.104818 2.654657 -0.414751 0.032863 2.658294 0.161989 0.051135 2.539483 -0.096189 0.407795 2.587888 -0.098851 0.333114 2.582572 -0.192076 0.246645 2.573463 -0.012042 0.239692 2.587413 -0.220303 -0.201689 2.560306 -0.070996 -0.267868 2.667107 -0.212404 -0.600838 2.722491 -0.091514 -0.595075 2.678235 -0.234819 -0.681190 2.694316 -0.084455 -0.673868 2.589170 
-0.090307 0.935844 2.503173 -0.073874 0.774747 2.549329 -0.284648 0.647644 2.559380 0.111998 0.646314 2.560038 -0.375640 0.373274 2.623572 0.182693 0.369487 2.564117 -0.412706 0.115639 2.564117 0.166340 0.111565 2.619040 -0.410438 0.033302 2.626139 0.166507 0.058112 2.501063 -0.090256 0.404909 2.561574 -0.093497 0.331101 2.556207 -0.187123 0.245406 2.550109 -0.007981 0.238488 2.559426 -0.214978 -0.212722 2.530517 -0.063581 -0.271176 2.652396 -0.213803 -0.590574 2.660360 -0.097251 -0.600810 2.673815 -0.220015 -0.675109 2.601655 -0.083952 -0.679400 2.585029 
-0.090679 0.933557 2.472580 -0.076604 0.773282 2.518811 -0.284536 0.643395 2.534766 0.113750 0.641801 2.529286 -0.372879 0.371526 2.607076 0.185011 0.367635 2.541894 -0.409608 0.113940 2.541894 0.179663 0.118180 2.600908 -0.397792 0.032305 2.600446 0.167972 0.063274 2.446723 -0.088440 0.402147 2.534471 -0.091019 0.328004 2.530608 -0.184000 0.241597 2.526748 -0.004032 0.235344 2.532818 -0.206580 -0.227844 2.481921 -0.052104 -0.271538 2.636050 -0.220132 -0.599669 2.582349 -0.099436 -0.608725 2.660188 -0.209302 -0.671518 2.528371 -0.082252 -0.681738 2.583177 
-0.089898 0.927082 2.451038 -0.084095 0.760736 2.487203 -0.286558 0.635756 2.507592 0.113683 0.633534 2.498673 -0.370099 0.367969 2.584919 0.186977 0.366502 2.499412 -0.405342 0.110580 2.499412 0.180079 0.114635 2.583230 -0.398257 0.028816 2.589642 0.167934 0.075774 2.397370 -0.090670 0.394882 2.504221 -0.092295 0.321626 2.501639 -0.184719 0.235721 2.501309 -0.003416 0.227440 2.500915 -0.204120 -0.239945 2.452938 -0.049495 -0.273169 2.625782 -0.225056 -0.599810 2.471571 -0.097295 -0.615781 2.637406 -0.214793 -0.679108 2.416307 -0.085453 -0.683853 2.579247 
-0.088776 0.928085 2.427955 -0.079026 0.762607 2.466346 -0.280285 0.625102 2.472630 0.117181 0.630794 2.478573 -0.366158 0.364517 2.542589 0.188220 0.363085 2.480688 -0.398965 0.107704 2.480688 0.179536 0.116477 2.550188 -0.395969 0.026195 2.559938 0.164786 0.070844 2.362112 -0.086610 0.389030 2.479894 -0.088006 0.314169 2.476936 -0.180818 0.226398 2.470572 0.000781 0.222120 2.481792 -0.198858 -0.253117 2.407393 -0.045554 -0.278299 2.617488 -0.213404 -0.601901 2.372757 -0.097367 -0.615812 2.637836 -0.212587 -0.681095 2.292890 -0.085613 -0.685364 2.578457 
-0.088860 0.925626 2.386887 -0.089394 0.757837 2.421896 -0.281589 0.625422 2.452185 0.109547 0.639646 2.440494 -0.363449 0.361143 2.525839 0.187393 0.357719 2.444900 -0.393536 0.103367 2.444900 0.178511 0.117156 2.521091 -0.393301 0.022715 2.535735 0.170354 0.072683 2.322253 -0.087328 0.388274 2.445649 -0.087472 0.314019 2.445647 -0.176527 0.226734 2.445864 0.001043 0.224494 2.447189 -0.201452 -0.277186 2.369748 -0.043222 -0.285013 2.604752 -0.208432 -0.608190 2.281002 -0.091701 -0.622871 2.638229 -0.203728 -0.676400 2.183591 -0.084305 -0.689655 2.573525 
-0.089943 0.912589 2.361260 -0.078554 0.750031 2.406642 -0.279971 0.615336 2.413810 0.111599 0.624645 2.415028 -0.362568 0.351108 2.490487 0.185822 0.349958 2.413235 -0.389993 0.094365 2.413235 0.185653 0.106757 2.502324 -0.392937 0.012876 2.509282 0.167341 0.068870 2.284759 -0.082566 0.379112 2.419774 -0.083648 0.304868 2.417702 -0.174068 0.218782 2.415660 0.003698 0.213908 2.417383 -0.196786 -0.270532 2.343306 -0.056511 -0.285912 2.545398 -0.190613 -0.581504 2.214047 -0.091437 -0.622041 2.638354 -0.190073 -0.646495 2.114035 -0.081390 -0.696551 2.562382 
-0.084751 0.904777 2.325892 -0.090814 0.738653 2.365716 -0.282523 0.606913 2.384543 0.109477 0.622472 2.388257 -0.361129 0.347653 2.460072 0.186376 0.362371 2.386111 -0.384338 0.089621 2.386111 0.183991 0.121832 2.455699 -0.391745 0.009114 2.467160 0.167477 0.069892 2.254673 -0.083088 0.375179 2.386681 -0.081934 0.302127 2.387315 -0.168628 0.215317 2.383192 0.007148 0.212270 2.392609 -0.188932 -0.268118 2.332157 -0.040457 -0.290178 2.556625 -0.178692 -0.573135 2.152509 -0.085678 -0.632381 2.628354 -0.178896 -0.627049 2.046014 -0.077883 -0.698537 2.562761 
-0.089913 0.898242 2.302373 -0.076718 0.731976 2.341893 -0.277578 0.597108 2.343716 0.113945 0.608852 2.354784 -0.361206 0.336982 2.420345 0.187309 0.334655 2.343206 -0.387010 0.081893 2.343206 0.183255 0.093202 2.443146 -0.388029 0.000315 2.444190 0.165491 0.056261 2.215870 -0.076542 0.363934 2.355057 -0.076539 0.290163 2.354445 -0.164993 0.203355 2.350115 0.011224 0.200178 2.358238 -0.172176 -0.272455 2.279242 -0.031883 -0.306638 2.551897 -0.158852 -0.603068 2.086579 -0.078770 -0.653587 2.612960 -0.165890 -0.631517 1.984017 -0.067378 -0.712727 2.548782 
-0.086690 0.887470 2.267476 -0.076196 0.715922 2.296736 -0.279715 0.582917 2.311792 0.119526 0.587350 2.320813 -0.357777 0.328222 2.385282 0.187202 0.334432 2.325847 -0.377327 0.070566 2.325847 0.180746 0.098138 2.384781 -0.373659 0.037222 2.392207 0.165281 0.048170 2.187393 -0.077087 0.353060 2.317830 -0.077129 0.280333 2.319938 -0.166795 0.193916 2.316118 0.012071 0.187122 2.325386 -0.172297 -0.277664 2.241771 -0.023171 -0.296075 2.522089 -0.159338 -0.601965 2.084116 -0.072998 -0.639272 2.605064 -0.161889 -0.636573 1.976930 -0.064048 -0.711895 2.556439 
-0.089177 0.873297 2.227976 -0.081757 0.707002 2.269751 -0.278337 0.573286 2.271585 0.117798 0.579252 2.292074 -0.361079 0.318959 2.346234 0.181784 0.324186 2.289253 -0.382471 0.063435 2.289253 0.180334 0.081983 2.364249 -0.372567 0.019679 2.369985 0.165851 0.041690 2.164908 -0.079505 0.340983 2.283345 -0.078693 0.267668 2.284135 -0.167212 0.180959 2.279343 0.011396 0.175998 2.290357 -0.170304 -0.290661 2.203422 -0.020059 -0.306530 2.505080 -0.149499 -0.614276 2.060670 -0.075811 -0.613471 2.561669 -0.150683 -0.653847 1.957944 -0.072160 -0.663413 2.470966 
-0.095754 0.872624 2.203587 -0.082469 0.702550 2.237545 -0.283374 0.572264 2.245512 0.106592 0.585943 2.253020 -0.360008 0.312017 2.308734 0.179558 0.319824 2.262306 -0.384937 0.055452 2.262306 0.179276 0.077491 2.309732 -0.371931 0.011234 2.318599 0.166154 0.033401 2.143972 -0.079647 0.338094 2.246613 -0.078962 0.265294 2.246754 -0.166850 0.178027 2.239255 0.010394 0.175915 2.250821 -0.168882 -0.280625 2.188347 -0.017954 -0.314538 2.483535 -0.146930 -0.620464 2.047312 -0.056281 -0.731096 2.630303 -0.146435 -0.670713 1.940133 -0.048757 -0.659548 2.579777 
-0.095950 0.859752 2.156239 -0.080044 0.693060 2.197554 -0.284042 0.558205 2.196687 0.109735 0.561608 2.215770 -0.363886 0.309907 2.261862 0.180244 0.317525 2.231272 -0.380472 0.053705 2.231272 0.181409 0.071604 2.271106 -0.369769 0.003248 2.283368 0.167345 0.025192 2.123930 -0.078501 0.332153 2.209922 -0.077931 0.259929 2.210850 -0.166423 0.174137 2.203320 0.011449 0.168415 2.218088 -0.167345 -0.306412 2.141519 -0.013999 -0.298465 2.424143 -0.146034 -0.637067 2.032536 -0.068795 -0.642179 2.543380 -0.140826 -0.685559 1.930566 -0.065464 -0.691863 2.452959 
-0.115584 0.871194 2.144767 -0.094190 0.694192 2.160774 -0.290432 0.560258 2.172398 0.104938 0.574973 2.187832 -0.363506 0.308950 2.224285 0.176991 0.320369 2.194047 -0.378453 0.052599 2.194047 0.178292 0.068108 2.228879 -0.370518 -0.004974 2.243863 0.166957 0.021422 2.110610 -0.082921 0.331382 2.173368 -0.080587 0.258835 2.174731 -0.166975 0.171247 2.167894 0.011153 0.167664 2.180314 -0.172369 -0.305936 2.126990 -0.015948 -0.298181 2.379152 -0.146979 -0.661529 1.999553 -0.032876 -0.595694 2.603922 -0.143010 -0.699215 1.919262 -0.067656 -0.663657 2.560519 
-0.132910 0.860694 2.074522 -0.101326 0.700008 2.124206 -0.286015 0.569315 2.119017 0.097001 0.587463 2.141959 -0.364225 0.325297 2.172957 0.171223 0.322176 2.163216 -0.380831 0.069582 2.163216 0.180139 0.067199 2.180740 -0.372893 -0.002759 2.192713 0.168951 0.018599 2.101104 -0.085235 0.337096 2.134330 -0.081734 0.264547 2.135498 -0.163047 0.179409 2.121197 0.008032 0.175707 2.147321 -0.176032 -0.298844 2.102678 -0.009947 -0.307320 2.330463 -0.147818 -0.657789 2.000343 -0.030510 -0.635889 2.591049 -0.141417 -0.705515 1.912961 -0.086837 -0.643632 2.524316 
-0.074889 0.883506 2.106863 -0.106323 0.699380 2.088117 -0.283230 0.573056 2.091975 0.087588 0.599892 2.112695 -0.364353 0.323403 2.138061 0.167499 0.327705 2.130428 -0.383725 0.067221 2.130428 0.178033 0.071329 2.130435 -0.379163 0.005720 2.139386 0.169872 0.014720 2.089828 -0.085650 0.340990 2.100538 -0.081328 0.269307 2.102351 -0.158361 0.184336 2.095797 0.004504 0.186924 2.106910 -0.179256 -0.291985 2.082541 -0.003715 -0.302148 2.264677 -0.149325 -0.654166 1.999619 -0.021972 -0.569972 2.474215 -0.142035 -0.708939 1.909461 -0.017986 -0.619478 2.384110 
-0.057351 0.892559 2.091157 -0.100540 0.709132 2.058089 -0.279529 0.574487 2.048264 0.090955 0.586558 2.085357 -0.364216 0.320354 2.093463 0.165422 0.328588 2.110119 -0.386010 0.064527 2.110119 0.176069 0.072415 2.080150 -0.377903 -0.045207 2.090223 0.173187 0.015617 2.078746 -0.085516 0.341526 2.068733 -0.082129 0.268040 2.070169 -0.160893 0.183172 2.058919 0.003408 0.185163 2.080347 -0.177162 -0.290526 2.072661 -0.003340 -0.312272 2.206999 -0.150058 -0.649918 1.999628 -0.036932 -0.632523 2.476150 -0.141747 -0.711857 1.909483 -0.028848 -0.681972 2.386159 
-0.049727 0.892614 2.056005 -0.098415 0.710831 2.030471 -0.271769 0.578116 2.019978 0.092897 0.599664 2.061206 -0.367719 0.320902 2.056571 0.161766 0.332518 2.086994 -0.381154 0.065053 2.086994 0.177917 0.076521 2.028483 -0.378427 0.012815 2.033440 0.175699 0.019830 2.067141 -0.088773 0.343764 2.036372 -0.086434 0.270445 2.036647 -0.163684 0.186812 2.029221 -0.005507 0.189195 2.039925 -0.168490 -0.290749 2.059030 0.009837 -0.319247 2.156214 -0.147856 -0.649537 1.997961 -0.046561 -0.650966 2.409620 -0.142747 -0.715949 1.913004 -0.037363 -0.700125 2.319491 
-0.086845 0.885185 1.983128 -0.097559 0.706804 2.002473 -0.268999 0.576322 1.987182 0.092737 0.598534 2.035508 -0.368893 0.318229 2.022334 0.160797 0.333223 2.068371 -0.380296 0.064534 2.068371 0.179827 0.077580 1.972689 -0.375788 0.017828 1.975522 0.177690 0.020919 2.053852 -0.089256 0.336332 2.007697 -0.086937 0.262325 2.006994 -0.164704 0.177939 1.994511 -0.005510 0.182868 2.016337 -0.163008 -0.291028 2.040622 0.007620 -0.279537 2.055942 -0.147606 -0.649072 1.997671 -0.032529 -0.620981 2.301647 -0.143569 -0.717644 1.914361 -0.021463 -0.670087 2.211649 
-0.088199 0.891745 1.983438 -0.100734 0.705647 1.973873 -0.287432 0.585840 1.967691 0.091473 0.598205 2.009837 -0.365996 0.322307 1.978229 0.160651 0.335683 2.048388 -0.377778 0.069922 2.048388 0.181898 0.080424 1.921556 -0.378322 0.021811 1.919227 0.180206 0.026449 2.036034 -0.093671 0.348821 1.975073 -0.091613 0.278325 1.971588 -0.172571 0.190047 1.959813 -0.006606 0.193305 1.979779 -0.160087 -0.292903 2.020425 0.011437 -0.285581 2.021049 -0.148216 -0.642130 1.996597 -0.029788 -0.646120 2.241548 -0.144690 -0.718877 1.915431 -0.020750 -0.694812 2.151049 
-0.079707 0.894282 1.956649 -0.092130 0.709577 1.955198 -0.283934 0.590558 1.942104 0.091023 0.599780 1.987334 -0.366819 0.326172 1.946813 0.161334 0.334995 2.029135 -0.380244 0.078893 2.029135 0.184260 0.080099 1.867578 -0.374843 0.027988 1.862871 0.183119 -0.001056 2.021283 -0.088792 0.353329 1.956536 -0.087260 0.282558 1.952372 -0.166892 0.195052 1.936455 -0.004896 0.199857 1.959713 -0.159432 -0.295854 2.004839 0.010944 -0.278352 1.952823 -0.147436 -0.641555 1.995744 -0.024903 -0.652601 2.153454 -0.144912 -0.719514 1.915389 -0.002961 -0.736936 2.159963 
-0.078297 0.891719 1.930566 -0.088996 0.706315 1.927445 -0.275166 0.582217 1.906641 0.091900 0.595398 1.959247 -0.368743 0.326909 1.906462 0.159854 0.339588 2.009306 -0.381882 0.084036 2.009306 0.183376 0.085089 1.813000 -0.371965 0.039861 1.803795 0.188163 0.004498 2.010359 -0.090923 0.349097 1.928627 -0.090027 0.278076 1.922685 -0.169602 0.191671 1.908132 -0.010588 0.197498 1.930723 -0.164408 -0.306775 1.991499 0.012149 -0.272745 1.893601 -0.144354 -0.644500 1.995113 -0.020535 -0.666052 2.060673 -0.144646 -0.720313 1.916829 -0.007857 -0.749984 2.041282 
-0.073159 0.885504 1.905188 -0.083623 0.700049 1.903058 -0.289274 0.581472 1.888391 0.091416 0.585706 1.933593 -0.368640 0.327084 1.871961 0.159447 0.336994 1.988762 -0.388863 0.093542 1.988762 0.184060 0.083168 1.755983 -0.369464 0.052111 1.747955 0.179355 0.001857 1.988562 -0.090528 0.348833 1.908626 -0.090585 0.278794 1.902650 -0.173953 0.189485 1.886039 -0.010029 0.195536 1.911400 -0.167837 -0.316721 1.983256 -0.000624 -0.272742 1.851534 -0.141918 -0.650752 1.992179 -0.009786 -0.642511 1.985103 -0.144685 -0.720519 1.916848 -0.012535 -0.721897 1.938515 
-0.079609 0.879896 1.875814 -0.089939 0.694141 1.873426 -0.292516 0.577267 1.862024 0.086157 0.582391 1.905284 -0.369822 0.330005 1.836372 0.160602 0.336670 1.967698 -0.386395 0.103592 1.967698 0.183656 0.083286 1.705456 -0.372361 0.059977 1.697728 0.182832 0.000920 1.980171 -0.094669 0.340861 1.877421 -0.094258 0.270664 1.870441 -0.176127 0.181925 1.856368 -0.013957 0.187988 1.878717 -0.173975 -0.308834 1.968192 0.002661 -0.288179 1.804222 -0.135230 -0.652833 1.975065 -0.024402 -0.640742 1.902123 -0.142830 -0.721098 1.909325 -0.029310 -0.717191 1.861295 
-0.082911 0.868350 1.844833 -0.093182 0.682428 1.842640 -0.290326 0.576191 1.833641 0.085920 0.582129 1.879424 -0.370351 0.334288 1.808706 0.161357 0.335215 1.945953 -0.384438 0.115378 1.945953 0.182842 0.082191 1.664568 -0.369939 0.075970 1.649117 0.185028 -0.000975 1.970589 -0.093486 0.338003 1.856212 -0.092389 0.268880 1.850974 -0.173087 0.180467 1.836816 -0.011675 0.186627 1.860875 -0.176711 -0.315587 1.957116 -0.000110 -0.294009 1.784225 -0.137866 -0.655380 1.972066 -0.003323 -0.627205 1.802474 -0.142452 -0.720128 1.904064 -0.050538 -0.699328 1.811263 
-0.079754 0.865603 1.825976 -0.090026 0.679465 1.823765 -0.288673 0.572187 1.807667 0.085606 0.575524 1.848930 -0.367329 0.330176 1.779580 0.161411 0.334723 1.917192 -0.380852 0.119706 1.917192 0.184783 0.076992 1.622719 -0.364574 0.079648 1.609134 0.186256 -0.004590 1.942963 -0.094368 0.332756 1.825694 -0.094147 0.263962 1.817031 -0.176660 0.177343 1.799875 -0.013995 0.180552 1.825501 -0.182229 -0.296360 1.928772 -0.004107 -0.252295 1.733493 -0.139533 -0.656004 1.967245 -0.004673 -0.601703 1.717922 -0.143119 -0.720329 1.905166 0.004257 -0.649637 1.628356 
-0.076314 0.866703 1.800801 -0.086601 0.680346 1.798668 -0.289120 0.566533 1.782762 0.095422 0.575817 1.828336 -0.365976 0.324437 1.749129 0.164194 0.332913 1.896738 -0.380208 0.125038 1.896738 0.187489 0.073178 1.577879 -0.364222 0.089980 1.566101 0.186801 -0.008047 1.929752 -0.093304 0.336077 1.803097 -0.093135 0.267774 1.794028 -0.177897 0.178580 1.774903 -0.011514 0.182008 1.805059 -0.181769 -0.293596 1.918091 -0.003930 -0.265243 1.713246 -0.141125 -0.654822 1.963864 -0.009988 -0.701380 1.642243 -0.145630 -0.721278 1.906039 -0.000416 -0.751056 1.552938 
-0.074286 0.859678 1.769935 -0.084581 0.673168 1.767840 -0.260136 0.570164 1.740340 0.105069 0.580781 1.805071 -0.362924 0.338473 1.722835 0.166467 0.326703 1.862626 -0.378523 0.133597 1.862626 0.190071 0.068262 1.559558 -0.362617 0.091334 1.538142 0.197534 -0.012054 1.889716 -0.090988 0.331659 1.778380 -0.089957 0.263646 1.770516 -0.173198 0.177357 1.756045 -0.009433 0.180109 1.779993 -0.181862 -0.290496 1.898587 -0.004547 -0.265716 1.689796 -0.142124 -0.654092 1.961637 -0.009754 -0.693425 1.569385 -0.147358 -0.721779 1.906430 0.005047 -0.744775 1.480873 
-0.070595 0.847125 1.736139 -0.080899 0.660472 1.734099 -0.258049 0.564665 1.722623 0.105356 0.559043 1.759806 -0.361484 0.333414 1.691988 0.170376 0.317071 1.835564 -0.374994 0.130733 1.835564 0.193670 0.063813 1.526146 -0.361203 0.091719 1.504465 0.200400 -0.015069 1.871598 -0.087559 0.318582 1.739963 -0.087440 0.250849 1.730325 -0.169289 0.167936 1.714781 -0.008379 0.168973 1.739672 -0.183125 -0.293221 1.878442 -0.024982 -0.264377 1.690112 -0.144324 -0.654461 1.958816 0.006042 -0.671668 1.506604 -0.148305 -0.722391 1.906420 0.016949 -0.731970 1.408571 
-0.069622 0.833197 1.704429 -0.079932 0.646404 1.702433 -0.264072 0.569769 1.699535 0.106601 0.563253 1.740863 -0.355252 0.333777 1.666474 0.173008 0.311116 1.804473 -0.373283 0.128449 1.804473 0.194708 0.058472 1.505251 -0.357368 0.083200 1.475396 0.200289 -0.021714 1.826082 -0.087642 0.315639 1.716529 -0.087597 0.249301 1.708531 -0.170224 0.165119 1.695821 -0.008083 0.165752 1.715274 -0.185515 -0.288458 1.840200 -0.029453 -0.266903 1.668483 -0.147571 -0.654256 1.957432 0.006011 -0.669667 1.475664 -0.157194 -0.727695 1.914547 0.019353 -0.726730 1.375795 
-0.059261 0.817746 1.670514 -0.069578 0.630836 1.668572 -0.247431 0.547928 1.651570 0.112289 0.561909 1.706701 -0.354614 0.319643 1.639174 0.175951 0.308036 1.767439 -0.366288 0.116229 1.767439 0.199543 0.052925 1.475259 -0.355191 0.046898 1.436436 0.201582 -0.026182 1.801758 -0.075301 0.305510 1.682455 -0.074535 0.240663 1.675663 -0.156230 0.155635 1.663388 0.004471 0.161821 1.685834 -0.190480 -0.341318 1.842094 -0.029952 -0.269670 1.640428 -0.150109 -0.653802 1.955857 0.010328 -0.680404 1.472283 -0.158581 -0.726887 1.912728 0.029596 -0.737982 1.374166 
-0.059685 0.806807 1.639312 -0.070013 0.619718 1.637433 -0.245872 0.541801 1.631997 0.116054 0.544404 1.667818 -0.347817 0.310935 1.603246 0.180492 0.297699 1.735813 -0.364061 0.098300 1.735813 0.204972 0.047293 1.453855 -0.344404 0.053484 1.424101 0.205980 -0.032585 1.756179 -0.081756 0.288909 1.644537 -0.082961 0.223076 1.635060 -0.168193 0.140417 1.620042 -0.003746 0.140720 1.642420 -0.191520 -0.307126 1.798892 -0.007592 -0.289950 1.578845 -0.151357 -0.654952 1.946290 -0.009227 -0.721287 1.493412 -0.160816 -0.730213 1.907234 -0.001393 -0.788205 1.402269 
-0.026633 0.789092 1.599251 -0.036967 0.601886 1.597451 -0.245466 0.551846 1.601477 0.117984 0.542730 1.638451 -0.340464 0.299678 1.569049 0.187646 0.295802 1.692509 -0.355281 0.079989 1.692509 0.205625 0.029443 1.431818 -0.343895 0.008948 1.396961 0.211525 -0.049946 1.718202 -0.059025 0.297428 1.604781 -0.061499 0.237181 1.594328 -0.154431 0.155548 1.578477 0.020402 0.153744 1.602638 -0.162521 -0.269700 1.722348 -0.014063 -0.277828 1.579680 -0.159647 -0.639601 1.922863 -0.000989 -0.701307 1.453000 -0.161645 -0.725787 1.908146 0.009419 -0.764397 1.357839 
-0.025800 0.777388 1.569554 -0.036143 0.590020 1.567845 -0.243218 0.544707 1.569032 0.121681 0.533932 1.597744 -0.336146 0.290086 1.549163 0.194759 0.284868 1.656380 -0.354309 0.063959 1.656380 0.214186 0.034970 1.425261 -0.339802 0.024370 1.405075 0.213860 -0.045381 1.675588 -0.055768 0.286861 1.576779 -0.058458 0.226952 1.567282 -0.152297 0.143050 1.553089 0.025354 0.145984 1.574001 -0.162449 -0.271069 1.703169 -0.015695 -0.284591 1.552741 -0.160853 -0.638024 1.908221 0.007368 -0.711759 1.446475 -0.162661 -0.727169 1.903865 0.016912 -0.775485 1.352349 
-0.026478 0.759950 1.522513 -0.036827 0.572469 1.520889 -0.240492 0.528652 1.534405 0.124756 0.526581 1.562923 -0.328079 0.273690 1.516006 0.197964 0.288450 1.619179 -0.351353 0.038470 1.619179 0.220284 0.038254 1.415324 -0.336961 0.008394 1.399305 0.222317 -0.039419 1.625841 -0.051564 0.274330 1.535020 -0.053401 0.214859 1.526309 -0.148193 0.130450 1.517270 0.033760 0.134843 1.530510 -0.165430 -0.273750 1.654779 -0.008027 -0.295269 1.516166 -0.157713 -0.628046 1.878417 0.009155 -0.727795 1.447444 -0.161682 -0.726874 1.893093 0.018323 -0.793491 1.355976 
-0.016219 0.756174 1.499530 -0.026574 0.568581 1.497988 -0.234382 0.518690 1.501254 0.131664 0.522028 1.523927 -0.323329 0.266876 1.495039 0.202824 0.286020 1.576827 -0.345871 0.026243 1.576827 0.225794 0.036374 1.411694 -0.333727 -0.001544 1.397919 0.223240 -0.036593 1.585528 -0.045634 0.268194 1.507500 -0.048637 0.208623 1.497987 -0.144436 0.122765 1.489033 0.036802 0.129929 1.500235 -0.166913 -0.286845 1.608762 0.002037 -0.300229 1.490379 -0.153132 -0.633787 1.842309 0.005355 -0.734896 1.451708 -0.148711 -0.681249 1.753935 0.012071 -0.801301 1.362035 
