151
-0.096380 0.389029 3.616509 -0.082541 0.187343 3.617865 -0.255183 0.077379 3.611940 0.101027 0.090129 3.604315 -0.336254 -0.184043 3.617822 0.187755 -0.197964 3.583222 -0.333902 -0.461143 3.583222 0.192035 -0.400393 3.487397 -0.325383 -0.526993 3.429107 0.178743 -0.452377 3.411517 -0.060569 -0.151867 3.599675 -0.056993 -0.207843 3.541249 -0.131748 -0.289044 3.520044 0.025635 -0.280743 3.526159 -0.088100 -0.814201 3.522298 0.068089 -0.775771 3.418707 -0.059981 -1.137508 3.432896 0.064909 -1.144479 3.429429 -0.074389 -1.191028 3.365585 0.084313 -1.193298 3.372857 
-0.101199 0.390211 3.608171 -0.087133 0.188259 3.609048 -0.259743 0.078732 3.602761 0.096779 0.091672 3.594799 -0.338886 -0.178829 3.606483 0.183449 -0.196789 3.573195 -0.335859 -0.452088 3.573195 0.188195 -0.398938 3.476950 -0.326573 -0.517116 3.418666 0.175003 -0.451187 3.400037 -0.064921 -0.150597 3.590388 -0.061185 -0.206403 3.531841 -0.135952 -0.287722 3.510329 0.021686 -0.279546 3.516806 -0.090500 -0.813670 3.517527 0.064464 -0.775716 3.402173 -0.060252 -1.137680 3.431555 0.062805 -1.142269 3.392300 -0.075569 -1.191945 3.365669 0.082139 -1.192302 3.335918 
-0.105599 0.391295 3.599993 -0.091214 0.189120 3.600915 -0.263840 0.080001 3.594365 0.092745 0.092978 3.585716 -0.341210 -0.174159 3.596244 0.179560 -0.195694 3.564030 -0.337483 -0.443787 3.564030 0.184718 -0.397585 3.467581 -0.327522 -0.508049 3.409283 0.171576 -0.449730 3.390003 -0.068831 -0.149482 3.581818 -0.064993 -0.205149 3.523141 -0.139744 -0.286546 3.501497 0.018018 -0.278490 3.507993 -0.092753 -0.813208 3.513061 0.061203 -0.775625 3.387004 -0.060510 -1.137918 3.430369 0.061065 -1.139762 3.358717 -0.077335 -1.193668 3.367420 0.079915 -1.191320 3.302499 
-0.109505 0.392261 3.591803 -0.094830 0.189922 3.593328 -0.267516 0.081162 3.586727 0.089077 0.094115 3.577133 -0.343254 -0.169973 3.586977 0.176102 -0.194644 3.555587 -0.338732 -0.436042 3.555587 0.181573 -0.396319 3.458997 -0.328229 -0.499725 3.400895 0.168632 -0.448236 3.380990 -0.072321 -0.148492 3.573840 -0.068428 -0.204038 3.515054 -0.143166 -0.285490 3.493361 0.014692 -0.277554 3.499766 -0.094959 -0.812584 3.508717 0.058278 -0.775544 3.373319 -0.060748 -1.138146 3.429300 0.059795 -1.137280 3.329079 -0.079453 -1.194107 3.368324 0.078151 -1.189852 3.272197 
-0.112911 0.393193 3.584027 -0.098004 0.190697 3.586324 -0.270642 0.082243 3.579127 0.085781 0.095137 3.569174 -0.344970 -0.166160 3.578473 0.173028 -0.193534 3.547752 -0.339531 -0.428882 3.547752 0.178757 -0.395105 3.451081 -0.328715 -0.492073 3.393410 0.165989 -0.447000 3.372746 -0.075458 -0.147593 3.566463 -0.071492 -0.203030 3.507575 -0.146191 -0.284493 3.485659 0.011697 -0.276703 3.492255 -0.097025 -0.812001 3.504673 0.055747 -0.775600 3.360723 -0.060977 -1.138407 3.428360 0.058770 -1.135325 3.302698 -0.080983 -1.195265 3.369390 0.076657 -1.188807 3.245758 
-0.115866 0.394028 3.576424 -0.100765 0.191463 3.579485 -0.273362 0.083248 3.572056 0.082913 0.096100 3.561593 -0.346453 -0.162726 3.570736 0.170312 -0.192382 3.540422 -0.339981 -0.422259 3.540422 0.176353 -0.393986 3.443873 -0.328945 -0.485033 3.386746 0.163681 -0.446131 3.364993 -0.078216 -0.146764 3.559520 -0.074212 -0.202120 3.500577 -0.148885 -0.283595 3.478619 0.009033 -0.275916 3.485147 -0.098939 -0.811456 3.500816 0.053520 -0.775615 3.349333 -0.061206 -1.138719 3.427554 0.057859 -1.133564 3.279329 -0.082469 -1.196456 3.370538 0.075336 -1.187844 3.222331 
-0.118323 0.394820 3.569170 -0.102934 0.192314 3.572594 -0.275562 0.084198 3.565212 0.080407 0.096967 3.554464 -0.347592 -0.159662 3.563587 0.167945 -0.191335 3.533652 -0.340104 -0.416027 3.533652 0.174212 -0.392952 3.437318 -0.328868 -0.478579 3.380789 0.161619 -0.445126 3.358105 -0.080601 -0.145997 3.552878 -0.076592 -0.201312 3.493929 -0.151246 -0.282774 3.472014 0.006656 -0.275205 3.478504 -0.100690 -0.811005 3.497148 0.051519 -0.775636 3.339090 -0.061440 -1.139079 3.426851 0.057007 -1.132005 3.258499 -0.083948 -1.197636 3.371689 0.074158 -1.186994 3.201496 
-0.120356 0.395586 3.562300 -0.104719 0.193128 3.566008 -0.277370 0.085088 3.558793 0.078365 0.097720 3.547174 -0.348339 -0.156927 3.556959 0.165937 -0.190328 3.527285 -0.339970 -0.410291 3.527285 0.172357 -0.391960 3.431374 -0.328543 -0.472719 3.375483 0.159727 -0.444439 3.351062 -0.082600 -0.145324 3.546524 -0.078651 -0.200613 3.487597 -0.153308 -0.282044 3.465885 0.004582 -0.274586 3.472003 -0.102302 -0.810565 3.493678 0.049719 -0.775666 3.329835 -0.061660 -1.139511 3.426240 0.056205 -1.130611 3.239804 -0.085349 -1.198790 3.372763 0.073101 -1.186235 3.182863 
-0.121577 0.396494 3.555196 -0.106025 0.193949 3.559337 -0.278792 0.085934 3.552761 0.076707 0.098347 3.540160 -0.348672 -0.154637 3.550789 0.164322 -0.189368 3.521169 -0.339334 -0.404985 3.521169 0.170891 -0.390986 3.425735 -0.327844 -0.467303 3.370862 0.158405 -0.443497 3.344665 -0.084141 -0.144713 3.540188 -0.080304 -0.200000 3.481324 -0.154944 -0.281383 3.459827 0.002859 -0.274033 3.465678 -0.103767 -0.810138 3.490252 0.048115 -0.775713 3.321427 -0.061874 -1.139976 3.425697 0.055495 -1.129364 3.222919 -0.086571 -1.199797 3.373605 0.072145 -1.185551 3.166045 
-0.122270 0.397405 3.548278 -0.106613 0.194745 3.552386 -0.279500 0.086797 3.546447 0.075502 0.098858 3.532743 -0.348615 -0.152587 3.544989 0.163252 -0.188322 3.514882 -0.338294 -0.399981 3.514882 0.169683 -0.390134 3.420486 -0.326276 -0.462514 3.366292 0.157354 -0.442747 3.338612 -0.085176 -0.144186 3.533782 -0.081525 -0.199494 3.475029 -0.156211 -0.280804 3.453988 0.001534 -0.273525 3.459168 -0.105082 -0.809776 3.486979 0.046732 -0.775790 3.313749 -0.062088 -1.140488 3.425243 0.054938 -1.128238 3.207709 -0.087978 -1.201121 3.374990 0.071282 -1.184933 3.150794 
-0.122264 0.398283 3.541260 -0.106520 0.195581 3.545066 -0.279425 0.087697 3.539928 0.074995 0.099229 3.525305 -0.348059 -0.150955 3.539420 0.162628 -0.187341 3.508789 -0.336989 -0.395530 3.508789 0.168920 -0.389332 3.415616 -0.324381 -0.458394 3.362085 0.156818 -0.442027 3.332959 -0.085723 -0.143678 3.527230 -0.082300 -0.199033 3.468631 -0.157021 -0.280242 3.448045 0.000573 -0.273074 3.452686 -0.106252 -0.809452 3.483691 0.045541 -0.775892 3.306766 -0.062295 -1.141029 3.424859 0.054557 -1.127250 3.194117 -0.088982 -1.202107 3.375793 0.070522 -1.184397 3.137167 
-0.121746 0.399133 3.534345 -0.105947 0.196400 3.537893 -0.278856 0.088595 3.533564 0.074985 0.099518 3.517951 -0.346890 -0.149633 3.534049 0.162589 -0.186213 3.502434 -0.335319 -0.391428 3.502434 0.168555 -0.388405 3.410973 -0.322200 -0.454804 3.358208 0.156656 -0.441640 3.326459 -0.085785 -0.143193 3.520655 -0.082624 -0.198584 3.462189 -0.157366 -0.279671 3.442050 0.000023 -0.272620 3.446119 -0.107234 -0.809094 3.480194 0.044699 -0.775979 3.300238 -0.062490 -1.141567 3.424516 0.054365 -1.126330 3.182110 -0.089968 -1.203103 3.376620 0.069866 -1.183923 3.125203 
-0.120346 0.399803 3.526917 -0.104540 0.197343 3.530243 -0.277276 0.089534 3.526637 0.075537 0.099721 3.510483 -0.344361 -0.148610 3.527481 0.163181 -0.185220 3.495711 -0.333303 -0.387856 3.495711 0.168936 -0.387700 3.406478 -0.319703 -0.451870 3.354430 0.157064 -0.441861 3.319811 -0.085127 -0.142716 3.513631 -0.082246 -0.198176 3.455308 -0.156999 -0.279107 3.435674 0.000089 -0.272159 3.439178 -0.108013 -0.808757 3.476234 0.044020 -0.776077 3.294321 -0.062682 -1.142118 3.424210 0.054378 -1.125561 3.171736 -0.090941 -1.204123 3.377481 0.069262 -1.183561 3.114939 
-0.118098 0.400534 3.519449 -0.102521 0.198262 3.522455 -0.274983 0.090513 3.519417 0.076865 0.099800 3.502730 -0.341550 -0.147815 3.521162 0.164372 -0.184230 3.488779 -0.330591 -0.384484 3.488779 0.169598 -0.387161 3.401698 -0.316857 -0.449396 3.350764 0.157842 -0.442381 3.313449 -0.083878 -0.142229 3.506358 -0.081289 -0.197743 3.448161 -0.156042 -0.278489 3.428975 0.000720 -0.271686 3.431963 -0.108642 -0.807960 3.471432 0.043533 -0.776198 3.288915 -0.062861 -1.142633 3.423941 0.054592 -1.124913 3.163000 -0.091883 -1.204916 3.378179 0.068724 -1.183291 3.106308 
-0.115054 0.401276 3.511649 -0.099845 0.199141 3.514422 -0.271684 0.091418 3.511415 0.078949 0.099853 3.494402 -0.338460 -0.147211 3.515086 0.166086 -0.183298 3.481193 -0.327611 -0.381429 3.481193 0.170870 -0.386674 3.397099 -0.313650 -0.447221 3.346926 0.159239 -0.443291 3.306560 -0.081826 -0.141801 3.498514 -0.079517 -0.197351 3.440391 -0.154138 -0.277870 3.421439 0.002079 -0.271212 3.424249 -0.109047 -0.807129 3.466062 0.043208 -0.776307 3.283996 -0.063043 -1.143159 3.423730 0.054951 -1.124344 3.155705 -0.093216 -1.206391 3.380052 0.068366 -1.183149 3.099380 
-0.110442 0.402226 3.502698 -0.096404 0.200050 3.505953 -0.267832 0.092323 3.503371 0.081382 0.099870 3.486070 -0.334573 -0.146579 3.508499 0.168164 -0.182458 3.473687 -0.324145 -0.378511 3.473687 0.172498 -0.386219 3.392315 -0.309787 -0.445134 3.342509 0.160938 -0.444390 3.299745 -0.079194 -0.141407 3.490372 -0.077214 -0.197021 3.432351 -0.151796 -0.277273 3.413852 0.003962 -0.270742 3.416141 -0.109136 -0.806110 3.459381 0.043229 -0.776307 3.279406 -0.063252 -1.143617 3.423461 0.055494 -1.123792 3.149894 -0.094253 -1.207380 3.381011 0.068059 -1.182978 3.093963 
-0.104914 0.403198 3.493445 -0.092245 0.201000 3.497427 -0.263667 0.093235 3.495558 0.084403 0.099743 3.477349 -0.329964 -0.146165 3.501559 0.170663 -0.181720 3.466254 -0.320181 -0.375845 3.466254 0.174760 -0.385672 3.387094 -0.305699 -0.443518 3.337921 0.163001 -0.444901 3.293267 -0.076075 -0.141039 3.482152 -0.074534 -0.196721 3.424252 -0.149093 -0.276661 3.406214 0.006168 -0.270322 3.407940 -0.109202 -0.804860 3.451391 0.043454 -0.776312 3.275205 -0.063454 -1.144035 3.423198 0.056191 -1.123348 3.145497 -0.095321 -1.208422 3.382143 0.067847 -1.182894 3.090029 
-0.098736 0.404100 3.483863 -0.087629 0.201840 3.488947 -0.258969 0.094126 3.487509 0.087761 0.099629 3.468341 -0.324933 -0.145922 3.494453 0.173571 -0.180545 3.458802 -0.315555 -0.373295 3.458802 0.177207 -0.384851 3.381132 -0.301502 -0.441488 3.333584 0.165471 -0.445240 3.286952 -0.072227 -0.140772 3.473479 -0.071129 -0.196483 3.415625 -0.145579 -0.276036 3.397958 0.009055 -0.269918 3.399155 -0.109311 -0.803119 3.441229 0.043947 -0.776313 3.271307 -0.063630 -1.144363 3.422922 0.057018 -1.122989 3.142418 -0.096140 -1.209132 3.382858 0.067697 -1.182878 3.087465 
-0.091248 0.405015 3.473393 -0.081947 0.202787 3.479790 -0.253530 0.095127 3.479022 0.091458 0.099487 3.459570 -0.319567 -0.145911 3.487203 0.177487 -0.179626 3.451234 -0.310227 -0.370796 3.451234 0.180224 -0.384140 3.374058 -0.296856 -0.439507 3.328442 0.168199 -0.445617 3.280843 -0.067784 -0.140483 3.464466 -0.067124 -0.196262 3.406682 -0.141537 -0.275420 3.389478 0.012473 -0.269537 3.390095 -0.109046 -0.801399 3.428724 0.044679 -0.776296 3.267699 -0.063826 -1.144660 3.422583 0.057932 -1.122627 3.140453 -0.097047 -1.210062 3.383829 0.067683 -1.182860 3.086111 
-0.082628 0.405892 3.461994 -0.075521 0.203665 3.469918 -0.246910 0.096192 3.469314 0.095934 0.099426 3.450403 -0.313590 -0.145857 3.479020 0.182069 -0.178367 3.442973 -0.304329 -0.368339 3.442973 0.183662 -0.383295 3.365903 -0.292173 -0.437614 3.323150 0.171664 -0.446143 3.274179 -0.062420 -0.140149 3.454391 -0.062064 -0.195949 3.396578 -0.136211 -0.274577 3.379447 0.016821 -0.269104 3.380101 -0.108466 -0.798435 3.410896 0.045745 -0.776316 3.264220 -0.064318 -1.144268 3.419502 0.058892 -1.122375 3.139624 -0.096689 -1.207811 3.377407 0.067771 -1.183042 3.086218 
-0.073431 0.406733 3.450366 -0.068129 0.204686 3.458996 -0.239579 0.097224 3.458732 0.100832 0.099372 3.441154 -0.307492 -0.145758 3.470664 0.187008 -0.177088 3.434661 -0.298357 -0.366044 3.434661 0.187472 -0.382395 3.357625 -0.287303 -0.435815 3.317318 0.175705 -0.446952 3.266853 -0.056645 -0.139742 3.443924 -0.056556 -0.195628 3.386123 -0.130566 -0.273706 3.369270 0.021595 -0.268694 3.369777 -0.107999 -0.794703 3.390337 0.047059 -0.776260 3.260930 -0.064743 -1.143769 3.415054 0.059808 -1.122190 3.139826 -0.097258 -1.207849 3.375746 0.068023 -1.183162 3.087007 
-0.064164 0.407625 3.438916 -0.060900 0.205699 3.448380 -0.232172 0.098375 3.448261 0.105950 0.099408 3.432023 -0.301260 -0.145619 3.462035 0.192183 -0.175709 3.426495 -0.292433 -0.363910 3.426495 0.191337 -0.381456 3.349166 -0.282418 -0.434075 3.311165 0.180196 -0.447551 3.259179 -0.050760 -0.139265 3.433341 -0.050867 -0.195191 3.375468 -0.124732 -0.272710 3.358899 0.026663 -0.268162 3.359040 -0.107233 -0.790717 3.368640 0.048516 -0.776226 3.257849 -0.065452 -1.142782 3.406772 0.060841 -1.122025 3.140774 -0.097416 -1.207547 3.370350 0.068318 -1.183305 3.088541 
-0.054490 0.408670 3.427026 -0.053542 0.206790 3.437162 -0.224573 0.099737 3.437374 0.111438 0.099430 3.422324 -0.294940 -0.145370 3.452940 0.197736 -0.174263 3.417991 -0.286587 -0.361930 3.417991 0.195350 -0.380577 3.340527 -0.277362 -0.432461 3.304127 0.184762 -0.448242 3.251568 -0.044656 -0.138670 3.422488 -0.044965 -0.194680 3.364612 -0.118656 -0.271633 3.348284 0.031905 -0.267588 3.348299 -0.106449 -0.786530 3.344837 0.050170 -0.776192 3.254913 -0.065656 -1.141164 3.391697 0.061836 -1.121874 3.142357 -0.098109 -1.207329 3.360377 0.068686 -1.183469 3.090800 
-0.045131 0.409823 3.414817 -0.045660 0.207832 3.424569 -0.217108 0.101154 3.426561 0.117040 0.099501 3.412611 -0.288749 -0.145082 3.444020 0.203541 -0.172840 3.408719 -0.280647 -0.359907 3.408719 0.199842 -0.379802 3.331439 -0.272319 -0.430864 3.296651 0.189530 -0.449167 3.243634 -0.038405 -0.137967 3.411261 -0.038964 -0.194128 3.353526 -0.112560 -0.270544 3.337524 0.037223 -0.267021 3.337527 -0.105568 -0.782132 3.319738 0.051917 -0.776147 3.252147 -0.066154 -1.139861 3.372662 0.062814 -1.121740 3.144448 -0.097954 -1.206833 3.344413 0.069098 -1.183602 3.093508 
-0.035890 0.410923 3.402572 -0.038106 0.208825 3.412327 -0.209752 0.102598 3.415573 0.122709 0.099553 3.403019 -0.282569 -0.144689 3.434627 0.209220 -0.171513 3.399395 -0.274917 -0.358093 3.399395 0.204390 -0.379100 3.322342 -0.267327 -0.429261 3.288853 0.194583 -0.449943 3.235027 -0.032313 -0.137262 3.400086 -0.033035 -0.193549 3.342443 -0.106605 -0.269463 3.326870 0.042615 -0.266486 3.326537 -0.104528 -0.777996 3.293303 0.053786 -0.776133 3.249495 -0.067269 -1.137858 3.345299 0.063767 -1.121666 3.146923 -0.098273 -1.204552 3.315176 0.069595 -1.183780 3.096733 
-0.027092 0.411917 3.390936 -0.030713 0.209819 3.400258 -0.202378 0.104068 3.404231 0.128429 0.099690 3.392971 -0.276557 -0.144321 3.424623 0.214752 -0.170208 3.390050 -0.269233 -0.356575 3.390050 0.208882 -0.378527 3.312983 -0.262489 -0.427711 3.280821 0.199642 -0.450740 3.226558 -0.026304 -0.136588 3.388948 -0.027197 -0.193009 3.331393 -0.100724 -0.268412 3.316198 0.047885 -0.265977 3.315680 -0.103595 -0.773699 3.265951 0.055781 -0.776153 3.246894 -0.068930 -1.134767 3.308236 0.064693 -1.121654 3.149738 -0.097374 -1.200314 3.273726 0.069978 -1.183892 3.099647 
-0.017998 0.412754 3.377481 -0.023588 0.210752 3.388426 -0.195401 0.105521 3.393341 0.134010 0.099811 3.383298 -0.270683 -0.143870 3.414399 0.220073 -0.168899 3.380546 -0.263794 -0.355152 3.380546 0.213726 -0.377823 3.303457 -0.257833 -0.426313 3.272525 0.204670 -0.451682 3.218140 -0.020567 -0.135932 3.378052 -0.021620 -0.192487 3.320592 -0.095119 -0.267412 3.305673 0.052913 -0.265525 3.305118 -0.102537 -0.769672 3.238528 0.057809 -0.776223 3.244380 -0.070239 -1.130123 3.264279 0.065583 -1.121750 3.152793 -0.096703 -1.194082 3.223199 0.070390 -1.184032 3.102873 
-0.009534 0.413429 3.364641 -0.016879 0.211528 3.376822 -0.188748 0.106911 3.382543 0.139548 0.099893 3.372992 -0.265132 -0.143435 3.404288 0.225165 -0.167651 3.371127 -0.258626 -0.353835 3.371127 0.218355 -0.377470 3.293792 -0.253335 -0.425223 3.264179 0.209433 -0.452588 3.209893 -0.015009 -0.135392 3.367022 -0.016255 -0.192054 3.309628 -0.089745 -0.266482 3.294987 0.057806 -0.265179 3.294284 -0.101315 -0.765939 3.210623 0.059879 -0.776348 3.241839 -0.072981 -1.123797 3.212321 0.066487 -1.122268 3.156626 -0.096241 -1.185835 3.163335 0.071093 -1.185219 3.108601 
-0.001702 0.413999 3.352314 -0.010479 0.212177 3.365261 -0.182340 0.108008 3.370898 0.144900 0.099902 3.363009 -0.259829 -0.143104 3.394038 0.230383 -0.167229 3.361017 -0.253760 -0.352800 3.361017 0.222810 -0.377552 3.284111 -0.249123 -0.424308 3.255937 0.213970 -0.453590 3.201793 -0.009746 -0.134911 3.356032 -0.011047 -0.191674 3.298674 -0.084563 -0.265676 3.284220 0.062635 -0.264915 3.283453 -0.099928 -0.762011 3.182949 0.061925 -0.776479 3.239333 -0.075155 -1.115560 3.160313 0.067341 -1.122836 3.160567 -0.096175 -1.175869 3.102296 0.071740 -1.185848 3.112946 
0.005508 0.414366 3.339164 -0.004505 0.212757 3.353969 -0.176441 0.109025 3.359549 0.150101 0.099955 3.353123 -0.254911 -0.142852 3.383869 0.235212 -0.166562 3.351137 -0.248947 -0.351787 3.351137 0.227097 -0.377440 3.273641 -0.245117 -0.423541 3.247409 0.218412 -0.454850 3.192920 -0.004730 -0.134402 3.344954 -0.006057 -0.191218 3.287576 -0.079607 -0.264863 3.273176 0.067325 -0.264604 3.272430 -0.098533 -0.757926 3.155189 0.064052 -0.776637 3.236635 -0.077511 -1.106447 3.103120 0.068134 -1.123595 3.164633 -0.095833 -1.165037 3.038075 0.072336 -1.186433 3.116990 
0.011944 0.414648 3.326418 0.000816 0.213128 3.342427 -0.170965 0.109841 3.347826 0.155060 0.100065 3.343070 -0.250294 -0.142773 3.372838 0.239705 -0.165827 3.341709 -0.244466 -0.351273 3.341709 0.231080 -0.377274 3.263116 -0.241389 -0.423001 3.238721 0.222628 -0.455887 3.183606 -0.000040 -0.133982 3.333410 -0.001308 -0.190820 3.275976 -0.074871 -0.264144 3.261632 0.071907 -0.264349 3.260748 -0.097133 -0.753634 3.128612 0.066213 -0.776694 3.233740 -0.080708 -1.096129 3.049772 0.068877 -1.124400 3.168697 -0.095811 -1.152264 2.976726 0.072820 -1.187043 3.120964 
0.017650 0.414897 3.314109 0.005349 0.213524 3.329650 -0.166021 0.110505 3.335473 0.159668 0.100064 3.332621 -0.246100 -0.142715 3.361481 0.243843 -0.165041 3.332485 -0.240311 -0.350946 3.332485 0.234799 -0.377081 3.252486 -0.237898 -0.422702 3.229764 0.226562 -0.456796 3.174419 0.004229 -0.133545 3.321170 0.003110 -0.190460 3.263775 -0.070433 -0.263509 3.249604 0.076246 -0.264134 3.248582 -0.095847 -0.749159 3.101828 0.068375 -0.776737 3.230770 -0.083561 -1.084674 2.995039 0.069508 -1.125097 3.172466 -0.096306 -1.139204 2.917279 0.073282 -1.187657 3.124844 
0.022570 0.415153 3.301606 0.009428 0.213832 3.317004 -0.161564 0.110914 3.322203 0.163932 0.100023 3.322608 -0.242359 -0.142988 3.349375 0.247651 -0.164581 3.323336 -0.236693 -0.351118 3.323336 0.238166 -0.377045 3.241401 -0.234630 -0.424099 3.218267 0.230169 -0.457864 3.164903 0.008039 -0.133180 3.308799 0.007196 -0.190154 3.251423 -0.066308 -0.262985 3.236899 0.080283 -0.263995 3.236560 -0.094589 -0.744876 3.076473 0.070567 -0.776777 3.227630 -0.086246 -1.074083 2.944703 0.069980 -1.125603 3.175845 -0.097126 -1.126550 2.862077 0.073745 -1.188240 3.128736 
0.026659 0.415407 3.288564 0.012987 0.214043 3.303443 -0.157734 0.111168 3.308804 0.167523 0.099777 3.311020 -0.239218 -0.143471 3.336024 0.251055 -0.164049 3.314161 -0.233684 -0.351716 3.314161 0.241271 -0.376877 3.229695 -0.231699 -0.424764 3.207288 0.233413 -0.458681 3.155293 0.011543 -0.132946 3.295961 0.010897 -0.190028 3.238687 -0.062535 -0.262639 3.224092 0.083933 -0.264000 3.224235 -0.093497 -0.740575 3.052197 0.072794 -0.776804 3.224025 -0.088939 -1.063971 2.898727 0.070382 -1.126088 3.179054 -0.098057 -1.114764 2.812220 0.074219 -1.188860 3.132627 
0.029733 0.415552 3.274440 0.015950 0.214126 3.289836 -0.154666 0.111283 3.294892 0.170660 0.099632 3.299617 -0.236664 -0.144022 3.321313 0.254082 -0.163454 3.304591 -0.231095 -0.352534 3.304591 0.244038 -0.376522 3.216627 -0.228966 -0.425478 3.193882 0.236371 -0.459287 3.144759 0.014507 -0.132757 3.282731 0.014140 -0.189902 3.225525 -0.059278 -0.262365 3.210471 0.087228 -0.263994 3.211603 -0.092593 -0.736406 3.029229 0.074971 -0.776949 3.220077 -0.091618 -1.054376 2.856554 0.070749 -1.126642 3.182165 -0.099166 -1.104021 2.767873 0.074666 -1.189574 3.136420 
0.031849 0.415640 3.259897 0.018326 0.214086 3.275627 -0.152521 0.111219 3.280210 0.172909 0.099150 3.286569 -0.234901 -0.144920 3.305785 0.256230 -0.164235 3.291441 -0.228921 -0.353751 3.291441 0.246369 -0.377723 3.202355 -0.226738 -0.426653 3.179231 0.238906 -0.461597 3.132220 0.017002 -0.132756 3.268547 0.016883 -0.189961 3.211369 -0.056486 -0.262292 3.196251 0.090035 -0.264165 3.197534 -0.091889 -0.732349 3.006988 0.077235 -0.776749 3.214983 -0.094108 -1.045860 2.819145 0.071069 -1.127047 3.184871 -0.100209 -1.094648 2.729062 0.074962 -1.190122 3.139750 
0.033035 0.415655 3.244858 0.019569 0.213883 3.260471 -0.151388 0.110970 3.262599 0.174414 0.098717 3.272016 -0.233813 -0.145750 3.289558 0.257867 -0.164533 3.278626 -0.227548 -0.354832 3.278626 0.248152 -0.378352 3.186186 -0.225063 -0.427590 3.164444 0.240948 -0.462193 3.120407 0.018653 -0.132935 3.252969 0.018975 -0.190159 3.195756 -0.054270 -0.262356 3.180179 0.092304 -0.264427 3.182182 -0.091364 -0.728406 2.985462 0.079411 -0.776646 3.209328 -0.096437 -1.038365 2.785877 0.071370 -1.127453 3.187286 -0.101095 -1.086508 2.695142 0.075229 -1.190727 3.142869 
0.032972 0.415545 3.228721 0.019780 0.213572 3.244441 -0.151012 0.110620 3.244809 0.175321 0.098346 3.257349 -0.233814 -0.146943 3.270811 0.259051 -0.164857 3.265690 -0.226795 -0.356623 3.265690 0.249433 -0.378896 3.169223 -0.224057 -0.428537 3.147375 0.242219 -0.462985 3.107718 0.019691 -0.133215 3.236630 0.020555 -0.190457 3.179434 -0.052503 -0.262561 3.163401 0.094162 -0.264771 3.166172 -0.091041 -0.724746 2.965608 0.081466 -0.776570 3.203169 -0.098526 -1.031864 2.756470 0.071638 -1.127848 3.189482 -0.101701 -1.078636 2.663936 0.075473 -1.191342 3.145756 
0.031160 0.415336 3.210410 0.018618 0.213204 3.225866 -0.151962 0.110047 3.225482 0.174985 0.097858 3.240589 -0.234769 -0.148501 3.249035 0.259051 -0.164880 3.250645 -0.226881 -0.359057 3.250645 0.249819 -0.379227 3.150619 -0.223493 -0.429539 3.129648 0.243068 -0.463572 3.094734 0.019841 -0.133456 3.218467 0.021303 -0.190751 3.161421 -0.051516 -0.262835 3.144837 0.095302 -0.265102 3.148860 -0.090952 -0.721071 2.946267 0.083249 -0.776161 3.194902 -0.100393 -1.026131 2.730247 0.071863 -1.128152 3.191366 -0.102285 -1.071730 2.636141 0.075763 -1.191856 3.148397 
0.027934 0.415132 3.191628 0.016489 0.212889 3.207116 -0.154016 0.109204 3.204669 0.173266 0.097652 3.221465 -0.236628 -0.149977 3.226884 0.258093 -0.165241 3.234138 -0.228075 -0.361410 3.234138 0.249434 -0.379729 3.130419 -0.224140 -0.430821 3.108614 0.242536 -0.463631 3.078364 0.018912 -0.133875 3.198864 0.020896 -0.191178 3.141687 -0.051574 -0.263228 3.124633 0.095157 -0.265480 3.129220 -0.091230 -0.717346 2.927613 0.084805 -0.775628 3.185429 -0.102041 -1.021036 2.706776 0.072061 -1.128452 3.193068 -0.102830 -1.065602 2.611235 0.076054 -1.192401 3.150826 
0.022695 0.414921 3.170709 0.013038 0.212731 3.186765 -0.157481 0.108513 3.182858 0.169898 0.098043 3.199461 -0.239553 -0.151189 3.203763 0.255584 -0.165491 3.214535 -0.230107 -0.363407 3.214535 0.247987 -0.380041 3.108287 -0.225438 -0.431902 3.087451 0.241397 -0.463247 3.061033 0.016938 -0.133948 3.177434 0.019344 -0.191192 3.120129 -0.052859 -0.263266 3.102414 0.094025 -0.265422 3.107929 -0.091972 -0.713612 2.909586 0.086096 -0.774998 3.174546 -0.103610 -1.016413 2.685459 0.072249 -1.128740 3.194598 -0.103443 -1.060018 2.588639 0.076342 -1.192970 3.153041 
0.016803 0.414863 3.150569 0.008001 0.213014 3.164520 -0.162211 0.108078 3.160123 0.165653 0.098994 3.176907 -0.242820 -0.152217 3.180863 0.251756 -0.164698 3.192910 -0.232961 -0.364955 3.192910 0.245774 -0.379652 3.084656 -0.227977 -0.433253 3.064796 0.239503 -0.462908 3.042892 0.013704 -0.133538 3.154544 0.016594 -0.190728 3.097161 -0.055234 -0.262882 3.078942 0.091701 -0.264898 3.085208 -0.093200 -0.709727 2.892032 0.086830 -0.774314 3.160691 -0.105069 -1.012215 2.666155 0.072394 -1.128987 3.195919 -0.104054 -1.054917 2.568208 0.076630 -1.193443 3.155040 
0.009348 0.415363 3.129322 0.002258 0.213591 3.141992 -0.168148 0.108106 3.136333 0.160299 0.100418 3.152272 -0.247488 -0.153016 3.154866 0.247606 -0.163492 3.171663 -0.236769 -0.366752 3.171663 0.242370 -0.378114 3.060230 -0.232180 -0.433878 3.038824 0.235762 -0.460217 3.020530 0.009461 -0.132787 3.130461 0.012681 -0.189830 3.072819 -0.058630 -0.262265 3.055035 0.087884 -0.263727 3.059360 -0.094906 -0.705950 2.875061 0.087125 -0.772826 3.142944 -0.106450 -1.008399 2.648681 0.072506 -1.129044 3.196097 -0.104724 -1.050216 2.549802 0.076984 -1.193799 3.156342 
-0.000103 0.416904 3.104927 -0.004224 0.214614 3.119126 -0.174740 0.108432 3.112728 0.153777 0.102451 3.126026 -0.252258 -0.153684 3.130074 0.241303 -0.160833 3.146157 -0.241990 -0.367895 3.146157 0.238156 -0.375814 3.033967 -0.236990 -0.434167 3.012626 0.231192 -0.458338 2.996579 0.004153 -0.131691 3.105140 0.007440 -0.188533 3.047020 -0.063884 -0.261064 3.028365 0.083090 -0.262291 3.033191 -0.097072 -0.702170 2.858389 0.086736 -0.770910 3.122090 -0.107810 -1.004941 2.632975 0.072570 -1.128836 3.195710 -0.105537 -1.045870 2.533423 0.077296 -1.194043 3.157458 
-0.009985 0.418482 3.081719 -0.012648 0.216164 3.094085 -0.182439 0.109210 3.088206 0.146922 0.104758 3.099954 -0.257969 -0.154062 3.104340 0.234118 -0.157852 3.118722 -0.247831 -0.368616 3.118722 0.233033 -0.373201 3.006452 -0.243033 -0.434885 2.984491 0.225540 -0.456406 2.971095 -0.002304 -0.129827 3.078880 0.001251 -0.186491 3.020504 -0.069739 -0.259432 3.001919 0.077335 -0.260006 3.005920 -0.099495 -0.698489 2.842425 0.085570 -0.766690 3.094268 -0.109169 -1.001799 2.618932 0.071946 -1.126915 3.192533 -0.106409 -1.041857 2.518925 0.077592 -1.193976 3.158146 
-0.019852 0.420238 3.059672 -0.021325 0.218149 3.069220 -0.190512 0.110240 3.064250 0.139453 0.107647 3.073373 -0.263899 -0.154144 3.078758 0.226684 -0.154584 3.091597 -0.254259 -0.369006 3.091597 0.226749 -0.369400 2.979026 -0.249683 -0.436772 2.954490 0.218653 -0.452981 2.941522 -0.009289 -0.127440 3.052496 -0.005636 -0.183877 2.993822 -0.076397 -0.257260 2.975132 0.070881 -0.257158 2.978649 -0.102299 -0.694815 2.826766 0.083423 -0.759706 3.060204 -0.110556 -0.998980 2.606513 0.070597 -1.122421 3.184836 -0.107463 -1.038175 2.506304 0.077853 -1.192677 3.156703 
-0.030820 0.422576 3.037030 -0.030401 0.220797 3.043759 -0.199641 0.111488 3.038715 0.131329 0.110689 3.045894 -0.270862 -0.153455 3.052649 0.218965 -0.150944 3.063851 -0.260878 -0.368592 3.063851 0.218785 -0.365612 2.951546 -0.257488 -0.437789 2.923263 0.210943 -0.448620 2.911801 -0.016834 -0.124712 3.026063 -0.013058 -0.181027 2.967195 -0.083760 -0.254907 2.948289 0.064005 -0.254092 2.951791 -0.105372 -0.691069 2.811618 0.080603 -0.752276 3.024333 -0.112006 -0.996428 2.595561 0.068851 -1.116764 3.174315 -0.108652 -1.034778 2.495351 0.075385 -1.182732 3.139874 
-0.041617 0.424954 3.015121 -0.039517 0.223409 3.019003 -0.208567 0.112807 3.014419 0.122724 0.113581 3.018062 -0.277950 -0.152777 3.027352 0.210436 -0.146998 3.034688 -0.267924 -0.367625 3.034688 0.210822 -0.361511 2.923222 -0.265479 -0.436970 2.893999 0.202894 -0.443175 2.881358 -0.024606 -0.122006 2.999850 -0.020906 -0.178150 2.940675 -0.091566 -0.252470 2.921393 0.056607 -0.250944 2.925071 -0.108506 -0.687587 2.797273 0.077022 -0.743933 2.984040 -0.113498 -0.994152 2.586155 0.066598 -1.109195 3.158939 -0.110069 -1.031660 2.486216 0.074820 -1.178383 3.130581 
-0.053783 0.428121 2.989535 -0.049587 0.226713 2.992243 -0.218665 0.115194 2.988105 0.112950 0.117646 2.987639 -0.286212 -0.150419 2.999327 0.200322 -0.141700 3.001243 -0.276456 -0.364858 3.001243 0.198989 -0.355518 2.892162 -0.274396 -0.433667 2.860311 0.191453 -0.435999 2.841610 -0.033751 -0.118389 2.971038 -0.030310 -0.174255 2.911438 -0.101154 -0.248951 2.891416 0.047621 -0.246822 2.895699 -0.112169 -0.684066 2.782497 0.071262 -0.731542 2.928847 -0.114971 -0.992146 2.578074 0.062245 -1.098707 3.118021 -0.111569 -1.028836 2.478590 0.072793 -1.170115 3.094579 
-0.065187 0.431276 2.965320 -0.059425 0.230459 2.965582 -0.228533 0.117923 2.961510 0.103820 0.121521 2.959232 -0.294142 -0.147575 2.972898 0.190202 -0.136067 2.968178 -0.284855 -0.361465 2.968178 0.187493 -0.349539 2.862689 -0.283154 -0.429876 2.828817 0.179096 -0.427348 2.800431 -0.042844 -0.114576 2.943041 -0.039462 -0.170282 2.883222 -0.110517 -0.245351 2.862589 0.038931 -0.242638 2.867589 -0.115939 -0.680833 2.768342 0.065384 -0.719485 2.876467 -0.116479 -0.990399 2.571402 0.056501 -1.087435 3.067248 -0.113051 -1.026302 2.472515 0.069035 -1.159754 3.046603 
-0.076102 0.434737 2.941827 -0.068857 0.234247 2.939948 -0.237735 0.120767 2.936370 0.094976 0.125074 2.931282 -0.301899 -0.144603 2.947660 0.180239 -0.130720 2.936291 -0.293146 -0.357770 2.936291 0.176303 -0.343589 2.834254 -0.291400 -0.425890 2.799489 0.167837 -0.419779 2.762770 -0.051557 -0.110771 2.916076 -0.048335 -0.166326 2.856028 -0.119483 -0.241747 2.835171 0.030359 -0.238393 2.840163 -0.119678 -0.677869 2.755028 0.059335 -0.707970 2.824791 -0.117987 -0.988908 2.566098 0.049763 -1.076457 3.006832 -0.114666 -1.024051 2.467984 0.058234 -1.147420 2.981893 
-0.086342 0.438233 2.919235 -0.077650 0.237927 2.915836 -0.246404 0.123645 2.912671 0.086782 0.128473 2.905338 -0.309628 -0.141315 2.923035 0.170725 -0.125762 2.905923 -0.300889 -0.354174 2.905923 0.165708 -0.337889 2.807771 -0.299179 -0.421772 2.771745 0.157020 -0.412206 2.726346 -0.059823 -0.107083 2.890648 -0.056758 -0.162489 2.830388 -0.128109 -0.238211 2.808997 0.022265 -0.234317 2.814567 -0.123354 -0.675171 2.742588 0.053171 -0.697478 2.775854 -0.119366 -0.987762 2.561999 0.042188 -1.065512 2.940611 -0.116160 -1.022195 2.464744 0.048206 -1.129646 2.899392 
-0.096062 0.441415 2.897439 -0.085886 0.241356 2.893120 -0.254531 0.126483 2.890092 0.079046 0.131817 2.880764 -0.317080 -0.137878 2.899378 0.161798 -0.121098 2.877493 -0.308108 -0.350714 2.877493 0.155687 -0.332515 2.783216 -0.306306 -0.419018 2.744967 0.146244 -0.404201 2.690433 -0.067654 -0.103625 2.866712 -0.064755 -0.158884 2.806265 -0.136308 -0.234877 2.784380 0.014562 -0.230464 2.790536 -0.126975 -0.672833 2.730851 0.047133 -0.687509 2.729357 -0.120546 -0.986961 2.558870 0.034426 -1.053675 2.871251 -0.117472 -1.020738 2.462513 0.038186 -1.111007 2.815135 
-0.104879 0.444608 2.876826 -0.093611 0.244702 2.871352 -0.262030 0.129338 2.869025 0.071927 0.135030 2.858109 -0.323937 -0.134574 2.877625 0.153713 -0.116711 2.851364 -0.314916 -0.346991 2.851364 0.146919 -0.326265 2.759745 -0.312794 -0.416181 2.719632 0.136868 -0.396423 2.659108 -0.075056 -0.100264 2.844247 -0.072303 -0.155424 2.783705 -0.144072 -0.231657 2.761323 0.007300 -0.226795 2.768250 -0.130501 -0.670765 2.719897 0.041429 -0.677951 2.685775 -0.121676 -0.986479 2.556587 0.028380 -1.040646 2.799307 -0.118751 -1.019660 2.461163 0.025024 -1.097280 2.756732 
-0.112933 0.447721 2.856969 -0.100880 0.247988 2.850433 -0.269040 0.132085 2.849073 0.065520 0.138117 2.837204 -0.330265 -0.131329 2.857301 0.146357 -0.112676 2.827098 -0.321104 -0.343309 2.827098 0.139131 -0.320680 2.737838 -0.318706 -0.412519 2.696729 0.128219 -0.389792 2.628894 -0.082005 -0.097014 2.823182 -0.079344 -0.152132 2.762654 -0.151275 -0.228671 2.740113 0.000514 -0.223314 2.747297 -0.134010 -0.668996 2.709469 0.036155 -0.668833 2.645844 -0.122790 -0.986210 2.555045 0.024028 -1.033391 2.744022 -0.120008 -1.018849 2.460563 0.018900 -1.086657 2.695335 
-0.120298 0.450658 2.838234 -0.107547 0.251065 2.830795 -0.275506 0.134746 2.830473 0.059654 0.141101 2.817321 -0.336037 -0.128158 2.838613 0.139665 -0.108901 2.804226 -0.326708 -0.339660 2.804226 0.131347 -0.316001 2.717633 -0.323992 -0.409004 2.675777 0.120320 -0.384077 2.601437 -0.088440 -0.093872 2.803447 -0.085929 -0.148929 2.742932 -0.157974 -0.225819 2.720499 -0.005909 -0.219914 2.727418 -0.137351 -0.667523 2.699718 0.031227 -0.660142 2.609176 -0.123860 -0.986159 2.554318 0.020556 -1.026736 2.688541 -0.121301 -1.018296 2.460799 0.013902 -1.076668 2.633548 
-0.126922 0.453504 2.820306 -0.113652 0.253928 2.812197 -0.281392 0.137346 2.812663 0.054158 0.143870 2.798118 -0.341224 -0.125175 2.821261 0.133669 -0.105524 2.782912 -0.331731 -0.336360 2.782912 0.124461 -0.311851 2.699210 -0.328732 -0.405699 2.656657 0.113493 -0.378756 2.576113 -0.094417 -0.090991 2.784741 -0.092086 -0.145998 2.724239 -0.164248 -0.223184 2.701933 -0.011935 -0.216771 2.708654 -0.140539 -0.666271 2.690562 0.026683 -0.652036 2.575944 -0.124854 -0.986312 2.554335 0.017651 -1.020586 2.633049 -0.122558 -1.017986 2.461772 0.009713 -1.067320 2.571792 
-0.132928 0.456126 2.803215 -0.119213 0.256514 2.794518 -0.286759 0.139806 2.795762 0.049085 0.146372 2.779471 -0.345873 -0.122382 2.805017 0.128266 -0.102522 2.762591 -0.336246 -0.333316 2.762591 0.118775 -0.307816 2.682143 -0.332960 -0.402559 2.639122 0.107434 -0.373671 2.553607 -0.099858 -0.088388 2.767184 -0.097733 -0.143367 2.706733 -0.170010 -0.220828 2.684509 -0.017476 -0.213931 2.691169 -0.143579 -0.665300 2.681863 0.022489 -0.644244 2.545556 -0.125790 -0.986682 2.555007 0.015327 -1.014488 2.580348 -0.123826 -1.017938 2.463389 0.006303 -1.058797 2.513019 
-0.138398 0.458534 2.786146 -0.124000 0.258951 2.777199 -0.291529 0.142081 2.779692 0.044519 0.148651 2.761872 -0.350038 -0.119740 2.789724 0.123456 -0.099774 2.743739 -0.340253 -0.330460 2.743739 0.113501 -0.304337 2.666225 -0.336703 -0.399691 2.623125 0.101933 -0.369495 2.532604 -0.104766 -0.085995 2.750542 -0.102865 -0.140993 2.690217 -0.175225 -0.218712 2.668368 -0.022609 -0.211332 2.674532 -0.146516 -0.664622 2.673397 0.018707 -0.637044 2.518199 -0.126644 -0.987351 2.556213 0.013458 -1.008374 2.529725 -0.125019 -1.018245 2.465500 0.003606 -1.050879 2.456456 
-0.143105 0.460692 2.769674 -0.128278 0.261121 2.760656 -0.295759 0.144246 2.764458 0.040510 0.150725 2.744869 -0.353724 -0.117228 2.775277 0.119255 -0.097283 2.726118 -0.343796 -0.327890 2.726118 0.108861 -0.301283 2.651637 -0.340010 -0.397029 2.608529 0.097241 -0.365685 2.513246 -0.109144 -0.083822 2.734733 -0.107482 -0.138842 2.674564 -0.179938 -0.216791 2.652884 -0.027220 -0.208991 2.658984 -0.149345 -0.664181 2.665203 0.015465 -0.630228 2.492703 -0.127459 -0.988063 2.557624 0.011880 -1.002905 2.483286 -0.126211 -1.018631 2.467764 0.001262 -1.043899 2.404835 
-0.147054 0.462535 2.753193 -0.131912 0.263099 2.744856 -0.299459 0.146253 2.750132 0.037080 0.152576 2.728192 -0.356929 -0.114948 2.761624 0.115711 -0.095061 2.709131 -0.346894 -0.325549 2.709131 0.104803 -0.298534 2.637960 -0.342890 -0.394581 2.594843 0.093225 -0.362193 2.495537 -0.112985 -0.081897 2.719655 -0.111630 -0.136955 2.659649 -0.184199 -0.215116 2.638403 -0.031403 -0.206932 2.643903 -0.152075 -0.663906 2.657277 0.012616 -0.624247 2.469705 -0.128210 -0.988848 2.559280 0.011032 -0.997966 2.439644 -0.127409 -1.019125 2.470231 -0.000270 -1.037684 2.356455 
-0.150506 0.464229 2.737500 -0.134865 0.264912 2.729294 -0.302680 0.148092 2.736573 0.034187 0.154343 2.711675 -0.359698 -0.112846 2.748998 0.112770 -0.093146 2.692690 -0.349596 -0.323366 2.692690 0.101399 -0.296078 2.625298 -0.345415 -0.392317 2.582268 0.089961 -0.358997 2.478582 -0.116212 -0.080088 2.704881 -0.115242 -0.135186 2.645088 -0.187940 -0.213604 2.624599 -0.035096 -0.204944 2.628840 -0.154738 -0.663853 2.649405 0.010167 -0.618714 2.448493 -0.128935 -0.989630 2.560951 0.010567 -0.993550 2.399747 -0.128638 -1.019655 2.472672 -0.001406 -1.032204 2.312455 
-0.153282 0.465820 2.721947 -0.137179 0.266508 2.713996 -0.305290 0.149828 2.723436 0.031941 0.156002 2.695338 -0.362007 -0.110933 2.737103 0.110609 -0.091403 2.675806 -0.351860 -0.321336 2.675806 0.098827 -0.294073 2.613330 -0.347569 -0.390280 2.570534 0.087267 -0.356403 2.462555 -0.118923 -0.078409 2.690697 -0.118380 -0.133559 2.631181 -0.191219 -0.212239 2.611610 -0.038351 -0.203103 2.614384 -0.157267 -0.663964 2.641674 0.008170 -0.613401 2.428466 -0.129597 -0.990407 2.562686 0.010272 -0.989682 2.364203 -0.129824 -1.020213 2.475125 -0.002328 -1.027437 2.273510 
-0.155476 0.467207 2.706373 -0.138928 0.267944 2.699232 -0.307227 0.151428 2.710680 0.030183 0.157413 2.678098 -0.363754 -0.109169 2.725843 0.109263 -0.089807 2.659460 -0.353746 -0.319500 2.659460 0.096853 -0.292168 2.602206 -0.349402 -0.388431 2.559752 0.085368 -0.353714 2.446805 -0.120995 -0.077012 2.676720 -0.120995 -0.132231 2.617492 -0.193967 -0.211112 2.599116 -0.041161 -0.201511 2.599868 -0.159655 -0.664306 2.633966 0.006599 -0.608603 2.409903 -0.130181 -0.991135 2.564324 0.010135 -0.986347 2.331938 -0.131008 -1.020754 2.477455 -0.003167 -1.023326 2.238372 
-0.157142 0.468489 2.690733 -0.139786 0.269342 2.684219 -0.308566 0.152967 2.698514 0.028969 0.158778 2.660770 -0.364936 -0.107556 2.715187 0.109412 -0.088481 2.641368 -0.355199 -0.317810 2.641368 0.095586 -0.290427 2.591745 -0.350849 -0.386674 2.549743 0.084356 -0.351444 2.431393 -0.122350 -0.075745 2.662773 -0.123032 -0.131072 2.603951 -0.196171 -0.210138 2.587034 -0.043457 -0.200043 2.585290 -0.161745 -0.664878 2.626256 0.005298 -0.604271 2.392861 -0.130676 -0.991907 2.565987 0.010113 -0.983421 2.302820 -0.132157 -1.021377 2.479778 -0.003886 -1.019724 2.206775 
-0.158179 0.469785 2.674896 -0.139875 0.270676 2.669324 -0.309421 0.154436 2.687150 0.028636 0.160324 2.642539 -0.365320 -0.106093 2.704803 0.110453 -0.087206 2.623009 -0.356084 -0.316253 2.623009 0.095227 -0.288772 2.581638 -0.351797 -0.384985 2.540163 0.084012 -0.349105 2.416361 -0.122963 -0.074509 2.648853 -0.124531 -0.129950 2.590556 -0.197896 -0.209246 2.575406 -0.045252 -0.198591 2.570438 -0.163537 -0.665624 2.618233 0.004261 -0.600318 2.377183 -0.131027 -0.992654 2.567511 0.010133 -0.980813 2.276594 -0.133225 -1.022002 2.481933 -0.004596 -1.016501 2.178412 
-0.158624 0.470990 2.659137 -0.138973 0.272082 2.654111 -0.309720 0.155815 2.676411 0.028979 0.161920 2.623855 -0.364797 -0.104755 2.694718 0.112692 -0.085671 2.603614 -0.356391 -0.314818 2.603614 0.095790 -0.287027 2.571963 -0.352343 -0.383378 2.531156 0.084410 -0.346895 2.401363 -0.122678 -0.073261 2.634710 -0.125350 -0.128855 2.577092 -0.199013 -0.208443 2.563996 -0.046407 -0.197118 2.555295 -0.164877 -0.666376 2.609556 0.003564 -0.596685 2.362659 -0.131235 -0.993370 2.568909 0.010187 -0.978472 2.252983 -0.134175 -1.022611 2.483907 -0.005265 -1.013585 2.152913 
-0.158628 0.472178 2.643788 -0.137058 0.273748 2.638601 -0.309356 0.157254 2.666174 0.030008 0.163796 2.604231 -0.363393 -0.103401 2.684914 0.116545 -0.083927 2.582182 -0.356223 -0.313410 2.582182 0.097094 -0.285219 2.562782 -0.352071 -0.381641 2.522175 0.085444 -0.344684 2.385244 -0.121365 -0.071908 2.620286 -0.125407 -0.127723 2.563534 -0.199348 -0.207647 2.552622 -0.046908 -0.195555 2.540028 -0.165905 -0.667191 2.600797 0.003305 -0.593280 2.349104 -0.131329 -0.994008 2.570094 0.010337 -0.976352 2.231639 -0.135009 -1.023143 2.485600 -0.005854 -1.010936 2.129889 
-0.158036 0.473249 2.628317 -0.134480 0.275469 2.623257 -0.307971 0.158906 2.655961 0.031543 0.165552 2.584306 -0.360879 -0.102048 2.675136 0.121073 -0.082058 2.560843 -0.355479 -0.312113 2.560843 0.098923 -0.283771 2.554056 -0.351371 -0.379927 2.513756 0.087096 -0.343058 2.368895 -0.119302 -0.070570 2.605810 -0.124842 -0.126630 2.549969 -0.199039 -0.206842 2.541338 -0.046860 -0.194012 2.524691 -0.166481 -0.667905 2.591409 0.003479 -0.590141 2.336445 -0.131215 -0.994619 2.571140 0.010544 -0.974457 2.212339 -0.135452 -1.025538 2.490198 -0.006346 -1.008590 2.109075 
-0.156728 0.474346 2.612900 -0.131043 0.277382 2.607739 -0.304808 0.161008 2.644851 0.033702 0.167435 2.564226 -0.357214 -0.100580 2.665484 0.127005 -0.079747 2.537833 -0.353999 -0.310793 2.537833 0.101959 -0.281605 2.545683 -0.350147 -0.378188 2.505818 0.089399 -0.340732 2.352866 -0.116508 -0.069178 2.591232 -0.123613 -0.125524 2.536310 -0.198122 -0.206031 2.530277 -0.046165 -0.192376 2.508836 -0.166547 -0.668539 2.581651 0.003925 -0.587295 2.324795 -0.130680 -0.995185 2.571955 0.010841 -0.972785 2.194883 -0.135919 -1.026265 2.491965 -0.006683 -1.006585 2.090311 
-0.154944 0.475464 2.597684 -0.126981 0.279333 2.592380 -0.301225 0.163075 2.634353 0.036425 0.169373 2.544057 -0.352571 -0.099294 2.656103 0.133228 -0.077418 2.515276 -0.351662 -0.309604 2.515276 0.105355 -0.279483 2.537509 -0.348454 -0.376495 2.498349 0.092250 -0.338339 2.336090 -0.112966 -0.067722 2.576664 -0.121777 -0.124370 2.522733 -0.196625 -0.205222 2.519475 -0.044876 -0.190695 2.492867 -0.165981 -0.669087 2.571289 0.004594 -0.584722 2.314110 -0.129201 -0.995563 2.572077 0.011343 -0.971340 2.179123 -0.135108 -1.028072 2.495654 -0.006819 -1.004922 2.073491 
-0.152485 0.476696 2.582162 -0.122154 0.281369 2.576894 -0.296455 0.165155 2.623588 0.039548 0.171211 2.524225 -0.347336 -0.098085 2.647256 0.140260 -0.075097 2.492497 -0.348531 -0.308482 2.492497 0.109297 -0.277298 2.529712 -0.345878 -0.374762 2.491089 0.095223 -0.337246 2.318538 -0.108786 -0.066312 2.562192 -0.119366 -0.123303 2.509281 -0.194481 -0.204456 2.508806 -0.043143 -0.189113 2.477210 -0.164555 -0.669432 2.560160 0.005475 -0.582433 2.304297 -0.126622 -0.995216 2.570919 0.012070 -0.970136 2.164994 -0.134082 -1.029200 2.498536 -0.006713 -1.003634 2.058585 
-0.149677 0.477908 2.567339 -0.116711 0.283492 2.561551 -0.291336 0.167207 2.613347 0.043013 0.173057 2.504716 -0.341344 -0.096907 2.638749 0.147651 -0.072570 2.470115 -0.344668 -0.307424 2.470115 0.113626 -0.274992 2.522279 -0.342305 -0.373037 2.484126 0.098541 -0.336149 2.300932 -0.103884 -0.064824 2.547705 -0.116328 -0.122176 2.495845 -0.191567 -0.203581 2.497991 -0.040907 -0.187508 2.461802 -0.162450 -0.669606 2.548699 0.006622 -0.580350 2.295201 -0.122889 -0.993866 2.567472 0.012999 -0.969137 2.152479 -0.133706 -1.029943 2.500328 -0.006408 -1.002689 2.045643 
-0.146560 0.479219 2.553089 -0.110696 0.285741 2.546193 -0.285570 0.169184 2.603279 0.046748 0.174807 2.485505 -0.334469 -0.095759 2.630521 0.155225 -0.070246 2.448099 -0.339684 -0.306400 2.448099 0.118277 -0.272648 2.515023 -0.338235 -0.371283 2.477611 0.102148 -0.334229 2.284258 -0.098568 -0.063344 2.533526 -0.112936 -0.121102 2.482769 -0.188315 -0.202728 2.487601 -0.038341 -0.185994 2.446767 -0.159747 -0.669573 2.537026 0.007916 -0.578519 2.286872 -0.118526 -0.992084 2.562835 0.014198 -0.968368 2.141478 -0.133335 -1.030538 2.501859 -0.005850 -1.002111 2.034539 
-0.143023 0.480732 2.539020 -0.104455 0.287990 2.531324 -0.279392 0.171143 2.593560 0.050575 0.176454 2.466998 -0.327072 -0.094647 2.622703 0.162558 -0.068030 2.426960 -0.333825 -0.305430 2.426960 0.122814 -0.270548 2.508092 -0.333314 -0.369404 2.471477 0.105789 -0.332353 2.268128 -0.093019 -0.061885 2.519858 -0.109309 -0.120061 2.470196 -0.184787 -0.201886 2.477663 -0.035579 -0.184550 2.432338 -0.156338 -0.669075 2.525072 0.009367 -0.576889 2.279214 -0.114174 -0.992516 2.559069 0.015653 -0.967795 2.131938 -0.131285 -1.031776 2.500609 -0.005056 -1.001853 2.025239 
-0.139329 0.482243 2.525644 -0.098132 0.290244 2.516949 -0.272337 0.173137 2.583704 0.054329 0.177978 2.449390 -0.319356 -0.093529 2.615379 0.169732 -0.065915 2.406671 -0.327150 -0.304464 2.406671 0.127300 -0.268589 2.501549 -0.327792 -0.367477 2.465785 0.109441 -0.330618 2.252574 -0.087331 -0.060537 2.506699 -0.105475 -0.119152 2.458070 -0.180908 -0.201083 2.468024 -0.032717 -0.183239 2.418622 -0.152558 -0.668307 2.513315 0.010976 -0.575470 2.272161 -0.109467 -0.993171 2.554618 0.017311 -0.967428 2.123840 -0.128814 -1.033110 2.498268 -0.004085 -1.001928 2.017756 
-0.135355 0.483679 2.512511 -0.091604 0.292496 2.502953 -0.264854 0.175152 2.574219 0.058162 0.179418 2.431657 -0.311036 -0.092484 2.608544 0.177018 -0.063824 2.385845 -0.318606 -0.303481 2.385845 0.131819 -0.266847 2.495141 -0.320943 -0.365276 2.460363 0.113078 -0.329127 2.237505 -0.080850 -0.059212 2.493050 -0.100896 -0.118265 2.445401 -0.176152 -0.200266 2.457979 -0.029058 -0.181871 2.403838 -0.147677 -0.666613 2.500785 0.012942 -0.574250 2.265472 -0.102995 -0.994104 2.547805 0.019158 -0.967236 2.117128 -0.124837 -1.034542 2.493237 -0.003044 -1.002288 2.012070 
-0.131385 0.485069 2.500198 -0.085153 0.294656 2.489676 -0.256702 0.177180 2.564800 0.061854 0.180755 2.415061 -0.302520 -0.091482 2.602467 0.183975 -0.061874 2.365791 -0.309625 -0.302457 2.365791 0.136076 -0.265367 2.489286 -0.313512 -0.363140 2.455471 0.116577 -0.327849 2.223332 -0.074403 -0.057994 2.480063 -0.096260 -0.117476 2.433324 -0.171209 -0.199492 2.448316 -0.025419 -0.180604 2.389937 -0.142417 -0.664412 2.488553 0.015053 -0.573191 2.259290 -0.096266 -0.995145 2.540616 0.021167 -0.967191 2.111723 -0.120512 -1.035971 2.487475 -0.001893 -1.002881 2.008028 
-0.127438 0.486405 2.488731 -0.078940 0.296702 2.477273 -0.248687 0.179096 2.556030 0.065332 0.181996 2.399566 -0.295952 -0.090642 2.597304 0.190442 -0.060145 2.346791 -0.300155 -0.301457 2.346791 0.140034 -0.264173 2.484046 -0.305245 -0.362731 2.450445 0.119895 -0.326737 2.210114 -0.068124 -0.056890 2.467865 -0.091702 -0.116788 2.421972 -0.166261 -0.198789 2.439190 -0.021877 -0.179440 2.376963 -0.137026 -0.661775 2.476910 0.017249 -0.572280 2.253623 -0.089011 -0.996007 2.532934 0.023347 -0.967276 2.107494 -0.115554 -1.037333 2.480914 -0.000628 -1.003673 2.005435 
-0.123575 0.487623 2.478009 -0.073029 0.298631 2.465811 -0.240932 0.180863 2.547954 0.068553 0.183119 2.385287 -0.289646 -0.089882 2.592696 0.196380 -0.058596 2.329182 -0.290370 -0.300584 2.329182 0.143666 -0.263152 2.479541 -0.296624 -0.362650 2.445986 0.122975 -0.325788 2.197821 -0.062090 -0.055892 2.456512 -0.087281 -0.116188 2.411387 -0.161401 -0.198153 2.430672 -0.018451 -0.178385 2.364849 -0.131658 -0.658857 2.466007 0.019504 -0.571513 2.248437 -0.081357 -0.996674 2.524886 0.025694 -0.967484 2.104388 -0.110061 -1.038594 2.473696 0.000750 -1.004647 2.004213 
-0.119891 0.488762 2.468168 -0.067451 0.300412 2.455291 -0.232307 0.182333 2.539266 0.071524 0.184141 2.372178 -0.283273 -0.089273 2.588305 0.201771 -0.057189 2.313023 -0.280310 -0.300322 2.313023 0.146977 -0.262241 2.475746 -0.287676 -0.363373 2.442128 0.125814 -0.324983 2.186428 -0.056414 -0.055040 2.446063 -0.083026 -0.115709 2.401553 -0.156633 -0.197603 2.422727 -0.015204 -0.177451 2.353664 -0.126370 -0.655806 2.455886 0.021792 -0.570883 2.243696 -0.073541 -0.997212 2.516602 0.028213 -0.967809 2.102371 -0.104136 -1.039791 2.465853 0.002300 -1.005769 2.004239 
-0.116396 0.489825 2.459162 -0.062242 0.302073 2.445690 -0.223758 0.183411 2.530753 0.074252 0.185062 2.360220 -0.277010 -0.088877 2.584138 0.206656 -0.055935 2.298213 -0.270021 -0.300702 2.298213 0.149956 -0.261460 2.472667 -0.278245 -0.361702 2.440005 0.128401 -0.324321 2.175889 -0.051082 -0.054321 2.436476 -0.078948 -0.115356 2.392457 -0.151988 -0.197150 2.415360 -0.012117 -0.176660 2.343341 -0.121175 -0.652749 2.446576 0.024114 -0.570403 2.239372 -0.065671 -0.997687 2.508167 0.030846 -0.968260 2.101295 -0.097908 -1.040948 2.457518 0.003959 -1.007044 2.005317 
-0.113066 0.490808 2.450944 -0.057373 0.303615 2.436942 -0.215637 0.184387 2.522934 0.076738 0.185890 2.349345 -0.271005 -0.088535 2.580370 0.211058 -0.054806 2.284791 -0.259214 -0.301349 2.284791 0.152633 -0.260761 2.470756 -0.268194 -0.360768 2.439289 0.130741 -0.323741 2.166272 -0.046111 -0.053690 2.427738 -0.075123 -0.115068 2.384151 -0.147564 -0.196754 2.408613 -0.009249 -0.175961 2.333935 -0.116111 -0.649741 2.438084 0.026459 -0.570032 2.235463 -0.057859 -0.998119 2.499599 0.033553 -0.968783 2.101033 -0.091552 -1.042031 2.448768 0.005657 -1.008400 2.007292 
-0.109944 0.491709 2.443485 -0.052876 0.305027 2.429013 -0.207996 0.185226 2.515748 0.078993 0.186630 2.339504 -0.265285 -0.088262 2.576954 0.215004 -0.053802 2.272639 -0.248441 -0.302236 2.272639 0.155026 -0.260149 2.469875 -0.258055 -0.359571 2.439657 0.132817 -0.323232 2.157531 -0.041508 -0.053142 2.419803 -0.071551 -0.114840 2.376587 -0.143370 -0.196414 2.402454 -0.006596 -0.175352 2.325386 -0.111272 -0.646837 2.430378 0.028809 -0.569762 2.231946 -0.050065 -0.998477 2.491017 0.036290 -0.969368 2.101490 -0.085043 -1.042996 2.439776 0.007365 -1.009816 2.010025 
-0.107044 0.492532 2.436732 -0.048750 0.306309 2.421843 -0.200852 0.185919 2.509168 0.081036 0.187292 2.330620 -0.259851 -0.088065 2.573863 0.218548 -0.052908 2.261705 -0.237611 -0.303461 2.261705 0.157157 -0.259601 2.470531 -0.247845 -0.358235 2.440944 0.134661 -0.322799 2.149576 -0.037259 -0.052671 2.412610 -0.068223 -0.114666 2.369710 -0.139401 -0.196128 2.396845 -0.004143 -0.174822 2.317631 -0.106696 -0.644066 2.423404 0.031162 -0.569588 2.228800 -0.042533 -0.998788 2.482686 0.039016 -0.970004 2.102578 -0.078651 -1.043876 2.430887 0.009044 -1.011272 2.013394 
-0.104332 0.493287 2.430615 -0.044966 0.307477 2.415370 -0.194215 0.186506 2.503172 0.082881 0.187887 2.322613 -0.254709 -0.087923 2.571075 0.221732 -0.052107 2.251877 -0.227160 -0.304794 2.251877 0.159063 -0.259108 2.471921 -0.237676 -0.356800 2.443340 0.136302 -0.322416 2.142373 -0.033351 -0.052260 2.406107 -0.065136 -0.114532 2.363476 -0.135661 -0.195881 2.391751 -0.001890 -0.174355 2.310614 -0.102375 -0.641421 2.417102 0.033518 -0.569492 2.226018 -0.035381 -0.999056 2.474767 0.041700 -0.970667 2.104196 -0.072508 -1.044675 2.422314 0.010673 -1.012731 2.017246 
-0.101816 0.493976 2.425087 -0.041499 0.308536 2.409533 -0.188089 0.187011 2.497749 0.084547 0.188423 2.315392 -0.249857 -0.087824 2.568580 0.224598 -0.051387 2.243035 -0.217161 -0.306174 2.243035 0.160771 -0.258664 2.473920 -0.226820 -0.358135 2.447321 0.137754 -0.322071 2.135871 -0.029757 -0.051902 2.400234 -0.062273 -0.114428 2.357834 -0.132141 -0.195665 2.387137 0.000180 -0.173941 2.304273 -0.098291 -0.638893 2.411417 0.035842 -0.569466 2.223581 -0.028650 -0.999284 2.467249 0.044331 -0.971346 2.106243 -0.066672 -1.045397 2.414068 0.012254 -1.014179 2.021449 
-0.099480 0.494603 2.420097 -0.038326 0.309495 2.404270 -0.182595 0.187508 2.493011 0.086053 0.188907 2.308869 -0.245354 -0.087723 2.566436 0.227185 -0.050732 2.235067 -0.207762 -0.307408 2.235067 0.162310 -0.258258 2.476258 -0.216581 -0.359461 2.451456 0.139059 -0.321765 2.129999 -0.026421 -0.051582 2.394927 -0.059590 -0.114342 2.352728 -0.128796 -0.195467 2.382956 0.002118 -0.173567 2.298540 -0.094416 -0.636465 2.406286 0.038105 -0.569483 2.221452 -0.022436 -0.999450 2.460678 0.046890 -0.972014 2.108657 -0.061286 -1.046017 2.406889 0.013765 -1.015589 2.025958 
-0.097307 0.495173 2.415596 -0.035427 0.310364 2.399523 -0.177685 0.187998 2.488880 0.087416 0.189347 2.302963 -0.241189 -0.087609 2.564641 0.229533 -0.050130 2.227865 -0.199049 -0.308419 2.227865 0.163705 -0.257881 2.478710 -0.207089 -0.360627 2.455451 0.140230 -0.321487 2.124698 -0.023346 -0.051299 2.390136 -0.057106 -0.114272 2.348120 -0.125667 -0.195288 2.379182 0.003908 -0.173232 2.293370 -0.090752 -0.634144 2.401671 0.040303 -0.569540 2.219599 -0.016739 -0.999578 2.454768 0.049328 -0.972669 2.111395 -0.056359 -1.046563 2.400433 0.015148 -1.016952 2.030740 
-0.095277 0.495697 2.411542 -0.032771 0.311150 2.395243 -0.173217 0.188443 2.485177 0.088657 0.189743 2.297608 -0.237311 -0.087511 2.563085 0.231662 -0.049588 2.221354 -0.190851 -0.309313 2.221354 0.164975 -0.257528 2.481196 -0.199429 -0.361212 2.457918 0.141287 -0.321240 2.119905 -0.020499 -0.051045 2.385815 -0.054773 -0.114211 2.343953 -0.122706 -0.195119 2.375763 0.005607 -0.172924 2.288697 -0.087282 -0.631914 2.397515 0.042418 -0.569612 2.217999 -0.011517 -0.999671 2.449364 0.051644 -0.973279 2.114338 -0.051820 -1.047041 2.394490 0.016439 -1.018231 2.035605 
-0.093333 0.496176 2.407891 -0.030331 0.311859 2.391381 -0.169154 0.188865 2.481845 0.089804 0.190096 2.292764 -0.232570 -0.085979 2.562739 0.233578 -0.049120 2.215567 -0.183732 -0.308679 2.215567 0.166118 -0.257211 2.483640 -0.192708 -0.361078 2.460115 0.142236 -0.321027 2.115569 -0.017883 -0.050821 2.381924 -0.052609 -0.114163 2.340195 -0.119944 -0.194958 2.372673 0.007191 -0.172650 2.284484 -0.084020 -0.629783 2.393769 0.044454 -0.569707 2.216619 -0.006777 -0.999732 2.444512 0.053806 -0.973855 2.117410 -0.047685 -1.047451 2.389132 0.017614 -1.019432 2.040466 
-0.091453 0.496618 2.404609 -0.028085 0.312499 2.387907 -0.165478 0.189282 2.478824 0.090888 0.190404 2.288423 -0.228206 -0.084663 2.562306 0.235286 -0.048729 2.210532 -0.177574 -0.308281 2.210532 0.167143 -0.256931 2.485384 -0.186755 -0.361037 2.461884 0.143092 -0.320853 2.111667 -0.015487 -0.050615 2.378426 -0.050604 -0.114112 2.336807 -0.117395 -0.194789 2.369878 0.008672 -0.172404 2.280694 -0.080934 -0.627724 2.390266 0.046403 -0.569816 2.215438 -0.002537 -0.999753 2.440236 0.055813 -0.974388 2.120546 -0.043976 -1.047778 2.384427 0.018692 -1.020541 2.045223 
-0.089640 0.497027 2.401675 -0.026013 0.313073 2.384781 -0.162155 0.189679 2.476094 0.091915 0.190671 2.284556 -0.224360 -0.083808 2.561520 0.236790 -0.048404 2.206281 -0.172208 -0.308283 2.206281 0.168070 -0.256687 2.486558 -0.181435 -0.361261 2.463238 0.143861 -0.320713 2.108190 -0.013291 -0.050421 2.375268 -0.048748 -0.114051 2.333739 -0.115054 -0.194598 2.367306 0.010063 -0.172179 2.277289 -0.078048 -0.625703 2.387046 0.048262 -0.569926 2.214426 0.001396 -0.995157 2.434906 0.057707 -0.974870 2.123782 -0.038234 -1.042731 2.377567 0.019713 -1.021553 2.049930 
-0.087880 0.497400 2.399042 -0.024108 0.313591 2.381954 -0.159150 0.190046 2.473623 0.092889 0.190901 2.281135 -0.220889 -0.083091 2.560648 0.238106 -0.048158 2.202817 -0.167410 -0.308296 2.202817 0.168917 -0.256485 2.487510 -0.176625 -0.361626 2.464303 0.144558 -0.320618 2.105128 -0.011266 -0.050233 2.372381 -0.046993 -0.113974 2.330912 -0.112815 -0.194376 2.364832 0.011403 -0.171961 2.274199 -0.075381 -0.623726 2.384017 0.050018 -0.570024 2.213552 0.004784 -0.989749 2.429738 0.059475 -0.975287 2.127040 -0.032649 -1.036935 2.370783 0.020669 -1.022457 2.054500 
-0.086153 0.497743 2.396621 -0.022352 0.314061 2.379384 -0.156437 0.190377 2.471314 0.093820 0.191094 2.278123 -0.217754 -0.082471 2.559747 0.239229 -0.048018 2.200086 -0.163272 -0.308186 2.200086 0.169726 -0.256356 2.488048 -0.172469 -0.362171 2.464731 0.145241 -0.320564 2.102481 -0.009439 -0.050065 2.369768 -0.045386 -0.113905 2.328346 -0.110769 -0.194163 2.362562 0.012649 -0.171771 2.271423 -0.072955 -0.621858 2.381153 0.051669 -0.570128 2.212775 0.007860 -0.988202 2.426012 0.061117 -0.975666 2.130340 -0.029209 -1.035409 2.366301 0.021594 -1.023277 2.058935 
-0.084449 0.498071 2.394414 -0.020749 0.314486 2.377033 -0.153975 0.190695 2.469188 0.094755 0.191263 2.275466 -0.214896 -0.081906 2.558808 0.240169 -0.047992 2.198060 -0.159894 -0.307889 2.198060 0.170497 -0.256304 2.487886 -0.169169 -0.361999 2.464266 0.145926 -0.320579 2.100249 -0.007787 -0.049910 2.367385 -0.043911 -0.113837 2.325996 -0.108884 -0.193948 2.360437 0.013808 -0.171602 2.268915 -0.070746 -0.620040 2.378289 0.053201 -0.570228 2.212043 0.010660 -0.986777 2.422486 0.062625 -0.975996 2.133673 -0.026075 -1.034007 2.361994 0.022460 -1.024002 2.063272 
-0.082780 0.498376 2.392385 -0.019285 0.314862 2.374862 -0.151751 0.190998 2.467211 0.095681 0.191409 2.273114 -0.212275 -0.081431 2.557759 0.240944 -0.048054 2.196663 -0.157614 -0.307388 2.196663 0.171246 -0.256320 2.486447 -0.166636 -0.361681 2.463042 0.146679 -0.320642 2.098410 -0.006294 -0.049772 2.365195 -0.042547 -0.113777 2.323812 -0.107137 -0.193742 2.358396 0.014880 -0.171470 2.266599 -0.068802 -0.618293 2.375423 0.054632 -0.570353 2.211340 0.013160 -0.985477 2.419142 0.063985 -0.976322 2.137002 -0.023281 -1.032733 2.357863 0.023245 -1.024681 2.067480 
-0.081125 0.498673 2.390450 -0.017946 0.315196 2.372866 -0.149754 0.191292 2.465371 0.096598 0.191547 2.271033 -0.209867 -0.081023 2.556369 0.241567 -0.048185 2.195824 -0.156337 -0.306815 2.195824 0.171999 -0.256396 2.483792 -0.165091 -0.360980 2.460575 0.147489 -0.320733 2.096911 -0.004939 -0.049645 2.363193 -0.041285 -0.113715 2.321785 -0.105520 -0.193532 2.356428 0.015871 -0.171356 2.264478 -0.067293 -0.616632 2.372188 0.055973 -0.570479 2.210671 0.015386 -0.984299 2.415932 0.065214 -0.976603 2.140251 -0.020810 -1.031520 2.353837 0.023960 -1.025279 2.071481 
-0.079459 0.498947 2.388552 -0.016705 0.315486 2.371017 -0.147981 0.191604 2.463577 0.097499 0.191665 2.269179 -0.207659 -0.080554 2.554420 0.242076 -0.048387 2.195435 -0.156076 -0.306049 2.195435 0.172764 -0.256533 2.480126 -0.164594 -0.359739 2.456725 0.148325 -0.320883 2.095674 -0.003703 -0.049531 2.361356 -0.040107 -0.113657 2.319883 -0.104006 -0.193315 2.354459 0.016792 -0.171264 2.262536 -0.066220 -0.615125 2.368650 0.057188 -0.570610 2.210061 0.017060 -0.983350 2.412434 0.066355 -0.976870 2.143395 -0.018974 -1.030459 2.349412 0.024664 -1.025836 2.075232 
-0.077673 0.499214 2.386553 -0.015511 0.315730 2.369213 -0.146480 0.191946 2.461504 0.098414 0.191756 2.267467 -0.205710 -0.080052 2.551438 0.242520 -0.048662 2.195251 -0.157380 -0.304864 2.195251 0.173577 -0.256739 2.473953 -0.166039 -0.358061 2.449561 0.149144 -0.321078 2.094485 -0.002573 -0.049432 2.359611 -0.038975 -0.113602 2.317987 -0.102586 -0.193077 2.352306 0.017680 -0.171209 2.260706 -0.066745 -0.613455 2.362117 0.058334 -0.570763 2.209471 0.017840 -0.982459 2.408177 0.067385 -0.977127 2.146466 -0.018084 -1.029289 2.344052 0.025339 -1.026349 2.078778 
-0.075819 0.499491 2.384449 -0.014376 0.315936 2.367462 -0.145218 0.192321 2.459372 0.099326 0.191845 2.265907 -0.204033 -0.079527 2.547949 0.242875 -0.048967 2.195271 -0.159414 -0.303514 2.195271 0.174391 -0.256976 2.466794 -0.168177 -0.356265 2.441564 0.149966 -0.321291 2.093451 -0.001549 -0.049339 2.357942 -0.037913 -0.113535 2.316117 -0.101285 -0.192803 2.350033 0.018512 -0.171175 2.258990 -0.067986 -0.611861 2.354698 0.059527 -0.571087 2.208849 0.018387 -0.981601 2.403825 0.068269 -0.977487 2.149545 -0.017468 -1.028053 2.338544 0.025937 -1.026784 2.082160 
-0.073926 0.499797 2.382315 -0.013282 0.316109 2.365616 -0.144217 0.192743 2.457055 0.100244 0.191915 2.264479 -0.202619 -0.078916 2.543940 0.243161 -0.049289 2.195443 -0.162148 -0.301949 2.195443 0.175186 -0.257228 2.458834 -0.171094 -0.354297 2.432221 0.150778 -0.321526 2.092527 -0.000623 -0.049241 2.356230 -0.036886 -0.113442 2.314118 -0.100066 -0.192454 2.347333 0.019319 -0.171167 2.257329 -0.070239 -0.610013 2.345251 0.060667 -0.571457 2.208253 0.017739 -0.980809 2.398264 0.069054 -0.977850 2.152475 -0.018070 -1.026799 2.331722 0.026491 -1.027174 2.085296 
-0.071897 0.500105 2.379943 -0.012236 0.316247 2.363718 -0.143476 0.193247 2.454334 0.101181 0.191966 2.263158 -0.201531 -0.078329 2.539067 0.243396 -0.049618 2.195740 -0.165614 -0.300358 2.195740 0.175953 -0.257473 2.449726 -0.174439 -0.352249 2.422352 0.151582 -0.321783 2.091705 0.000192 -0.049137 2.354481 -0.035912 -0.113320 2.312009 -0.098959 -0.192057 2.344416 0.020107 -0.171184 2.255658 -0.073351 -0.607661 2.333944 0.061739 -0.571783 2.207667 0.016289 -0.979818 2.391948 0.069621 -0.978134 2.155301 -0.019414 -1.025374 2.324142 0.026910 -1.027496 2.088234 
-0.069502 0.500524 2.376903 -0.011220 0.316332 2.361484 -0.143134 0.193942 2.450774 0.102157 0.191999 2.261860 -0.201065 -0.077688 2.532095 0.243579 -0.049917 2.195893 -0.170209 -0.298882 2.195893 0.176713 -0.257723 2.439007 -0.179366 -0.352372 2.408770 0.152377 -0.322070 2.090833 0.000874 -0.048969 2.352338 -0.034949 -0.113063 2.309330 -0.098003 -0.191449 2.340537 0.020961 -0.171199 2.253673 -0.077622 -0.604193 2.318776 0.062701 -0.572005 2.207056 0.011642 -0.978533 2.380509 0.070099 -0.978274 2.157923 -0.023800 -1.023849 2.311249 0.027295 -1.027743 2.090918 
-0.067065 0.500944 2.373455 -0.010286 0.316359 2.358953 -0.143164 0.194671 2.446218 0.103145 0.192021 2.260604 -0.200946 -0.076988 2.524265 0.243716 -0.050214 2.196053 -0.175291 -0.297403 2.196053 0.177439 -0.257971 2.427808 -0.184679 -0.352795 2.394987 0.153213 -0.322737 2.089817 0.001399 -0.048774 2.349935 -0.034045 -0.112750 2.306301 -0.097196 -0.190739 2.336060 0.021816 -0.171221 2.251541 -0.082254 -0.600477 2.302108 0.063598 -0.572205 2.206432 0.003849 -0.977145 2.363287 0.070515 -0.978365 2.160367 -0.031079 -1.022399 2.292526 0.027668 -1.027949 2.093367 
-0.064477 0.501401 2.369596 -0.009436 0.316374 2.356061 -0.143507 0.195501 2.441051 0.104152 0.192021 2.259352 -0.201142 -0.076170 2.515769 0.243807 -0.050506 2.196209 -0.180787 -0.295764 2.196209 0.178127 -0.258211 2.416026 -0.190168 -0.353289 2.380988 0.154054 -0.323477 2.088727 0.001764 -0.048517 2.347149 -0.033214 -0.112340 2.302806 -0.096563 -0.189880 2.330888 0.022665 -0.171237 2.249148 -0.087482 -0.596440 2.284065 0.064435 -0.572386 2.205788 -0.005694 -0.975455 2.342528 0.070872 -0.978416 2.162645 -0.039999 -1.020728 2.270227 0.028017 -1.028111 2.095610 
-0.061823 0.501908 2.365268 -0.008665 0.316410 2.352641 -0.144214 0.196400 2.435186 0.105168 0.192007 2.258065 -0.201886 -0.075324 2.506281 0.243844 -0.050772 2.196320 -0.186717 -0.294187 2.196320 0.178691 -0.258398 2.403719 -0.195848 -0.354074 2.366974 0.154809 -0.323902 2.087781 0.001930 -0.048184 2.343828 -0.032498 -0.111825 2.298701 -0.096161 -0.188881 2.324881 0.023478 -0.171237 2.246369 -0.093121 -0.592267 2.265165 0.065211 -0.572565 2.205072 -0.017129 -0.973354 2.317147 0.071184 -0.978442 2.164768 -0.050768 -1.018752 2.242998 0.028351 -1.028229 2.097669 
-0.059091 0.502423 2.360106 -0.008099 0.316398 2.348621 -0.145351 0.197327 2.428480 0.106198 0.191957 2.256668 -0.203120 -0.074437 2.495919 0.243842 -0.051024 2.196373 -0.192930 -0.292690 2.196373 0.179222 -0.258598 2.391177 -0.202376 -0.354947 2.352381 0.155562 -0.324406 2.086661 0.001837 -0.047795 2.339888 -0.031945 -0.111226 2.293922 -0.096010 -0.187807 2.318087 0.024226 -0.171234 2.243047 -0.098836 -0.588159 2.245895 0.065926 -0.572738 2.204237 -0.029223 -0.970962 2.288703 0.071457 -0.978429 2.166779 -0.062112 -1.016538 2.212547 0.028677 -1.028297 2.099586 
-0.056650 0.502879 2.354196 -0.007728 0.316301 2.343809 -0.147008 0.198278 2.420693 0.107239 0.191889 2.255107 -0.204851 -0.073464 2.484747 0.243766 -0.051286 2.196378 -0.199397 -0.291223 2.196378 0.179728 -0.258838 2.378458 -0.208921 -0.355932 2.338028 0.156284 -0.324924 2.085454 0.001476 -0.047372 2.335247 -0.031552 -0.110571 2.288413 -0.096130 -0.186685 2.310377 0.024913 -0.171246 2.239212 -0.104547 -0.584197 2.226387 0.066586 -0.572900 2.203238 -0.042847 -0.968094 2.256537 0.071694 -0.978382 2.168656 -0.074973 -1.013882 2.178094 0.028997 -1.028326 2.101352 
-0.054437 0.503242 2.347327 -0.007705 0.316064 2.337970 -0.149265 0.199248 2.411500 0.108279 0.191775 2.253306 -0.207210 -0.072546 2.472309 0.243602 -0.051561 2.196322 -0.206197 -0.289942 2.196322 0.180190 -0.259092 2.365206 -0.214855 -0.354682 2.325345 0.156981 -0.325456 2.084094 0.000742 -0.046944 2.329643 -0.031381 -0.109885 2.281906 -0.096597 -0.185529 2.301356 0.025516 -0.171299 2.234682 -0.110102 -0.580534 2.206950 0.067202 -0.573023 2.201874 -0.056855 -0.964770 2.221268 0.071885 -0.978271 2.170433 -0.088089 -1.010698 2.140232 0.029314 -1.028305 2.102996 
-0.052568 0.503510 2.337728 -0.008440 0.315729 2.329654 -0.153164 0.199992 2.398106 0.109156 0.191543 2.250148 -0.211170 -0.071653 2.456439 0.242906 -0.051970 2.195538 -0.214502 -0.288701 2.195538 0.180544 -0.259548 2.348823 -0.221410 -0.352978 2.310755 0.157466 -0.326862 2.080696 -0.000944 -0.046604 2.321023 -0.031854 -0.109235 2.272174 -0.097996 -0.184392 2.288098 0.025801 -0.171473 2.227756 -0.116322 -0.577172 2.184552 0.067687 -0.573154 2.199513 -0.071045 -0.960825 2.179737 0.072064 -0.978112 2.172074 -0.100998 -1.006606 2.095714 0.029658 -1.028208 2.104517 
-0.051250 0.503635 2.327062 -0.009689 0.315279 2.320363 -0.157531 0.200626 2.383824 0.109912 0.191282 2.246494 -0.215534 -0.070904 2.439974 0.241924 -0.052398 2.194424 -0.222713 -0.287681 2.194424 0.180792 -0.260030 2.332334 -0.228072 -0.351537 2.295774 0.157828 -0.328395 2.076756 -0.003047 -0.046272 2.311512 -0.032641 -0.108581 2.261609 -0.099688 -0.183281 2.274205 0.025844 -0.171675 2.219922 -0.122237 -0.574058 2.162771 0.068024 -0.573263 2.196512 -0.084427 -0.957109 2.140022 0.072192 -0.977910 2.173588 -0.113092 -1.002827 2.053388 0.029977 -1.028058 2.105906 
-0.050694 0.503750 2.314783 -0.011743 0.314684 2.309302 -0.162634 0.201026 2.368151 0.110359 0.190927 2.241709 -0.220894 -0.070548 2.421983 0.240455 -0.052914 2.192607 -0.231197 -0.287131 2.192607 0.180808 -0.260602 2.314903 -0.234990 -0.349967 2.280170 0.157901 -0.330153 2.071604 -0.005851 -0.046056 2.300267 -0.034010 -0.108046 2.249373 -0.101925 -0.182349 2.259086 0.025410 -0.172049 2.210162 -0.128094 -0.571313 2.140860 0.068177 -0.573388 2.192886 -0.097041 -0.953646 2.101031 0.072285 -0.977720 2.174915 -0.124419 -0.999305 2.012038 0.030255 -1.027920 2.107117 
-0.050749 0.503863 2.301368 -0.014564 0.314013 2.297013 -0.168595 0.201338 2.350894 0.110235 0.190442 2.235282 -0.227014 -0.070274 2.402685 0.238163 -0.053727 2.189393 -0.239820 -0.286845 2.189393 0.180489 -0.261530 2.297254 -0.241941 -0.348419 2.264619 0.157575 -0.332484 2.064764 -0.009342 -0.045960 2.287582 -0.036001 -0.107627 2.235733 -0.104771 -0.181566 2.242620 0.024454 -0.172530 2.199023 -0.134139 -0.568786 2.118056 0.068097 -0.573512 2.188362 -0.107733 -0.951136 2.066790 0.072332 -0.977488 2.176131 -0.133839 -0.996911 1.976194 0.030509 -1.027727 2.108212 
-0.051837 0.503879 2.286092 -0.018408 0.313298 2.282677 -0.175520 0.201630 2.331658 0.109690 0.189983 2.227669 -0.233753 -0.070156 2.382178 0.235086 -0.054649 2.184952 -0.248947 -0.286733 2.184952 0.179758 -0.262583 2.278438 -0.249589 -0.348482 2.247161 0.156850 -0.335010 2.056392 -0.013709 -0.045836 2.273136 -0.038682 -0.107192 2.220448 -0.108213 -0.180850 2.224893 0.022845 -0.173028 2.186036 -0.140132 -0.566544 2.095494 0.067741 -0.573532 2.182950 -0.117511 -0.948674 2.033046 0.072323 -0.977207 2.177191 -0.142193 -0.994539 1.940919 0.030751 -1.027470 2.109136 
-0.053911 0.503919 2.269228 -0.023340 0.312547 2.266538 -0.183207 0.201959 2.311500 0.108104 0.189509 2.217628 -0.241258 -0.070137 2.360496 0.231074 -0.055689 2.178948 -0.258517 -0.286706 2.178948 0.178501 -0.263747 2.258256 -0.258518 -0.350221 2.226393 0.155713 -0.337770 2.046455 -0.018831 -0.045706 2.256848 -0.042122 -0.106747 2.203399 -0.112314 -0.180166 2.205713 0.020543 -0.173531 2.171075 -0.146173 -0.564497 2.072617 0.066863 -0.573472 2.175963 -0.126078 -0.946686 2.002787 0.072298 -0.976827 2.178143 -0.149533 -0.992658 1.909621 0.031004 -1.027069 2.109946 
-0.059327 0.504111 2.246749 -0.031057 0.312185 2.244837 -0.194113 0.202944 2.286013 0.104222 0.189323 2.202329 -0.251776 -0.069815 2.332522 0.224583 -0.056330 2.168349 -0.270061 -0.286492 2.168349 0.175659 -0.264581 2.232328 -0.268802 -0.350620 2.201599 0.152902 -0.340265 2.031549 -0.026526 -0.044989 2.234761 -0.047901 -0.105654 2.180591 -0.118731 -0.178978 2.180882 0.016090 -0.173471 2.150246 -0.153246 -0.562382 2.047085 0.064641 -0.572924 2.165554 -0.134557 -0.944704 1.972155 0.072203 -0.976167 2.178701 -0.156740 -0.990794 1.878149 0.031323 -1.026240 2.110213 
-0.065491 0.504433 2.223973 -0.039250 0.312032 2.222569 -0.205321 0.203992 2.260638 0.099643 0.189325 2.185985 -0.262486 -0.069397 2.304759 0.217622 -0.056895 2.156783 -0.281510 -0.286234 2.156783 0.172390 -0.265349 2.206607 -0.279264 -0.349622 2.177198 0.149850 -0.342741 2.016330 -0.034495 -0.044136 2.212371 -0.053997 -0.104472 2.157612 -0.125357 -0.177773 2.156204 0.011281 -0.173252 2.129056 -0.160096 -0.560456 2.022850 0.061630 -0.572248 2.153059 -0.141848 -0.942973 1.944779 0.072049 -0.975298 2.179010 -0.162817 -0.989157 1.850179 0.031659 -1.025133 2.110171 
-0.073692 0.505285 2.198919 -0.048515 0.312534 2.198596 -0.217554 0.205173 2.234202 0.093482 0.189916 2.167160 -0.274000 -0.068588 2.275636 0.209583 -0.057060 2.143119 -0.293676 -0.285356 2.143119 0.168183 -0.265830 2.178209 -0.289915 -0.348491 2.150853 0.146666 -0.343358 2.001450 -0.043508 -0.042879 2.188183 -0.061214 -0.102949 2.132902 -0.132981 -0.176328 2.130256 0.005253 -0.172588 2.105719 -0.166677 -0.558695 1.999834 0.057261 -0.570999 2.136802 -0.148412 -0.941436 1.919863 0.071714 -0.973946 2.178594 -0.168278 -0.987713 1.824808 0.031944 -1.023489 2.109303 
-0.082669 0.506344 2.173512 -0.059137 0.313447 2.173566 -0.230599 0.206697 2.206889 0.086484 0.190929 2.147220 -0.286116 -0.067188 2.245818 0.200518 -0.056863 2.127541 -0.305566 -0.284036 2.127541 0.163197 -0.266056 2.149597 -0.300662 -0.347119 2.123339 0.142989 -0.343169 1.985446 -0.053159 -0.041149 2.163342 -0.068960 -0.100975 2.107650 -0.141074 -0.174515 2.103670 -0.001158 -0.171400 2.081954 -0.172958 -0.556947 1.978137 0.051412 -0.569074 2.115309 -0.154362 -0.939953 1.896709 0.071073 -0.971912 2.176731 -0.173156 -0.986326 1.801256 0.032154 -1.021047 2.106865 
-0.092729 0.507771 2.147348 -0.070412 0.314643 2.148273 -0.244026 0.208345 2.179097 0.078583 0.192351 2.126091 -0.298889 -0.065269 2.215055 0.191020 -0.056394 2.110984 -0.318109 -0.282052 2.110984 0.157632 -0.265948 2.119232 -0.312093 -0.344432 2.094340 0.138972 -0.342273 1.968562 -0.063324 -0.039169 2.138047 -0.077222 -0.098758 2.082015 -0.149612 -0.172511 2.076765 -0.008041 -0.169849 2.057790 -0.178881 -0.555309 1.957845 0.044285 -0.566658 2.089937 -0.159818 -0.938653 1.876060 0.070481 -0.969183 2.173224 -0.177639 -0.985118 1.780303 0.032665 -1.017709 2.102628 
-0.103253 0.509377 2.121406 -0.082029 0.316188 2.122817 -0.257450 0.210251 2.151427 0.070167 0.194187 2.104666 -0.311692 -0.062882 2.184669 0.181139 -0.055671 2.093541 -0.330322 -0.279533 2.093541 0.151306 -0.265402 2.088877 -0.323579 -0.341145 2.064764 0.134489 -0.340333 1.950744 -0.073717 -0.036903 2.112937 -0.085742 -0.096307 2.056677 -0.158352 -0.170284 2.050276 -0.015212 -0.167979 2.033912 -0.184522 -0.553697 1.938965 0.036769 -0.564773 2.062717 -0.164751 -0.937427 1.857258 0.069199 -0.966484 2.166816 -0.181661 -0.983984 1.761255 0.032678 -1.014060 2.094853 
-0.114092 0.511182 2.095757 -0.093515 0.318040 2.097971 -0.270714 0.212337 2.124310 0.061219 0.196351 2.083030 -0.325027 -0.060142 2.153902 0.170826 -0.054533 2.075455 -0.342380 -0.276332 2.075455 0.144717 -0.264439 2.057036 -0.335063 -0.338134 2.033160 0.129869 -0.337882 1.932919 -0.084101 -0.034520 2.088309 -0.094366 -0.093780 2.031847 -0.167121 -0.168020 2.024495 -0.022628 -0.165894 2.010315 -0.189838 -0.552191 1.921434 0.028734 -0.562660 2.033017 -0.169207 -0.936333 1.840558 0.067930 -0.962924 2.159988 -0.185302 -0.982970 1.744342 0.032791 -1.009345 2.086518 
-0.126713 0.513705 2.067180 -0.106204 0.320639 2.071047 -0.285171 0.214598 2.093632 0.051351 0.199132 2.060035 -0.340105 -0.056172 2.119309 0.159144 -0.052710 2.055054 -0.355395 -0.271369 2.055054 0.137078 -0.262664 2.019848 -0.347457 -0.333370 1.995279 0.124006 -0.334728 1.911659 -0.095648 -0.031655 2.061634 -0.103910 -0.090836 2.005074 -0.176910 -0.165406 1.996170 -0.030797 -0.163267 1.985307 -0.195276 -0.550690 1.904411 0.018853 -0.558287 1.994874 -0.172942 -0.935258 1.825701 0.063995 -0.958082 2.144182 -0.188153 -0.981924 1.729201 0.031059 -1.003592 2.069361 
-0.138409 0.516201 2.040838 -0.118235 0.323242 2.045634 -0.298464 0.216733 2.065377 0.041773 0.202021 2.038050 -0.354334 -0.052260 2.086687 0.147871 -0.050732 2.035327 -0.367740 -0.266377 2.035327 0.129672 -0.260724 1.984337 -0.359681 -0.328151 1.958167 0.118347 -0.331400 1.891416 -0.106506 -0.028775 2.036514 -0.112951 -0.087885 1.979869 -0.186062 -0.162855 1.969796 -0.038639 -0.160499 1.961512 -0.200515 -0.549240 1.888530 0.009357 -0.553520 1.956825 -0.176044 -0.934166 1.812247 0.059498 -0.952680 2.125833 -0.190279 -0.980793 1.715556 0.028862 -0.997223 2.049613 
-0.149405 0.518787 2.015777 -0.129732 0.325899 2.021266 -0.311061 0.219052 2.038091 0.032127 0.205074 2.016308 -0.368105 -0.048061 2.055321 0.136783 -0.048718 2.015862 -0.380036 -0.260497 2.015862 0.122385 -0.258733 1.948589 -0.371546 -0.322311 1.921254 0.112768 -0.328007 1.871788 -0.116813 -0.025944 2.012460 -0.121555 -0.085009 1.955753 -0.194782 -0.160330 1.944208 -0.046082 -0.157743 1.939032 -0.205575 -0.547844 1.873678 0.000153 -0.548371 1.918116 -0.178310 -0.932940 1.800138 0.051983 -0.947134 2.094559 -0.191417 -0.979427 1.703387 0.024164 -0.991043 2.016767 
-0.159660 0.521288 1.992039 -0.140643 0.328519 1.998056 -0.322767 0.221279 2.012083 0.022939 0.208043 1.995697 -0.381386 -0.043595 2.025255 0.126241 -0.046597 1.997125 -0.392194 -0.254071 1.997125 0.115398 -0.256611 1.913616 -0.383258 -0.315958 1.884628 0.107323 -0.324590 1.852873 -0.126593 -0.023216 1.989643 -0.129709 -0.082264 1.932919 -0.202962 -0.157923 1.920099 -0.053204 -0.155055 1.917722 -0.210443 -0.546513 1.859754 -0.008585 -0.543132 1.880098 -0.180082 -0.931689 1.789256 0.041677 -0.941306 2.058106 -0.191992 -0.977984 1.692543 0.016838 -0.984611 1.978885 
-0.169283 0.523675 1.969501 -0.150998 0.331040 1.975929 -0.333574 0.223350 1.987296 0.014151 0.210910 1.975896 -0.394226 -0.039035 1.996603 0.115824 -0.044500 1.978370 -0.403401 -0.247640 1.978370 0.108661 -0.254658 1.880469 -0.394124 -0.309523 1.849595 0.102086 -0.321129 1.834617 -0.135794 -0.020637 1.967834 -0.137375 -0.079672 1.911088 -0.210623 -0.155679 1.896911 -0.059904 -0.152437 1.897415 -0.215087 -0.545279 1.846706 -0.016837 -0.538018 1.843550 -0.180980 -0.930218 1.779805 0.032150 -0.935575 2.022228 -0.191518 -0.976182 1.683319 0.010259 -0.978262 1.941874 
-0.178169 0.525956 1.948251 -0.160626 0.333438 1.955092 -0.343477 0.225303 1.964205 0.005635 0.213654 1.956588 -0.406448 -0.034544 1.969362 0.105935 -0.042443 1.960314 -0.414317 -0.240952 1.960314 0.102230 -0.252710 1.848127 -0.404314 -0.303102 1.815920 0.097091 -0.317831 1.817176 -0.144361 -0.018223 1.947199 -0.144595 -0.077249 1.890405 -0.217795 -0.153592 1.875046 -0.066288 -0.149924 1.878051 -0.219486 -0.544123 1.834493 -0.024614 -0.533123 1.808760 -0.181215 -0.928586 1.771627 0.019306 -0.929704 1.979508 -0.190365 -0.974144 1.675494 0.000228 -0.971922 1.897960 
-0.186793 0.528222 1.926462 -0.170036 0.335814 1.933822 -0.352965 0.227134 1.940925 -0.002795 0.216347 1.936878 -0.418550 -0.029845 1.941971 0.096282 -0.040261 1.942072 -0.424976 -0.233860 1.942072 0.095838 -0.250649 1.815341 -0.414350 -0.296248 1.781848 0.092028 -0.314638 1.799461 -0.152695 -0.015852 1.926292 -0.151648 -0.074892 1.869496 -0.224751 -0.151598 1.852980 -0.072573 -0.147420 1.858480 -0.223720 -0.543071 1.822487 -0.032142 -0.528276 1.774088 -0.180952 -0.926823 1.764649 -0.002978 -0.918400 1.907362 -0.188769 -0.971920 1.668940 -0.019372 -0.959728 1.823038 
-0.194652 0.530273 1.905996 -0.178766 0.338024 1.913538 -0.361612 0.228731 1.918607 -0.010697 0.218807 1.917826 -0.429685 -0.025416 1.916259 0.087215 -0.038175 1.924192 -0.434777 -0.227183 1.924192 0.089558 -0.248570 1.784638 -0.423534 -0.289848 1.750074 0.087077 -0.311656 1.782081 -0.160560 -0.013686 1.906125 -0.158358 -0.072732 1.849289 -0.231358 -0.149779 1.831769 -0.078636 -0.145072 1.839354 -0.227710 -0.542094 1.811116 -0.038982 -0.523988 1.742099 -0.180083 -0.924874 1.758764 -0.018459 -0.897358 1.834880 -0.186539 -0.969447 1.663563 -0.030189 -0.930999 1.767634 
-0.202092 0.532187 1.883834 -0.187066 0.340124 1.892041 -0.369638 0.230177 1.895278 -0.018502 0.221056 1.896729 -0.440347 -0.021073 1.889790 0.078381 -0.036245 1.904673 -0.443921 -0.220799 1.904673 0.083616 -0.246924 1.753641 -0.432041 -0.283620 1.718058 0.082108 -0.308863 1.763796 -0.167942 -0.011706 1.884900 -0.164714 -0.070795 1.828047 -0.237540 -0.148169 1.809487 -0.084437 -0.142899 1.819288 -0.231543 -0.541324 1.799669 -0.045619 -0.519780 1.708626 -0.178356 -0.922456 1.754396 -0.027220 -0.888562 1.771597 -0.183541 -0.966316 1.659773 -0.035805 -0.921379 1.703019 
-0.208714 0.533904 1.863056 -0.194586 0.342013 1.871517 -0.376759 0.231447 1.873550 -0.025593 0.223086 1.876837 -0.449845 -0.017094 1.865558 0.070329 -0.034402 1.886028 -0.451966 -0.214964 1.886028 0.078111 -0.245331 1.725400 -0.439489 -0.278035 1.688944 0.077440 -0.306425 1.746027 -0.174638 -0.009934 1.864541 -0.170502 -0.069061 1.807656 -0.243149 -0.146745 1.788173 -0.089747 -0.140912 1.799892 -0.235095 -0.540660 1.788729 -0.051423 -0.516206 1.678633 -0.176255 -0.920100 1.750456 -0.034581 -0.881287 1.714924 -0.180228 -0.963243 1.656380 -0.040322 -0.913567 1.644856 
-0.214566 0.535417 1.843004 -0.201291 0.343681 1.851577 -0.383027 0.232492 1.852535 -0.031942 0.224944 1.857510 -0.458338 -0.013477 1.842637 0.063051 -0.032701 1.867292 -0.459013 -0.209788 1.867292 0.073026 -0.243903 1.699215 -0.445937 -0.273052 1.662025 0.073007 -0.304217 1.728470 -0.180687 -0.008375 1.844659 -0.175753 -0.067533 1.787733 -0.248238 -0.145548 1.767436 -0.094606 -0.139109 1.780771 -0.238467 -0.540056 1.777866 -0.056620 -0.512996 1.650357 -0.176982 -0.918934 1.745530 -0.040839 -0.874959 1.661601 -0.179975 -0.961714 1.651838 -0.043954 -0.906958 1.589770 
-0.219422 0.536706 1.820804 -0.206999 0.345076 1.828796 -0.388250 0.233458 1.829644 -0.037510 0.226313 1.834858 -0.465618 -0.010244 1.819087 0.056427 -0.031345 1.845558 -0.464739 -0.205130 1.845558 0.068163 -0.242680 1.672814 -0.451252 -0.268647 1.635419 0.068530 -0.302274 1.707374 -0.185961 -0.007030 1.821997 -0.180445 -0.066221 1.765052 -0.252762 -0.144646 1.744037 -0.099057 -0.137428 1.758806 -0.241669 -0.539393 1.765636 -0.061370 -0.509992 1.620186 -0.177943 -0.917844 1.740759 -0.046160 -0.869398 1.607663 -0.180060 -0.960343 1.647471 -0.046981 -0.901421 1.533650 
-0.223413 0.537861 1.799709 -0.211808 0.346311 1.807237 -0.392440 0.234221 1.807570 -0.042251 0.227507 1.813204 -0.471822 -0.007351 1.797071 0.050681 -0.030210 1.824089 -0.469582 -0.201092 1.824089 0.063881 -0.241712 1.648715 -0.455738 -0.264780 1.611192 0.064462 -0.300495 1.686556 -0.190515 -0.005842 1.800464 -0.184503 -0.065056 1.743494 -0.256648 -0.143844 1.721847 -0.102977 -0.135898 1.737835 -0.244570 -0.538692 1.753352 -0.065584 -0.507300 1.592471 -0.179114 -0.916860 1.736113 -0.050753 -0.864580 1.558248 -0.180396 -0.959137 1.643248 -0.049491 -0.896763 1.482096 
-0.226320 0.538812 1.778311 -0.215619 0.347323 1.785500 -0.395471 0.234878 1.785526 -0.046157 0.228413 1.790685 -0.476847 -0.004890 1.775801 0.045882 -0.029179 1.802415 -0.473476 -0.197758 1.802415 0.060251 -0.240728 1.626210 -0.459384 -0.261377 1.588859 0.060819 -0.298827 1.664863 -0.194141 -0.004921 1.778381 -0.187791 -0.064142 1.721345 -0.259757 -0.143179 1.699358 -0.106237 -0.134575 1.715922 -0.247150 -0.537919 1.740469 -0.069316 -0.505100 1.566144 -0.180515 -0.915943 1.731541 -0.054854 -0.860744 1.513082 -0.181055 -0.958050 1.639109 -0.051828 -0.893209 1.434907 
-0.228294 0.539630 1.757087 -0.218282 0.348228 1.763620 -0.397398 0.235484 1.763668 -0.049190 0.229225 1.768218 -0.480740 -0.002726 1.755415 0.041942 -0.028219 1.779755 -0.476396 -0.194911 1.779755 0.057284 -0.239777 1.605150 -0.462236 -0.258360 1.568140 0.057698 -0.297171 1.642048 -0.196857 -0.004122 1.756024 -0.190302 -0.063339 1.698913 -0.262054 -0.142545 1.676482 -0.108878 -0.133354 1.693724 -0.249360 -0.537017 1.726632 -0.072462 -0.504954 1.542472 -0.182164 -0.915067 1.726839 -0.058351 -0.858168 1.470397 -0.182019 -0.957049 1.634871 -0.053861 -0.890320 1.390715 
-0.228034 0.540814 1.732178 -0.218865 0.349402 1.737714 -0.396494 0.236222 1.737255 -0.050414 0.230308 1.740974 -0.482254 -0.000696 1.733070 0.039627 -0.027166 1.751685 -0.477558 -0.192705 1.751685 0.055581 -0.238750 1.583880 -0.463757 -0.256323 1.547565 0.055343 -0.294845 1.614276 -0.198031 -0.003412 1.729010 -0.191514 -0.062647 1.671742 -0.263036 -0.141696 1.649013 -0.110545 -0.132206 1.666557 -0.250831 -0.535608 1.708101 -0.074638 -0.505659 1.518081 -0.184201 -0.914100 1.720790 -0.060255 -0.856416 1.428645 -0.183426 -0.956025 1.629401 -0.054500 -0.888263 1.347510 
-0.226965 0.541970 1.708163 -0.218582 0.350631 1.712532 -0.394806 0.237153 1.712032 -0.050828 0.231417 1.714752 -0.482895 0.001121 1.712135 0.038161 -0.025994 1.724419 -0.477908 -0.190843 1.724419 0.054508 -0.237572 1.564202 -0.464549 -0.254608 1.528496 0.053583 -0.292626 1.587089 -0.198340 -0.002588 1.702620 -0.191933 -0.061811 1.645193 -0.263218 -0.140631 1.622111 -0.111451 -0.130982 1.639997 -0.251877 -0.533895 1.688381 -0.076443 -0.506624 1.495538 -0.186612 -0.913078 1.713847 -0.061935 -0.855073 1.391408 -0.185287 -0.954996 1.623070 -0.055100 -0.886643 1.309011 
-0.223061 0.542721 1.680196 -0.215846 0.352453 1.683119 -0.390274 0.239116 1.682285 -0.048664 0.233371 1.684183 -0.480730 0.003438 1.688393 0.038884 -0.023961 1.692199 -0.476690 -0.189258 1.692199 0.054559 -0.235336 1.544333 -0.464150 -0.252774 1.509983 0.053062 -0.289616 1.554336 -0.196506 -0.001189 1.671855 -0.190334 -0.060380 1.614262 -0.261398 -0.138804 1.591075 -0.110470 -0.129286 1.608714 -0.253484 -0.531145 1.658249 -0.077822 -0.507936 1.474334 -0.192474 -0.911692 1.698688 -0.063641 -0.854091 1.358972 -0.190727 -0.953743 1.608618 -0.055833 -0.885418 1.275507 
-0.218701 0.543248 1.653636 -0.212600 0.354184 1.655303 -0.385253 0.241066 1.654125 -0.045948 0.235269 1.655081 -0.477854 0.005594 1.666045 0.040316 -0.021986 1.661273 -0.474820 -0.187908 1.661273 0.055178 -0.233040 1.525716 -0.463192 -0.251155 1.492783 0.053209 -0.286654 1.522748 -0.194211 0.000126 1.642772 -0.188335 -0.059029 1.585032 -0.259229 -0.137028 1.561929 -0.109076 -0.127711 1.578972 -0.255245 -0.532074 1.634885 -0.078718 -0.509482 1.454287 -0.200013 -0.911250 1.677364 -0.064822 -0.853419 1.329222 -0.197909 -0.952592 1.587874 -0.056194 -0.884510 1.244813 
-0.213577 0.543428 1.627481 -0.208482 0.355876 1.627746 -0.379216 0.243088 1.625992 -0.042424 0.237165 1.626457 -0.474058 0.007746 1.644138 0.042677 -0.019853 1.630483 -0.472264 -0.186771 1.630483 0.056429 -0.230393 1.507953 -0.461684 -0.249710 1.476597 0.054121 -0.283366 1.489994 -0.191315 0.001429 1.614327 -0.185776 -0.057702 1.556494 -0.256504 -0.135199 1.533451 -0.107208 -0.126221 1.550099 -0.256751 -0.533539 1.608150 -0.079181 -0.511211 1.435525 -0.208708 -0.910862 1.647269 -0.065614 -0.852992 1.302337 -0.206294 -0.951317 1.558352 -0.056274 -0.883852 1.217105 
-0.206350 0.543225 1.598003 -0.202812 0.357618 1.597701 -0.371465 0.245313 1.595206 -0.037507 0.239251 1.595211 -0.468537 0.010159 1.620019 0.046994 -0.017019 1.596004 -0.468050 -0.185620 1.596004 0.058967 -0.226794 1.488338 -0.459071 -0.248002 1.459140 0.056496 -0.279938 1.452059 -0.187125 0.002922 1.583477 -0.182026 -0.056147 1.525574 -0.252646 -0.132931 1.503081 -0.104227 -0.124603 1.518372 -0.258558 -0.535070 1.575711 -0.079214 -0.513113 1.417931 -0.220204 -0.909570 1.604779 -0.066179 -0.852736 1.278468 -0.217590 -0.948949 1.516361 -0.056247 -0.883350 1.192516 
-0.199167 0.542998 1.570326 -0.197082 0.359293 1.569744 -0.363778 0.247364 1.566500 -0.032575 0.241240 1.566322 -0.462751 0.012495 1.597177 0.051499 -0.014280 1.564083 -0.463590 -0.184622 1.564083 0.061737 -0.223186 1.469962 -0.456086 -0.246404 1.442655 0.059132 -0.276530 1.416436 -0.182918 0.004352 1.554819 -0.178254 -0.054660 1.496847 -0.248777 -0.130695 1.474844 -0.101220 -0.123107 1.488944 -0.260145 -0.536601 1.543070 -0.078961 -0.515083 1.401514 -0.231485 -0.908037 1.560298 -0.066438 -0.852691 1.256828 -0.228712 -0.946324 1.472293 -0.056025 -0.883058 1.170224 
-0.191496 0.542701 1.543131 -0.191158 0.360958 1.543026 -0.356139 0.249382 1.539234 -0.027476 0.243218 1.538800 -0.456604 0.014892 1.574958 0.056248 -0.011462 1.533747 -0.458707 -0.183578 1.533747 0.064764 -0.219367 1.451893 -0.452595 -0.244877 1.426360 0.062158 -0.272556 1.382174 -0.178548 0.005790 1.527599 -0.174337 -0.053175 1.469591 -0.244780 -0.128420 1.448068 -0.098060 -0.121704 1.461072 -0.261460 -0.537964 1.508815 -0.078500 -0.517091 1.386224 -0.242596 -0.905869 1.511277 -0.066496 -0.852829 1.237315 -0.239748 -0.943044 1.423597 -0.055706 -0.882945 1.150110 
-0.183808 0.542456 1.517097 -0.185275 0.362636 1.517799 -0.348599 0.251255 1.513295 -0.022380 0.245190 1.512623 -0.450287 0.017192 1.553230 0.061204 -0.008401 1.504796 -0.453407 -0.182633 1.504796 0.068007 -0.215335 1.434026 -0.448596 -0.243385 1.409943 0.065322 -0.268556 1.349476 -0.174108 0.007202 1.501825 -0.170341 -0.051722 1.443765 -0.240724 -0.126176 1.422870 -0.094772 -0.120346 1.434479 -0.262621 -0.539131 1.474320 -0.077933 -0.519115 1.371851 -0.253402 -0.903265 1.460997 -0.066506 -0.853085 1.219670 -0.250545 -0.939352 1.373554 -0.055408 -0.882959 1.131912 
-0.176177 0.542206 1.491779 -0.179469 0.364298 1.493751 -0.341319 0.252985 1.488836 -0.017386 0.247064 1.487789 -0.443846 0.019514 1.532146 0.066107 -0.005337 1.477594 -0.447834 -0.181596 1.477594 0.071352 -0.211271 1.416289 -0.444224 -0.241860 1.393406 0.068468 -0.264645 1.318599 -0.169634 0.008553 1.477397 -0.166308 -0.050358 1.419313 -0.236639 -0.124017 1.399120 -0.091406 -0.119105 1.409283 -0.263400 -0.540151 1.439978 -0.077235 -0.521102 1.358654 -0.263170 -0.900448 1.410726 -0.066264 -0.853573 1.204020 -0.260376 -0.935506 1.323455 -0.054957 -0.883212 1.115728 
-0.168244 0.542040 1.465794 -0.173576 0.366041 1.469227 -0.333748 0.254547 1.463579 -0.012236 0.249006 1.462466 -0.436820 0.022058 1.509069 0.071534 -0.001879 1.449989 -0.441111 -0.180212 1.449989 0.075008 -0.206787 1.395675 -0.438610 -0.240131 1.373728 0.071777 -0.260487 1.287426 -0.164940 0.009908 1.452791 -0.162014 -0.049034 1.394713 -0.232279 -0.121850 1.375558 -0.087759 -0.117925 1.383727 -0.263760 -0.540953 1.404544 -0.076447 -0.523084 1.346215 -0.271983 -0.897277 1.359032 -0.065918 -0.854230 1.190159 -0.269250 -0.931365 1.271899 -0.054456 -0.883665 1.101377 
-0.160784 0.541795 1.441459 -0.168058 0.367610 1.446493 -0.326677 0.255910 1.440211 -0.007449 0.250747 1.438816 -0.430143 0.024399 1.487500 0.076696 0.001422 1.424622 -0.434580 -0.178911 1.424622 0.078453 -0.202597 1.376073 -0.433042 -0.238938 1.354538 0.074846 -0.256704 1.259035 -0.160440 0.011107 1.429917 -0.157898 -0.047865 1.371837 -0.228047 -0.119855 1.353570 -0.084271 -0.116879 1.360066 -0.263924 -0.541688 1.370793 -0.075542 -0.525034 1.334620 -0.279844 -0.894300 1.310658 -0.065356 -0.855066 1.177899 -0.277232 -0.927502 1.223624 -0.053826 -0.884308 1.088662 
-0.153553 0.541400 1.415933 -0.162671 0.369040 1.422828 -0.319695 0.256991 1.416183 -0.002848 0.252265 1.414519 -0.423311 0.026723 1.464389 0.081846 0.004772 1.399447 -0.427521 -0.177394 1.399447 0.081756 -0.198577 1.353857 -0.426788 -0.237516 1.331823 0.077686 -0.253061 1.231198 -0.155830 0.012183 1.406705 -0.153630 -0.046870 1.348699 -0.223594 -0.117998 1.331412 -0.080626 -0.115982 1.336303 -0.263901 -0.542303 1.336368 -0.074546 -0.526967 1.323657 -0.287117 -0.891222 1.262093 -0.064659 -0.856067 1.167250 -0.284650 -0.923624 1.175145 -0.053122 -0.885150 1.077614 
