55
-0.499463 0.779570 3.021230 -0.477212 0.573149 3.030430 -0.667406 0.428332 2.984174 -0.281158 0.468568 3.055328 -0.764526 0.149538 2.977637 -0.144664 0.159891 3.057693 -0.757325 -0.113935 3.057693 -0.102588 -0.100387 2.896897 -0.749018 -0.156602 2.893580 -0.105073 -0.143184 2.983494 -0.450573 0.172333 3.019015 -0.434586 0.105428 2.953876 -0.514829 0.010750 2.917507 -0.338681 0.023622 2.954964 -0.502860 -0.515861 3.031779 -0.282806 -0.498191 2.891716 -0.500385 -0.899264 3.074029 -0.213864 -0.860066 2.757647 -0.535250 -0.949418 3.000064 -0.191816 -0.907938 2.657591 
-0.503531 0.778182 3.005077 -0.481429 0.571612 3.013733 -0.672789 0.427169 2.969996 -0.285407 0.465677 3.037580 -0.769765 0.148682 2.965439 -0.150567 0.157626 3.039483 -0.762993 -0.114533 3.039483 -0.108873 -0.102729 2.884536 -0.754488 -0.155952 2.881233 -0.111527 -0.145074 2.969508 -0.455594 0.170548 3.003598 -0.440109 0.103488 2.938505 -0.520969 0.008878 2.902050 -0.344004 0.021190 2.939983 -0.506911 -0.515738 3.023823 -0.290465 -0.495977 2.862774 -0.500541 -0.899119 3.073555 -0.224217 -0.855462 2.698968 -0.535310 -0.949464 3.000206 -0.204760 -0.901010 2.592438 
-0.506579 0.776676 2.986570 -0.485295 0.569919 2.995520 -0.677529 0.425795 2.955113 -0.288998 0.462829 3.019498 -0.774120 0.147643 2.951736 -0.155781 0.155463 3.021234 -0.767927 -0.115444 3.021234 -0.114808 -0.105042 2.872267 -0.759208 -0.155513 2.869177 -0.117496 -0.146977 2.955734 -0.460083 0.168653 2.987179 -0.445042 0.101413 2.922241 -0.526506 0.006945 2.886519 -0.348642 0.018608 2.923343 -0.510971 -0.515984 3.015387 -0.297222 -0.496289 2.833007 -0.500739 -0.898999 3.073007 -0.233692 -0.854597 2.643260 -0.535418 -0.949550 3.000352 -0.216033 -0.895837 2.535021 
-0.508626 0.775156 2.967501 -0.488368 0.568241 2.976165 -0.681248 0.424065 2.938151 -0.291425 0.459365 2.998736 -0.777778 0.146031 2.936974 -0.160229 0.153435 3.002582 -0.771956 -0.116890 3.002582 -0.119911 -0.107173 2.859867 -0.763030 -0.155229 2.856788 -0.123064 -0.149239 2.937641 -0.463799 0.166566 2.969206 -0.449244 0.099123 2.904397 -0.531322 0.004789 2.869433 -0.352603 0.015876 2.905419 -0.514932 -0.516378 3.006210 -0.303210 -0.496766 2.805832 -0.500961 -0.898900 3.072409 -0.241984 -0.853450 2.595430 -0.535552 -0.949654 3.000484 -0.225857 -0.891653 2.486059 
-0.508062 0.773488 2.943086 -0.489263 0.566298 2.952267 -0.682510 0.421952 2.915577 -0.291654 0.455543 2.972076 -0.779971 0.145254 2.919293 -0.162814 0.151495 2.976729 -0.774111 -0.117500 2.976729 -0.124034 -0.109432 2.843236 -0.764875 -0.155470 2.841078 -0.127402 -0.151222 2.917399 -0.465784 0.164066 2.946622 -0.451828 0.096389 2.881985 -0.534627 0.002311 2.847831 -0.355050 0.012730 2.882893 -0.518653 -0.516765 2.994802 -0.308361 -0.496940 2.779621 -0.501202 -0.898829 3.071756 -0.249072 -0.852326 2.554220 -0.535704 -0.949759 3.000575 -0.234430 -0.888065 2.443523 
-0.504460 0.771915 2.912963 -0.486867 0.564917 2.923113 -0.681001 0.420158 2.887639 -0.289361 0.452730 2.942593 -0.780041 0.144424 2.897238 -0.162691 0.149925 2.945598 -0.775348 -0.118435 2.945598 -0.126737 -0.111372 2.826051 -0.765695 -0.155512 2.824636 -0.130129 -0.153594 2.888296 -0.465417 0.162261 2.919132 -0.452074 0.094350 2.854793 -0.535807 0.000514 2.821782 -0.355339 0.010158 2.855577 -0.522001 -0.517470 2.982170 -0.311916 -0.499953 2.751518 -0.501545 -0.898792 3.070750 -0.255270 -0.851302 2.518194 -0.535937 -0.949930 3.000602 -0.242145 -0.885570 2.405361 
-0.499933 0.770638 2.883355 -0.483668 0.563641 2.894361 -0.678702 0.418765 2.860499 -0.285868 0.450360 2.912649 -0.779184 0.143483 2.874749 -0.161565 0.148612 2.915002 -0.775382 -0.119492 2.915002 -0.128501 -0.113058 2.808211 -0.765774 -0.155503 2.808116 -0.132043 -0.155658 2.859694 -0.464122 0.160747 2.892031 -0.451476 0.092631 2.827995 -0.536055 -0.000989 2.796019 -0.354809 0.007976 2.828542 -0.524888 -0.518272 2.968288 -0.314817 -0.502953 2.725714 -0.502076 -0.898736 3.069153 -0.260827 -0.850245 2.486280 -0.536192 -0.950190 3.000550 -0.249011 -0.883246 2.371380 
-0.491920 0.770080 2.847680 -0.476761 0.563379 2.859296 -0.672907 0.418663 2.828003 -0.279058 0.448859 2.877070 -0.776229 0.143872 2.848882 -0.156724 0.147669 2.878023 -0.772815 -0.119120 2.878023 -0.127336 -0.114283 2.784256 -0.762969 -0.154548 2.785668 -0.131466 -0.157108 2.823187 -0.459854 0.160160 2.859008 -0.448085 0.091775 2.795388 -0.533562 -0.001513 2.764687 -0.351767 0.006641 2.795689 -0.527412 -0.519237 2.952195 -0.316820 -0.505391 2.699804 -0.502982 -0.898725 3.066467 -0.265834 -0.849194 2.457618 -0.536499 -0.950606 3.000462 -0.255153 -0.881366 2.340927 
-0.483458 0.769838 2.813835 -0.469560 0.563332 2.825789 -0.666305 0.418929 2.795997 -0.271841 0.447795 2.843113 -0.772412 0.144630 2.823114 -0.150905 0.147655 2.841814 -0.769543 -0.118444 2.841814 -0.125475 -0.114688 2.760521 -0.759435 -0.153348 2.763027 -0.130085 -0.158156 2.787240 -0.455029 0.159888 2.826998 -0.444006 0.091285 2.763700 -0.530269 -0.001689 2.734031 -0.348020 0.005754 2.763748 -0.529486 -0.519829 2.933706 -0.318328 -0.507759 2.676015 -0.504027 -0.898692 3.063088 -0.270348 -0.848297 2.431725 -0.536918 -0.951105 2.999966 -0.260520 -0.880196 2.314080 
-0.474415 0.770193 2.780792 -0.461757 0.563693 2.791857 -0.658906 0.419448 2.764150 -0.263573 0.447318 2.809509 -0.767391 0.145644 2.796309 -0.144228 0.148088 2.806304 -0.765485 -0.117662 2.806304 -0.122621 -0.114504 2.736635 -0.754501 -0.151276 2.737960 -0.127651 -0.158844 2.752143 -0.449383 0.160178 2.794956 -0.439057 0.091339 2.732049 -0.526127 -0.001485 2.703439 -0.343279 0.005457 2.731912 -0.531490 -0.520290 2.914339 -0.319297 -0.510058 2.653751 -0.505345 -0.898710 3.058745 -0.274328 -0.847650 2.408795 -0.537453 -0.951751 2.999161 -0.265054 -0.879815 2.291165 
-0.463061 0.771104 2.743528 -0.451677 0.564698 2.755388 -0.649691 0.420782 2.730284 -0.252865 0.447646 2.772060 -0.760582 0.147089 2.766972 -0.134604 0.149767 2.766999 -0.759400 -0.115996 2.766999 -0.116937 -0.112965 2.706797 -0.747954 -0.148821 2.707132 -0.122575 -0.158577 2.711962 -0.441611 0.161185 2.759284 -0.432234 0.092187 2.696668 -0.520263 -0.000483 2.669420 -0.336755 0.005973 2.695831 -0.534198 -0.519113 2.884641 -0.319552 -0.512289 2.631776 -0.507221 -0.896771 3.049546 -0.277750 -0.847268 2.388916 -0.536855 -0.948792 2.988432 -0.268695 -0.880292 2.272300 
-0.452345 0.772008 2.709400 -0.441850 0.565678 2.721499 -0.640402 0.422152 2.698166 -0.242699 0.448159 2.737695 -0.753549 0.148464 2.739019 -0.125199 0.151238 2.729923 -0.753295 -0.114390 2.729923 -0.111079 -0.111638 2.678110 -0.741459 -0.146486 2.677760 -0.117151 -0.157764 2.673618 -0.434109 0.162246 2.726300 -0.425550 0.093100 2.663928 -0.514405 0.000610 2.637746 -0.330411 0.006600 2.662550 -0.536481 -0.516198 2.847894 -0.319388 -0.514355 2.611439 -0.509661 -0.892872 3.034487 -0.280595 -0.847118 2.372174 -0.535976 -0.943332 2.970593 -0.271433 -0.881588 2.257577 
-0.442199 0.773067 2.677862 -0.432391 0.566732 2.689821 -0.630956 0.423507 2.667236 -0.232599 0.448968 2.705159 -0.745894 0.149361 2.711016 -0.115635 0.152522 2.694495 -0.746941 -0.113275 2.694495 -0.104724 -0.110383 2.649168 -0.734802 -0.144127 2.648342 -0.111243 -0.156663 2.636133 -0.426648 0.163372 2.695099 -0.418788 0.094110 2.632874 -0.508346 0.001809 2.607633 -0.323945 0.007347 2.630828 -0.538412 -0.512742 2.808731 -0.318892 -0.516208 2.592659 -0.512164 -0.887908 3.016241 -0.282840 -0.847213 2.358698 -0.534808 -0.936585 2.949024 -0.273173 -0.883814 2.247375 
-0.431522 0.774245 2.645272 -0.422207 0.568151 2.658069 -0.621220 0.425021 2.636809 -0.222023 0.449830 2.670573 -0.737216 0.150006 2.681720 -0.104560 0.153993 2.657701 -0.740083 -0.112206 2.657701 -0.096636 -0.108699 2.617586 -0.727799 -0.145885 2.615328 -0.102291 -0.154481 2.595149 -0.418089 0.164742 2.662960 -0.411138 0.095399 2.600767 -0.501309 0.003446 2.576704 -0.316670 0.008481 2.597466 -0.538659 -0.503733 2.752703 -0.318053 -0.517892 2.575182 -0.515789 -0.878163 2.977098 -0.284510 -0.847538 2.348488 -0.534090 -0.924419 2.904822 -0.274093 -0.886606 2.241086 
-0.421825 0.775451 2.616027 -0.412465 0.569535 2.628386 -0.611943 0.426528 2.608593 -0.212329 0.450731 2.639494 -0.728943 0.150674 2.654697 -0.094032 0.155712 2.623762 -0.733381 -0.111074 2.623762 -0.088272 -0.106741 2.587929 -0.720995 -0.147705 2.583385 -0.093513 -0.151828 2.557199 -0.410078 0.166133 2.633502 -0.403915 0.096678 2.571395 -0.494594 0.005050 2.548263 -0.309873 0.009607 2.567237 -0.538278 -0.495033 2.698359 -0.317052 -0.519423 2.559164 -0.518477 -0.869802 2.931120 -0.285687 -0.848084 2.341434 -0.535443 -0.921202 2.871542 -0.274191 -0.889857 2.238405 
-0.412718 0.776989 2.587776 -0.402992 0.571178 2.599713 -0.602738 0.428202 2.580335 -0.202865 0.451937 2.609014 -0.720281 0.151417 2.627254 -0.083462 0.158247 2.589968 -0.726828 -0.110023 2.589968 -0.078131 -0.103221 2.559018 -0.714136 -0.145999 2.554101 -0.083159 -0.147424 2.517794 -0.401831 0.167723 2.603967 -0.396311 0.098229 2.541744 -0.487349 0.006895 2.519163 -0.302632 0.011065 2.536733 -0.534611 -0.492556 2.642185 -0.315828 -0.520869 2.544253 -0.519666 -0.865317 2.861901 -0.286361 -0.848813 2.337265 -0.536377 -0.918681 2.802585 -0.273654 -0.893384 2.238823 
-0.404491 0.778509 2.561810 -0.394382 0.572880 2.572761 -0.594308 0.429944 2.554606 -0.194203 0.453081 2.580868 -0.712165 0.152140 2.601744 -0.073848 0.160711 2.559134 -0.720802 -0.108977 2.559134 -0.068860 -0.100032 2.531966 -0.707736 -0.144356 2.527321 -0.073474 -0.143197 2.481538 -0.394179 0.169294 2.576831 -0.389262 0.099697 2.514583 -0.480564 0.008617 2.492628 -0.295936 0.012482 2.508842 -0.530277 -0.491087 2.589170 -0.314513 -0.522174 2.530560 -0.518600 -0.862350 2.781860 -0.286582 -0.849723 2.335725 -0.537153 -0.916490 2.721708 -0.272491 -0.897113 2.241817 
-0.397008 0.780186 2.536438 -0.386371 0.574485 2.545607 -0.586515 0.431718 2.529136 -0.186040 0.454189 2.553428 -0.704432 0.153000 2.576600 -0.064903 0.163453 2.528791 -0.715193 -0.107984 2.528791 -0.059194 -0.096056 2.506520 -0.701666 -0.142711 2.501921 -0.063672 -0.138881 2.444583 -0.386672 0.171050 2.549641 -0.382211 0.101384 2.487409 -0.473654 0.010460 2.465926 -0.289118 0.014081 2.481154 -0.524139 -0.490555 2.532022 -0.313013 -0.523232 2.517521 -0.517602 -0.858038 2.665262 -0.286420 -0.850782 2.336422 -0.537470 -0.913295 2.609686 -0.270776 -0.900949 2.246932 
-0.390351 0.781746 2.513182 -0.379281 0.576012 2.520993 -0.579443 0.433369 2.505369 -0.178798 0.455297 2.528177 -0.697324 0.153785 2.553092 -0.056855 0.166053 2.501037 -0.710127 -0.107117 2.501037 -0.050613 -0.092522 2.483070 -0.696191 -0.141168 2.478779 -0.054940 -0.134736 2.410808 -0.379831 0.172663 2.524538 -0.375706 0.102965 2.462190 -0.467164 0.012210 2.440986 -0.282793 0.015621 2.455394 -0.518064 -0.489440 2.479493 -0.311512 -0.524265 2.505355 -0.517214 -0.850711 2.548491 -0.285956 -0.852004 2.338872 -0.538458 -0.907420 2.497543 -0.268710 -0.904792 2.253618 
-0.384881 0.783062 2.488834 -0.373451 0.577515 2.495517 -0.573387 0.434732 2.479876 -0.173034 0.456136 2.501450 -0.691074 0.154054 2.528042 -0.049835 0.168251 2.472525 -0.705696 -0.106900 2.472525 -0.042893 -0.089643 2.460689 -0.691578 -0.139782 2.456666 -0.047429 -0.130754 2.378172 -0.373647 0.173945 2.498616 -0.369714 0.104153 2.436160 -0.460978 0.013594 2.415253 -0.276949 0.016913 2.429077 -0.511736 -0.486350 2.425498 -0.309875 -0.525198 2.493379 -0.517727 -0.850360 2.455066 -0.285251 -0.853308 2.342840 -0.536734 -0.906329 2.399951 -0.266403 -0.908531 2.261457 
-0.380278 0.784179 2.466434 -0.368424 0.578843 2.472135 -0.568175 0.435961 2.456538 -0.168115 0.456883 2.477027 -0.685602 0.154255 2.504966 -0.043679 0.170160 2.446866 -0.701876 -0.106749 2.446866 -0.036371 -0.087144 2.439358 -0.687540 -0.138623 2.436100 -0.040906 -0.127201 2.348749 -0.368153 0.175092 2.474608 -0.364361 0.105244 2.411997 -0.455366 0.014841 2.391194 -0.271718 0.018134 2.404544 -0.506088 -0.483565 2.377652 -0.308205 -0.526051 2.482264 -0.517605 -0.850184 2.370218 -0.284360 -0.854653 2.347930 -0.534401 -0.905320 2.311065 -0.263963 -0.912113 2.270036 
-0.378092 0.784972 2.441622 -0.365315 0.579960 2.446611 -0.564895 0.436914 2.430965 -0.165342 0.457616 2.450377 -0.681719 0.154280 2.478590 -0.039111 0.171737 2.420981 -0.699028 -0.106884 2.420981 -0.031495 -0.085262 2.417732 -0.684820 -0.137861 2.414727 -0.035978 -0.124041 2.320311 -0.363900 0.176034 2.448299 -0.360116 0.106170 2.385491 -0.450651 0.015900 2.364444 -0.267506 0.019262 2.377937 -0.500931 -0.479939 2.328578 -0.306350 -0.526569 2.470320 -0.516763 -0.850412 2.292913 -0.283368 -0.855989 2.353692 -0.531436 -0.905575 2.229449 -0.261437 -0.915524 2.278969 
-0.376898 0.785580 2.418391 -0.363136 0.580893 2.422817 -0.562699 0.437655 2.406747 -0.163418 0.458278 2.425706 -0.678871 0.153720 2.453555 -0.035405 0.173143 2.397287 -0.696825 -0.107572 2.397287 -0.027615 -0.083464 2.396461 -0.682620 -0.137260 2.394060 -0.031868 -0.121269 2.294785 -0.360518 0.176847 2.423801 -0.356678 0.106991 2.360816 -0.446722 0.016789 2.339654 -0.264090 0.020296 2.352995 -0.496416 -0.476735 2.285430 -0.304448 -0.526325 2.457665 -0.515876 -0.850790 2.225109 -0.282357 -0.857262 2.359699 -0.528573 -0.906002 2.157909 -0.258872 -0.918753 2.288049 
-0.377506 0.785898 2.395095 -0.362729 0.581543 2.398094 -0.562157 0.437900 2.382117 -0.162893 0.458850 2.401360 -0.677157 0.152922 2.428016 -0.032801 0.174301 2.374810 -0.695729 -0.108540 2.374810 -0.024610 -0.082080 2.374942 -0.681043 -0.137234 2.373674 -0.028697 -0.118853 2.271414 -0.358448 0.177492 2.398705 -0.354414 0.107669 2.335614 -0.443964 0.017421 2.314017 -0.261667 0.021207 2.327937 -0.492464 -0.474009 2.246601 -0.302810 -0.526119 2.445330 -0.515025 -0.851401 2.165488 -0.281447 -0.858469 2.365776 -0.525915 -0.906692 2.095126 -0.256318 -0.921773 2.297077 
-0.379249 0.786008 2.372502 -0.363545 0.581950 2.374263 -0.562747 0.437992 2.358061 -0.164128 0.459218 2.376878 -0.676817 0.152000 2.402422 -0.031442 0.175330 2.353365 -0.695782 -0.109700 2.353365 -0.022588 -0.080926 2.353023 -0.680944 -0.137065 2.352378 -0.026312 -0.116719 2.249935 -0.357362 0.177887 2.374361 -0.353124 0.108127 2.311126 -0.442007 0.017876 2.289462 -0.260311 0.021967 2.303231 -0.489085 -0.471740 2.211539 -0.301357 -0.525735 2.432474 -0.514234 -0.852131 2.112796 -0.280767 -0.859515 2.371557 -0.523563 -0.907415 2.039830 -0.253813 -0.924557 2.305906 
-0.387313 0.786135 2.342698 -0.369727 0.582570 2.343529 -0.568581 0.437650 2.325894 -0.170689 0.460012 2.346302 -0.681593 0.150275 2.366509 -0.034552 0.176309 2.327964 -0.700240 -0.111858 2.327964 -0.023582 -0.080024 2.321152 -0.685874 -0.137904 2.320989 -0.027051 -0.114379 2.226719 -0.360725 0.178023 2.342272 -0.355897 0.108365 2.278826 -0.443791 0.018165 2.256314 -0.262862 0.022643 2.271248 -0.486951 -0.469498 2.175536 -0.300645 -0.523880 2.411819 -0.513431 -0.852771 2.066124 -0.280202 -0.860321 2.374999 -0.521299 -0.908098 1.991011 -0.251366 -0.927104 2.314249 
-0.396741 0.786089 2.313528 -0.376917 0.583225 2.314261 -0.575579 0.437094 2.294102 -0.178476 0.460818 2.316727 -0.687429 0.149027 2.331759 -0.038667 0.177241 2.303906 -0.705954 -0.113528 2.303906 -0.025342 -0.079260 2.287801 -0.692300 -0.138502 2.287557 -0.028570 -0.112285 2.205287 -0.364918 0.178113 2.311576 -0.359386 0.108573 2.247920 -0.446275 0.018391 2.224309 -0.266065 0.023360 2.240830 -0.485119 -0.467695 2.143667 -0.299966 -0.521860 2.390670 -0.512818 -0.853400 2.024138 -0.279656 -0.861046 2.378124 -0.519408 -0.908653 1.947211 -0.249029 -0.929439 2.322105 
-0.407217 0.786061 2.285090 -0.385485 0.584023 2.285521 -0.584464 0.437094 2.263481 -0.187943 0.461717 2.287164 -0.695454 0.148019 2.295130 -0.044783 0.178373 2.280092 -0.712972 -0.114973 2.280092 -0.028633 -0.078384 2.252137 -0.700079 -0.138739 2.252755 -0.031508 -0.112711 2.183863 -0.370399 0.178520 2.281385 -0.364249 0.109149 2.217482 -0.450179 0.018886 2.192769 -0.270536 0.024327 2.210917 -0.483619 -0.466289 2.114838 -0.298664 -0.519040 2.365551 -0.512292 -0.853954 1.986343 -0.279181 -0.861690 2.380739 -0.517818 -0.909006 1.907866 -0.246885 -0.931500 2.329161 
-0.420161 0.785634 2.253770 -0.397881 0.584949 2.253343 -0.597061 0.436837 2.228516 -0.200265 0.463042 2.255783 -0.707122 0.148168 2.253597 -0.054729 0.179234 2.253411 -0.723248 -0.115053 2.253411 -0.035076 -0.077720 2.209039 -0.711486 -0.139377 2.209775 -0.037632 -0.114263 2.159742 -0.378619 0.179127 2.248547 -0.371321 0.109917 2.184820 -0.455967 0.019426 2.158890 -0.277006 0.025497 2.179360 -0.482572 -0.465784 2.088099 -0.296938 -0.513320 2.328840 -0.511849 -0.854544 1.952309 -0.278557 -0.861596 2.381706 -0.516378 -0.909325 1.872342 -0.245781 -0.930881 2.330712 
-0.432915 0.784928 2.224508 -0.410026 0.585773 2.223821 -0.609648 0.436526 2.196160 -0.212669 0.464281 2.226629 -0.719175 0.148246 2.213402 -0.064909 0.180038 2.228717 -0.734369 -0.114993 2.228717 -0.041997 -0.077049 2.165484 -0.723305 -0.139806 2.166219 -0.044161 -0.115965 2.136965 -0.386896 0.179663 2.218133 -0.378565 0.110647 2.154394 -0.462075 0.019853 2.126958 -0.283682 0.026628 2.149960 -0.481762 -0.465448 2.063931 -0.295270 -0.509308 2.293856 -0.511404 -0.855335 1.921885 -0.277915 -0.860664 2.380283 -0.514959 -0.909758 1.840451 -0.244228 -0.931621 2.334351 
-0.447504 0.782646 2.191380 -0.424484 0.586194 2.190916 -0.624176 0.435354 2.158919 -0.227847 0.465266 2.194199 -0.733402 0.148188 2.165775 -0.078169 0.180651 2.201399 -0.749297 -0.114362 2.201399 -0.050562 -0.076464 2.108980 -0.738751 -0.139928 2.110214 -0.053173 -0.115082 2.112747 -0.397017 0.179623 2.184155 -0.387335 0.110829 2.120451 -0.469541 0.019543 2.090633 -0.291756 0.027508 2.117907 -0.481503 -0.465842 2.041044 -0.294136 -0.505264 2.248130 -0.510942 -0.856413 1.895354 -0.281072 -0.853187 2.361805 -0.513455 -0.910364 1.812498 -0.243845 -0.928207 2.330045 
-0.460966 0.780450 2.161314 -0.438246 0.586450 2.160657 -0.637877 0.434153 2.124973 -0.242055 0.466191 2.164878 -0.746696 0.148305 2.121826 -0.091052 0.181319 2.176391 -0.764060 -0.112868 2.176391 -0.059192 -0.075793 2.053902 -0.753341 -0.139615 2.056488 -0.061987 -0.116842 2.089137 -0.406687 0.179630 2.153035 -0.395704 0.111076 2.089373 -0.476711 0.019273 2.057209 -0.299426 0.028374 2.088695 -0.481551 -0.466320 2.020300 -0.293098 -0.501384 2.202587 -0.510210 -0.857650 1.872689 -0.285011 -0.844580 2.335244 -0.511642 -0.911032 1.788529 -0.243063 -0.925532 2.325404 
-0.474419 0.777878 2.130076 -0.452643 0.586511 2.129975 -0.651965 0.432667 2.090304 -0.256345 0.467099 2.135710 -0.760612 0.149928 2.075152 -0.105257 0.181736 2.150277 -0.780270 -0.108316 2.150277 -0.069427 -0.075444 1.991985 -0.769803 -0.135278 1.995093 -0.071525 -0.119198 2.065742 -0.416920 0.179660 2.121638 -0.404523 0.111392 2.058088 -0.484356 0.018977 2.023353 -0.307431 0.029278 2.059509 -0.482402 -0.467028 2.000933 -0.293651 -0.498789 2.149244 -0.509087 -0.858828 1.853758 -0.288597 -0.842827 2.311729 -0.509365 -0.911552 1.768473 -0.247324 -0.923088 2.300084 
-0.486610 0.775523 2.101739 -0.466009 0.586501 2.101849 -0.664600 0.431418 2.058140 -0.269676 0.467917 2.108774 -0.772977 0.151703 2.033596 -0.118660 0.182144 2.126333 -0.794554 -0.103427 2.126333 -0.079487 -0.075119 1.936405 -0.784348 -0.130513 1.938343 -0.080868 -0.121524 2.044061 -0.426554 0.179599 2.092697 -0.412791 0.111609 2.029238 -0.491464 0.018676 1.992216 -0.315013 0.030084 2.032594 -0.483631 -0.467891 1.983291 -0.294770 -0.496025 2.096411 -0.507794 -0.860038 1.838406 -0.291716 -0.842227 2.281340 -0.506858 -0.912015 1.752149 -0.251482 -0.921030 2.264998 
-0.498765 0.772723 2.071712 -0.478945 0.586225 2.073112 -0.676664 0.429516 2.025177 -0.282736 0.468430 2.081150 -0.785089 0.153257 1.993140 -0.132049 0.182521 2.101916 -0.807405 -0.096564 2.101916 -0.089855 -0.074983 1.877344 -0.797216 -0.123449 1.879532 -0.090385 -0.121407 2.023999 -0.436189 0.179088 2.063134 -0.421129 0.111316 1.999725 -0.498692 0.017872 1.960581 -0.322765 0.030402 2.004960 -0.485850 -0.468777 1.966394 -0.297096 -0.490773 2.038031 -0.506712 -0.861181 1.826636 -0.293986 -0.843760 2.234839 -0.504542 -0.912333 1.739531 -0.255338 -0.920086 2.210183 
-0.509546 0.769930 2.043113 -0.490816 0.585719 2.045536 -0.687471 0.427569 1.994108 -0.294693 0.468633 2.054102 -0.795855 0.154670 1.955379 -0.144579 0.182872 2.077798 -0.817913 -0.090539 2.077798 -0.100229 -0.074934 1.823904 -0.807701 -0.116548 1.826012 -0.100140 -0.121503 2.003634 -0.445278 0.178387 2.034368 -0.429154 0.110838 1.970838 -0.505764 0.016937 1.929742 -0.330321 0.030469 1.977527 -0.489360 -0.468709 1.949705 -0.300753 -0.483063 1.978027 -0.505513 -0.861746 1.818148 -0.294415 -0.844921 2.168988 -0.502151 -0.912076 1.730409 -0.257814 -0.919026 2.132961 
-0.518231 0.766654 2.013400 -0.501625 0.584626 2.016757 -0.696262 0.425389 1.961892 -0.305668 0.468227 2.025519 -0.804700 0.156066 1.920143 -0.156031 0.182869 2.052645 -0.825798 -0.085468 2.052645 -0.110158 -0.075281 1.776270 -0.815240 -0.111184 1.778010 -0.109568 -0.121662 1.982863 -0.454114 0.176956 2.004146 -0.437063 0.109580 1.940409 -0.512751 0.015575 1.897880 -0.338029 0.029810 1.948544 -0.493504 -0.468416 1.933942 -0.304940 -0.475844 1.920831 -0.504566 -0.862006 1.811935 -0.291263 -0.843819 2.081602 -0.500021 -0.911518 1.723727 -0.256486 -0.915359 2.031784 
-0.525239 0.763032 1.982850 -0.510613 0.583087 1.987456 -0.702916 0.422859 1.929581 -0.315137 0.467273 1.996229 -0.812008 0.157369 1.887305 -0.166424 0.182633 2.025499 -0.831911 -0.081651 2.025499 -0.119214 -0.075822 1.734988 -0.820736 -0.107479 1.736312 -0.117837 -0.124325 1.959585 -0.461743 0.174995 1.973592 -0.443926 0.107725 1.909618 -0.518772 0.013808 1.865816 -0.344962 0.028570 1.918939 -0.498323 -0.467796 1.918216 -0.309909 -0.469208 1.863461 -0.504178 -0.861692 1.807908 -0.286641 -0.843837 2.001871 -0.498479 -0.910546 1.719504 -0.253109 -0.913263 1.940804 
-0.530732 0.759432 1.953619 -0.518150 0.581576 1.960270 -0.708014 0.420332 1.899127 -0.323321 0.466165 1.968432 -0.818020 0.158533 1.857581 -0.175523 0.182229 1.999877 -0.836932 -0.078612 1.999877 -0.127396 -0.076506 1.699257 -0.825305 -0.104417 1.700055 -0.125226 -0.127132 1.937433 -0.468128 0.172911 1.945063 -0.449625 0.105701 1.880803 -0.523646 0.011975 1.835958 -0.350888 0.027178 1.891232 -0.503372 -0.466981 1.903316 -0.314343 -0.463552 1.813196 -0.504048 -0.861011 1.805698 -0.282624 -0.844046 1.927921 -0.497234 -0.909282 1.717280 -0.250301 -0.911492 1.857244 
-0.533373 0.755161 1.920804 -0.522906 0.579571 1.930734 -0.710339 0.417559 1.866670 -0.329028 0.464273 1.937399 -0.822295 0.158860 1.828981 -0.182376 0.181125 1.970040 -0.840783 -0.076842 1.970040 -0.134237 -0.077939 1.667896 -0.828977 -0.102496 1.668648 -0.131374 -0.131092 1.911176 -0.472409 0.170226 1.914335 -0.453435 0.103023 1.849738 -0.526773 0.009744 1.804185 -0.355151 0.025013 1.860970 -0.508747 -0.465773 1.887236 -0.317844 -0.458971 1.765374 -0.504266 -0.859594 1.804763 -0.279705 -0.845584 1.863508 -0.496457 -0.907339 1.716524 -0.248634 -0.911454 1.785578 
-0.534193 0.750512 1.885216 -0.524432 0.577245 1.898721 -0.709271 0.414495 1.832118 -0.332072 0.461728 1.902806 -0.825295 0.158906 1.802706 -0.186337 0.179854 1.935766 -0.843723 -0.075687 1.935766 -0.139307 -0.079607 1.640153 -0.831871 -0.100968 1.641006 -0.135726 -0.135541 1.880373 -0.474771 0.166777 1.881228 -0.455692 0.099448 1.816187 -0.528626 0.007073 1.770841 -0.358273 0.021908 1.827763 -0.514111 -0.464168 1.869391 -0.320330 -0.455471 1.720244 -0.504429 -0.857821 1.803946 -0.276337 -0.847260 1.809068 -0.495721 -0.905169 1.716107 -0.246485 -0.911582 1.725966 
-0.535569 0.747064 1.857600 -0.524507 0.574855 1.867944 -0.706154 0.411310 1.798832 -0.333582 0.458913 1.869487 -0.827257 0.158815 1.778695 -0.188739 0.178555 1.902660 -0.845354 -0.075236 1.902660 -0.142957 -0.081268 1.616010 -0.833598 -0.099999 1.616953 -0.138852 -0.139917 1.849740 -0.476087 0.163169 1.849844 -0.456993 0.095659 1.784479 -0.529534 0.004254 1.739408 -0.360594 0.018667 1.796481 -0.519156 -0.462588 1.852126 -0.322160 -0.452555 1.680160 -0.504356 -0.856175 1.803286 -0.273247 -0.848863 1.760991 -0.494780 -0.903179 1.715875 -0.244547 -0.911749 1.673705 
-0.536024 0.743866 1.831030 -0.522564 0.572501 1.837163 -0.702260 0.408660 1.768037 -0.332988 0.455984 1.836018 -0.828240 0.158607 1.756782 -0.188684 0.177007 1.867938 -0.845557 -0.075510 1.867938 -0.145273 -0.083184 1.595616 -0.833967 -0.099530 1.596684 -0.140391 -0.144509 1.817303 -0.475845 0.159747 1.819236 -0.457062 0.092034 1.753707 -0.529363 0.001565 1.709120 -0.361683 0.015452 1.765803 -0.523887 -0.460869 1.834033 -0.323413 -0.450004 1.644206 -0.504462 -0.854049 1.803441 -0.271144 -0.850239 1.718986 -0.494208 -0.900694 1.716552 -0.243638 -0.911840 1.628132 
-0.535704 0.740544 1.803123 -0.515986 0.570472 1.802383 -0.691535 0.406100 1.732060 -0.328288 0.452914 1.798808 -0.826915 0.158096 1.735552 -0.184565 0.175259 1.827654 -0.844411 -0.076414 1.827654 -0.144315 -0.085231 1.578739 -0.834778 -0.101001 1.578478 -0.138694 -0.149322 1.777696 -0.472637 0.155461 1.785472 -0.454341 0.087223 1.719860 -0.526425 -0.001870 1.676101 -0.360685 0.011300 1.732480 -0.528888 -0.459231 1.810923 -0.323796 -0.448216 1.611269 -0.504349 -0.852116 1.802607 -0.271639 -0.851306 1.682014 -0.493330 -0.898219 1.716227 -0.245777 -0.911590 1.587729 
-0.535053 0.737433 1.777142 -0.508421 0.568644 1.769859 -0.678663 0.403335 1.697293 -0.322256 0.450033 1.764066 -0.824436 0.157286 1.715978 -0.179182 0.173521 1.788974 -0.841880 -0.077995 1.788974 -0.141965 -0.087154 1.564363 -0.834817 -0.102791 1.562350 -0.135346 -0.153747 1.737870 -0.468787 0.151414 1.754010 -0.450952 0.082652 1.688343 -0.522989 -0.005039 1.645870 -0.358953 0.007351 1.700778 -0.533534 -0.457820 1.786479 -0.324040 -0.446598 1.582049 -0.504083 -0.850267 1.801657 -0.272150 -0.852797 1.647091 -0.492250 -0.895714 1.715801 -0.247647 -0.912038 1.549795 
-0.533725 0.734253 1.751485 -0.496973 0.566877 1.734789 -0.662720 0.400866 1.661659 -0.311346 0.447263 1.727139 -0.818611 0.155370 1.695510 -0.169540 0.172037 1.745089 -0.838212 -0.080329 1.745089 -0.135375 -0.088480 1.550212 -0.834815 -0.104813 1.547018 -0.127947 -0.157417 1.688860 -0.461470 0.147170 1.719743 -0.444344 0.077845 1.654045 -0.516544 -0.008432 1.613316 -0.354033 0.003034 1.665737 -0.537670 -0.460623 1.759797 -0.323939 -0.445232 1.555617 -0.508078 -0.849887 1.796068 -0.273441 -0.854584 1.613159 -0.495710 -0.894674 1.710418 -0.250474 -0.912914 1.513025 
-0.531710 0.731629 1.726828 -0.485176 0.566067 1.702120 -0.649242 0.397652 1.629389 -0.298521 0.444439 1.690284 -0.810344 0.152564 1.674117 -0.157782 0.171574 1.698483 -0.833348 -0.083255 1.698483 -0.124727 -0.087973 1.535649 -0.833961 -0.107505 1.532187 -0.117930 -0.153511 1.635836 -0.453132 0.143592 1.687036 -0.436998 0.073696 1.621236 -0.509865 -0.011604 1.582486 -0.347229 -0.001186 1.630574 -0.539629 -0.460816 1.718875 -0.323576 -0.444068 1.531575 -0.508643 -0.844757 1.788157 -0.275037 -0.855875 1.583981 -0.497044 -0.881054 1.701239 -0.253888 -0.913397 1.481370 
-0.528132 0.729327 1.701541 -0.470638 0.565858 1.668568 -0.629471 0.395850 1.592880 -0.284587 0.441967 1.653463 -0.799922 0.149834 1.651095 -0.145588 0.172451 1.651676 -0.829192 -0.085288 1.651676 -0.111195 -0.084681 1.521783 -0.831912 -0.110644 1.517855 -0.105593 -0.147455 1.578649 -0.443742 0.139650 1.653568 -0.428408 0.068950 1.587510 -0.501940 -0.014765 1.551302 -0.340270 -0.005432 1.595888 -0.539244 -0.461396 1.671487 -0.323087 -0.443167 1.509596 -0.514653 -0.845592 1.761793 -0.275291 -0.857128 1.557625 -0.503039 -0.881500 1.674832 -0.255189 -0.913872 1.452923 
-0.524182 0.727169 1.677521 -0.456533 0.565625 1.637657 -0.610904 0.394697 1.559904 -0.271036 0.439697 1.619419 -0.789079 0.147248 1.629231 -0.134040 0.173467 1.609036 -0.801405 -0.093859 1.609036 -0.098594 -0.081407 1.490426 -0.820168 -0.117844 1.496041 -0.094120 -0.141073 1.526789 -0.434607 0.136213 1.622900 -0.420147 0.064809 1.556701 -0.494192 -0.017415 1.522701 -0.333542 -0.009070 1.563605 -0.538084 -0.461576 1.625803 -0.322546 -0.442328 1.489709 -0.520936 -0.846672 1.731522 -0.275522 -0.858202 1.533806 -0.509465 -0.882631 1.644460 -0.256372 -0.914253 1.427190 
-0.519249 0.724592 1.651977 -0.441580 0.564561 1.605133 -0.592842 0.393535 1.527030 -0.257114 0.437819 1.585299 -0.777849 0.145143 1.606519 -0.122096 0.175080 1.565400 -0.791010 -0.097222 1.565400 -0.086389 -0.077410 1.473427 -0.815531 -0.121794 1.481309 -0.083309 -0.133528 1.473769 -0.424628 0.133137 1.591591 -0.411138 0.061156 1.525581 -0.485817 -0.019722 1.494147 -0.325880 -0.012285 1.530618 -0.535007 -0.461518 1.574978 -0.321859 -0.441539 1.471446 -0.526932 -0.848264 1.690728 -0.275774 -0.859104 1.512238 -0.515696 -0.884860 1.603462 -0.257518 -0.914557 1.403876 
-0.514606 0.720896 1.624246 -0.428219 0.561644 1.570602 -0.576054 0.392633 1.495197 -0.243948 0.435851 1.552593 -0.766805 0.143103 1.583574 -0.111211 0.176357 1.524685 -0.780561 -0.100527 1.524685 -0.075638 -0.073902 1.456777 -0.810095 -0.126047 1.466610 -0.073874 -0.126429 1.425200 -0.415038 0.130335 1.560562 -0.402265 0.057934 1.495145 -0.477204 -0.021721 1.465567 -0.318348 -0.015153 1.499443 -0.533956 -0.464916 1.536617 -0.321060 -0.440877 1.454701 -0.532977 -0.851536 1.648119 -0.276053 -0.859935 1.492590 -0.521570 -0.887486 1.561050 -0.258613 -0.914856 1.382691 
-0.508948 0.716502 1.594868 -0.414175 0.557614 1.534756 -0.561842 0.392230 1.465073 -0.231929 0.433899 1.520501 -0.756152 0.141043 1.559307 -0.101651 0.176578 1.484510 -0.770302 -0.103854 1.484510 -0.066603 -0.072011 1.440031 -0.803982 -0.131053 1.451630 -0.066113 -0.120267 1.380279 -0.405532 0.128113 1.529485 -0.393603 0.055550 1.464620 -0.468880 -0.023143 1.435905 -0.310990 -0.017531 1.469118 -0.532357 -0.468685 1.497507 -0.320023 -0.440272 1.439196 -0.537987 -0.855088 1.600018 -0.276272 -0.860659 1.474724 -0.526556 -0.890508 1.513142 -0.259588 -0.915102 1.363439 
-0.503345 0.711959 1.566211 -0.401422 0.553398 1.501303 -0.549791 0.391595 1.436912 -0.221159 0.432083 1.491264 -0.746150 0.139563 1.536247 -0.093417 0.176829 1.449040 -0.760650 -0.106654 1.449040 -0.059090 -0.070312 1.424386 -0.797817 -0.135799 1.437427 -0.059598 -0.114877 1.340585 -0.396830 0.126235 1.500498 -0.385610 0.053607 1.436306 -0.461312 -0.024375 1.408697 -0.303957 -0.019559 1.440547 -0.530655 -0.472466 1.461342 -0.318842 -0.439722 1.425014 -0.542325 -0.858673 1.553851 -0.276447 -0.861303 1.458512 -0.530758 -0.893654 1.467208 -0.260484 -0.915318 1.346017 
-0.496961 0.705616 1.533702 -0.388399 0.546473 1.463504 -0.539236 0.390777 1.407282 -0.212077 0.429902 1.461040 -0.736117 0.137110 1.510343 -0.086955 0.176393 1.414836 -0.750388 -0.110267 1.414836 -0.054085 -0.069735 1.407562 -0.790589 -0.141541 1.422466 -0.054735 -0.113749 1.302730 -0.388825 0.124046 1.469344 -0.378446 0.051559 1.406334 -0.454806 -0.025840 1.379215 -0.297832 -0.021752 1.411825 -0.528877 -0.477042 1.424670 -0.317419 -0.439450 1.411425 -0.545906 -0.863135 1.505390 -0.276591 -0.861905 1.443717 -0.534147 -0.897811 1.419042 -0.261244 -0.915532 1.330116 
-0.490271 0.697638 1.498192 -0.375993 0.537186 1.422753 -0.529306 0.388854 1.374372 -0.204403 0.427413 1.431633 -0.726501 0.138034 1.481941 -0.082411 0.175641 1.382434 -0.741482 -0.111631 1.382434 -0.050389 -0.069595 1.391954 -0.784415 -0.145487 1.409099 -0.051431 -0.113442 1.268448 -0.381316 0.121361 1.436162 -0.371420 0.049213 1.375043 -0.448161 -0.027764 1.346722 -0.292001 -0.024092 1.383392 -0.528187 -0.481890 1.388723 -0.316309 -0.441021 1.398504 -0.552153 -0.867468 1.458005 -0.277115 -0.862935 1.429543 -0.539662 -0.901930 1.372265 -0.262104 -0.915870 1.315405 
