56
-0.325093 0.905966 2.737939 -0.308723 0.741092 2.786656 -0.497235 0.622282 2.825340 -0.135807 0.638961 2.849148 -0.516777 0.419289 2.799144 -0.082564 0.415834 2.847203 -0.508602 0.234616 2.847203 -0.056676 0.222965 2.723536 -0.499907 0.155732 2.680498 -0.031905 0.146717 2.770450 -0.296912 0.478301 2.800924 -0.294528 0.425730 2.805245 -0.370560 0.341198 2.794966 -0.211168 0.345707 2.818645 -0.365480 -0.041445 2.766161 -0.230886 -0.063723 2.881614 -0.364296 -0.310234 2.786852 -0.259928 -0.343519 2.982525 -0.358553 -0.357217 2.710634 -0.254185 -0.390502 2.906307 
-0.327290 0.903139 2.727995 -0.306175 0.738487 2.772581 -0.494050 0.615861 2.808881 -0.126356 0.633970 2.832621 -0.511975 0.412026 2.778852 -0.080097 0.411505 2.833219 -0.508843 0.224132 2.833219 -0.056330 0.218189 2.716685 -0.501308 0.146780 2.678960 -0.031126 0.143931 2.759809 -0.295461 0.474348 2.784525 -0.293309 0.421516 2.788667 -0.370291 0.336921 2.783951 -0.209498 0.339613 2.794731 -0.354944 -0.067348 2.736541 -0.226805 -0.061474 2.877173 -0.352649 -0.391483 2.748277 -0.257215 -0.290542 2.957331 -0.347011 -0.438420 2.671767 -0.251578 -0.337479 2.880821 
-0.324737 0.896524 2.707943 -0.304799 0.732447 2.756166 -0.490155 0.606675 2.789530 -0.125619 0.628224 2.811960 -0.508458 0.388794 2.763423 -0.076872 0.408769 2.816845 -0.509998 0.198913 2.816845 -0.050937 0.217326 2.709253 -0.502844 0.138193 2.679055 -0.028709 0.151635 2.739531 -0.294264 0.468666 2.772618 -0.292131 0.415900 2.777651 -0.368737 0.331861 2.771401 -0.208883 0.335414 2.788680 -0.348580 -0.059795 2.727385 -0.226859 -0.075611 2.872209 -0.340184 -0.368829 2.702894 -0.257848 -0.299708 2.962374 -0.334728 -0.416140 2.626594 -0.252391 -0.347018 2.886075 
-0.320122 0.891832 2.687439 -0.302406 0.726772 2.738272 -0.489504 0.606932 2.776604 -0.121689 0.620296 2.794153 -0.508076 0.387772 2.758861 -0.075525 0.401449 2.792095 -0.511787 0.197324 2.792095 -0.048286 0.209187 2.707607 -0.503109 0.106392 2.676054 -0.025824 0.130037 2.715546 -0.294009 0.470490 2.754385 -0.292299 0.419244 2.759169 -0.368851 0.334635 2.757241 -0.210419 0.337910 2.766323 -0.341144 -0.057507 2.716445 -0.213943 -0.050510 2.849802 -0.342324 -0.307933 2.671470 -0.248211 -0.273317 2.944246 -0.338054 -0.355251 2.595109 -0.243941 -0.320636 2.867884 
-0.317018 0.884980 2.666236 -0.300338 0.720717 2.718595 -0.484157 0.602030 2.751746 -0.121335 0.622067 2.781912 -0.507961 0.388132 2.751110 -0.074231 0.396830 2.783476 -0.515079 0.196049 2.783476 -0.044952 0.205760 2.709278 -0.508740 0.102944 2.684508 -0.029797 0.126956 2.695575 -0.293293 0.458641 2.733846 -0.291859 0.406164 2.738832 -0.369097 0.319005 2.733608 -0.210333 0.329361 2.750584 -0.336263 -0.064428 2.705110 -0.211118 -0.080828 2.853405 -0.321482 -0.351127 2.638555 -0.255348 -0.298014 2.951175 -0.314279 -0.398396 2.562246 -0.214643 -0.361466 2.937912 
-0.318760 0.884115 2.653706 -0.299710 0.717563 2.698738 -0.483218 0.604115 2.739494 -0.124668 0.618321 2.757601 -0.507130 0.393818 2.745255 -0.074444 0.398923 2.761898 -0.516454 0.200780 2.761898 -0.045693 0.207326 2.711320 -0.511869 0.107100 2.688785 -0.030087 0.124585 2.685272 -0.293129 0.461374 2.718357 -0.291782 0.409969 2.724033 -0.367592 0.324929 2.719753 -0.211845 0.332759 2.735204 -0.326762 -0.063367 2.695989 -0.211504 -0.080478 2.841417 -0.313284 -0.352667 2.624402 -0.249344 -0.293706 2.947807 -0.308740 -0.400443 2.548064 -0.220577 -0.364733 2.946393 
-0.312740 0.883079 2.637023 -0.297142 0.716085 2.684920 -0.479207 0.597533 2.713715 -0.122739 0.617216 2.749053 -0.508407 0.390410 2.730860 -0.074607 0.392542 2.750073 -0.524571 0.196842 2.750073 -0.048587 0.202724 2.708207 -0.521621 0.108244 2.695225 -0.032624 0.128874 2.671231 -0.292585 0.450687 2.703236 -0.291694 0.397054 2.708663 -0.368361 0.314812 2.701918 -0.212504 0.316442 2.722833 -0.313852 -0.107852 2.671348 -0.212965 -0.110318 2.834996 -0.302529 -0.392883 2.574844 -0.246822 -0.313528 2.957417 -0.294004 -0.440404 2.498784 -0.235198 -0.277863 2.890658 
-0.308449 0.875891 2.617121 -0.296189 0.710519 2.667218 -0.481057 0.594602 2.699619 -0.124678 0.604481 2.715450 -0.509134 0.380940 2.708795 -0.076770 0.391493 2.731651 -0.529006 0.187461 2.731651 -0.049093 0.200043 2.702740 -0.523552 0.105621 2.693559 -0.033565 0.127012 2.660547 -0.290594 0.450104 2.685434 -0.289490 0.397763 2.691115 -0.364913 0.314725 2.684590 -0.210606 0.318454 2.703924 -0.312422 -0.076310 2.656283 -0.210412 -0.092638 2.810402 -0.302609 -0.384639 2.575549 -0.253473 -0.303806 2.917495 -0.298616 -0.432236 2.499219 -0.249481 -0.351403 2.841165 
-0.321173 0.872072 2.590080 -0.298971 0.706984 2.639200 -0.471334 0.594719 2.671713 -0.127196 0.601158 2.702180 -0.511253 0.378610 2.691317 -0.076494 0.386635 2.713596 -0.531915 0.185836 2.713596 -0.048861 0.196061 2.696408 -0.531071 0.089476 2.689126 -0.034124 0.113669 2.627281 -0.294520 0.439508 2.661029 -0.293614 0.385925 2.667442 -0.367926 0.309665 2.668318 -0.216241 0.307605 2.677342 -0.313388 -0.081403 2.647146 -0.212117 -0.095225 2.799506 -0.300758 -0.380830 2.576229 -0.251055 -0.300455 2.916587 -0.293218 -0.428690 2.500293 -0.243515 -0.348314 2.840651 
-0.322588 0.873751 2.581777 -0.302455 0.705842 2.622505 -0.473189 0.587666 2.652937 -0.133558 0.595460 2.673262 -0.514531 0.400099 2.660849 -0.074344 0.384785 2.695354 -0.534550 0.184720 2.695354 -0.049760 0.192691 2.677835 -0.534536 0.095831 2.681283 -0.033884 0.110408 2.622344 -0.294846 0.436106 2.640117 -0.293224 0.382072 2.645776 -0.365885 0.304991 2.637743 -0.215533 0.304910 2.658092 -0.310469 -0.082804 2.638799 -0.213729 -0.074776 2.753911 -0.291915 -0.402799 2.560407 -0.236981 -0.310787 2.913625 -0.286682 -0.450295 2.484074 -0.231749 -0.358283 2.837292 
-0.321964 0.873253 2.564396 -0.302606 0.703535 2.600639 -0.470961 0.576126 2.619442 -0.138069 0.654382 2.655568 -0.513891 0.372106 2.647485 -0.078871 0.400976 2.672350 -0.539840 0.165532 2.672350 -0.053805 0.202220 2.657827 -0.538518 0.088327 2.666954 -0.035902 0.123490 2.605880 -0.294800 0.434099 2.619585 -0.293175 0.380177 2.625675 -0.366141 0.300392 2.620846 -0.215459 0.305955 2.637205 -0.322794 -0.097220 2.592232 -0.213625 -0.077758 2.746036 -0.280892 -0.431901 2.536186 -0.236389 -0.309571 2.909922 -0.271012 -0.479446 2.460294 -0.252301 -0.384414 2.906712 
-0.320838 0.868385 2.534534 -0.302714 0.700048 2.579074 -0.474397 0.575148 2.611302 -0.187059 0.709217 2.612827 -0.513962 0.364331 2.635323 -0.102703 0.464729 2.637937 -0.538574 0.167375 2.637937 -0.049084 0.208377 2.646995 -0.538185 0.079272 2.649982 -0.032929 0.114788 2.587264 -0.291473 0.444127 2.591130 -0.288989 0.393778 2.594994 -0.349652 0.313740 2.585899 -0.220805 0.330935 2.601720 -0.321370 -0.099986 2.579848 -0.209492 -0.072724 2.717054 -0.280758 -0.435533 2.531207 -0.237112 -0.279096 2.835847 -0.279399 -0.482620 2.454427 -0.235753 -0.326184 2.759068 
-0.312617 0.869782 2.514150 -0.300852 0.701832 2.554935 -0.445973 0.677014 2.523694 -0.186744 0.704682 2.594198 -0.498025 0.432462 2.582379 -0.102713 0.459164 2.612035 -0.535690 0.173992 2.612035 -0.047705 0.202645 2.596432 -0.537065 0.094553 2.599066 -0.029048 0.111266 2.573108 -0.289271 0.440872 2.568618 -0.286846 0.389059 2.573724 -0.341766 0.321662 2.558354 -0.223602 0.329830 2.590569 -0.314185 -0.080960 2.567839 -0.207777 -0.060793 2.668919 -0.288713 -0.396912 2.527763 -0.231697 -0.255372 2.817166 -0.266735 -0.443527 2.453988 -0.209718 -0.301986 2.743391 
-0.318971 0.868980 2.500703 -0.304339 0.700359 2.535886 -0.448601 0.677815 2.513105 -0.179512 0.698911 2.584633 -0.499353 0.430630 2.563091 -0.098058 0.451676 2.594278 -0.534455 0.172277 2.594278 -0.040450 0.199519 2.579118 -0.531934 0.078335 2.581214 -0.023030 0.116396 2.538091 -0.296506 0.441456 2.545635 -0.294977 0.389843 2.549840 -0.349967 0.325000 2.545461 -0.235671 0.326851 2.550828 -0.306327 -0.094406 2.545273 -0.204638 -0.066060 2.659001 -0.283218 -0.428299 2.518980 -0.226911 -0.264674 2.789277 -0.261740 -0.474688 2.444963 -0.205433 -0.311063 2.715260 
-0.323484 0.875260 2.474388 -0.302293 0.704027 2.512723 -0.450707 0.675350 2.502382 -0.140688 0.645887 2.566518 -0.499915 0.425290 2.541592 -0.077380 0.394349 2.581411 -0.535229 0.182735 2.581411 -0.037616 0.202148 2.541349 -0.532186 0.094288 2.536897 -0.022059 0.117788 2.528161 -0.292860 0.443369 2.519197 -0.290930 0.391251 2.522815 -0.353034 0.322734 2.512506 -0.225015 0.321705 2.531245 -0.314629 -0.099206 2.527374 -0.206334 -0.086744 2.615222 -0.291100 -0.386400 2.515373 -0.225202 -0.281365 2.782313 -0.273993 -0.432679 2.440168 -0.208095 -0.327643 2.707108 
-0.319677 0.873097 2.459596 -0.304250 0.706870 2.489233 -0.457368 0.673357 2.476519 -0.140531 0.645420 2.555178 -0.499825 0.420779 2.508853 -0.074250 0.392482 2.541674 -0.531017 0.186952 2.541674 -0.039320 0.201900 2.501281 -0.530273 0.090167 2.500330 -0.017091 0.122963 2.500260 -0.294968 0.443002 2.498275 -0.293059 0.390276 2.502375 -0.357061 0.319443 2.493907 -0.224382 0.318513 2.511584 -0.317279 -0.117402 2.513365 -0.197882 -0.081972 2.586760 -0.280477 -0.454188 2.500489 -0.213562 -0.279842 2.721063 -0.260338 -0.500469 2.426210 -0.193423 -0.326123 2.646785 
-0.321159 0.869948 2.437618 -0.306887 0.705021 2.473842 -0.456704 0.668216 2.463944 -0.142269 0.644303 2.535517 -0.503060 0.415092 2.488640 -0.075726 0.392193 2.532186 -0.526164 0.181165 2.532186 -0.037150 0.196566 2.455766 -0.524717 0.090122 2.441817 -0.018577 0.121463 2.454897 -0.295077 0.439414 2.477739 -0.292453 0.386272 2.480259 -0.355637 0.314023 2.467813 -0.222625 0.315596 2.490413 -0.315772 -0.120882 2.507757 -0.190468 -0.078654 2.551126 -0.279615 -0.457610 2.500242 -0.210301 -0.281344 2.684668 -0.260809 -0.503521 2.425399 -0.191495 -0.327256 2.609825 
-0.315180 0.873015 2.418921 -0.307960 0.701858 2.454269 -0.457266 0.664419 2.439574 -0.144752 0.640078 2.515816 -0.501712 0.444157 2.453049 -0.076021 0.388708 2.517393 -0.524313 0.183950 2.517393 -0.025242 0.205942 2.428458 -0.522872 0.091228 2.400598 -0.013471 0.122165 2.441381 -0.296023 0.438441 2.458451 -0.293322 0.385770 2.460782 -0.356060 0.314970 2.450990 -0.223989 0.314253 2.468476 -0.320487 -0.093921 2.478670 -0.179959 -0.086249 2.518278 -0.318676 -0.347593 2.495891 -0.215399 -0.293558 2.632916 -0.298645 -0.393389 2.421455 -0.195368 -0.339354 2.558481 
-0.320772 0.871553 2.400349 -0.311191 0.698158 2.427052 -0.457494 0.661589 2.422475 -0.146296 0.635119 2.497513 -0.501610 0.405002 2.425083 -0.077569 0.383761 2.497370 -0.518285 0.178160 2.497370 -0.015886 0.206710 2.379559 -0.515054 0.082440 2.364424 -0.003359 0.123971 2.397521 -0.298323 0.437409 2.435530 -0.295511 0.385208 2.438749 -0.358475 0.314505 2.418795 -0.225428 0.312771 2.456462 -0.309373 -0.129748 2.473728 -0.181498 -0.127306 2.489404 -0.289301 -0.413173 2.501361 -0.215509 -0.325712 2.652568 -0.269640 -0.459254 2.426986 -0.146917 -0.306471 2.679678 
-0.319835 0.868160 2.385485 -0.312049 0.692779 2.411857 -0.461626 0.658775 2.402170 -0.149442 0.623511 2.466968 -0.500101 0.401144 2.401120 -0.077178 0.374775 2.480089 -0.514517 0.178164 2.480089 -0.013814 0.200523 2.362517 -0.504089 0.090930 2.321657 -0.002582 0.125399 2.383556 -0.299742 0.435770 2.420167 -0.297097 0.384325 2.423429 -0.359480 0.313003 2.406943 -0.227695 0.310883 2.439845 -0.307125 -0.137623 2.468517 -0.178813 -0.116510 2.447000 -0.316065 -0.382422 2.496493 -0.200560 -0.328866 2.604490 -0.282602 -0.478671 2.480573 -0.183464 -0.375047 2.529535 
-0.310839 0.868866 2.365411 -0.311009 0.693213 2.402653 -0.459753 0.652937 2.380081 -0.148304 0.620409 2.460402 -0.498444 0.395052 2.370861 -0.080234 0.386362 2.459837 -0.506056 0.175442 2.459837 -0.016642 0.212483 2.314790 -0.497712 0.083446 2.290265 -0.002822 0.131705 2.365076 -0.299322 0.433953 2.405306 -0.296615 0.382008 2.406642 -0.359976 0.310190 2.383081 -0.226812 0.307413 2.425652 -0.332151 -0.116589 2.445706 -0.187342 -0.113852 2.431956 -0.311761 -0.371661 2.492184 -0.194247 -0.365345 2.591132 -0.290519 -0.417287 2.417965 -0.173005 -0.410971 2.516914 
-0.311773 0.863549 2.350301 -0.312939 0.691818 2.382009 -0.459200 0.647398 2.368033 -0.147909 0.618705 2.450357 -0.497109 0.389279 2.350490 -0.080445 0.376979 2.447619 -0.502006 0.172989 2.447619 -0.016546 0.203664 2.282800 -0.487104 0.085709 2.242699 -0.006568 0.134957 2.333490 -0.297607 0.424604 2.388298 -0.294077 0.371006 2.390033 -0.356903 0.297745 2.368112 -0.223114 0.298483 2.411302 -0.307748 -0.151888 2.439165 -0.171721 -0.134543 2.393560 -0.298014 -0.437809 2.491787 -0.210648 -0.399840 2.578953 -0.276387 -0.483655 2.417627 -0.200493 -0.500254 2.600987 
-0.308219 0.859083 2.324401 -0.312587 0.687367 2.361785 -0.458530 0.642565 2.356741 -0.154219 0.616225 2.424559 -0.492804 0.384136 2.329181 -0.079604 0.371233 2.435248 -0.497242 0.173003 2.435248 -0.017678 0.198017 2.254527 -0.479289 0.083941 2.220155 -0.000846 0.116787 2.316499 -0.296108 0.419988 2.370592 -0.292500 0.366521 2.373443 -0.353819 0.293604 2.353313 -0.222527 0.296109 2.394142 -0.313847 -0.154341 2.438874 -0.169022 -0.139667 2.372692 -0.314746 -0.396055 2.482545 -0.189054 -0.435778 2.514565 -0.272834 -0.459527 2.478316 -0.170768 -0.481830 2.439886 
-0.306637 0.855848 2.311991 -0.311829 0.685389 2.348063 -0.457867 0.636148 2.338404 -0.169630 0.638213 2.404845 -0.487943 0.377461 2.307421 -0.087541 0.392016 2.407878 -0.490243 0.172235 2.407878 -0.026871 0.209473 2.230065 -0.472306 0.086976 2.195270 -0.010100 0.129689 2.310032 -0.292836 0.419034 2.357150 -0.288709 0.365770 2.360097 -0.346071 0.295888 2.334969 -0.220529 0.296371 2.384697 -0.330253 -0.134159 2.422025 -0.166568 -0.130974 2.342660 -0.312965 -0.371535 2.478533 -0.143236 -0.368069 2.398440 -0.276107 -0.437419 2.468283 -0.124437 -0.414086 2.323856 
-0.306081 0.853577 2.289318 -0.310439 0.683696 2.330350 -0.455242 0.633559 2.318688 -0.170589 0.639492 2.396715 -0.489048 0.375432 2.289125 -0.086448 0.393721 2.394862 -0.480821 0.173303 2.394862 -0.031987 0.203658 2.216843 -0.462400 0.089873 2.170908 -0.011450 0.125329 2.300444 -0.290028 0.416477 2.340871 -0.285616 0.363052 2.344304 -0.342442 0.294693 2.321525 -0.218179 0.294731 2.368865 -0.330303 -0.135466 2.420894 -0.169850 -0.138687 2.323523 -0.307408 -0.371210 2.479617 -0.184027 -0.376096 2.379276 -0.277779 -0.440527 2.468525 -0.161974 -0.422051 2.305538 
-0.307133 0.851453 2.276425 -0.311464 0.681645 2.315872 -0.450659 0.628381 2.297447 -0.173653 0.635074 2.379408 -0.489832 0.371058 2.272357 -0.086730 0.390849 2.382256 -0.473461 0.174569 2.382256 -0.036252 0.194647 2.197019 -0.453308 0.091234 2.151364 -0.013144 0.121072 2.294717 -0.289682 0.406880 2.324545 -0.284947 0.351572 2.327506 -0.339899 0.281892 2.300723 -0.218751 0.286374 2.355955 -0.329154 -0.148714 2.418585 -0.168213 -0.168614 2.295027 -0.280721 -0.469906 2.485844 -0.154800 -0.407812 2.344759 -0.257042 -0.515645 2.412468 -0.131121 -0.453552 2.271383 
-0.304391 0.838945 2.231778 -0.307661 0.675048 2.275519 -0.447103 0.623375 2.269748 -0.167538 0.624011 2.336492 -0.486344 0.366434 2.237245 -0.087722 0.379470 2.354552 -0.459231 0.172883 2.354552 -0.037607 0.187139 2.148824 -0.440026 0.092150 2.132836 -0.013779 0.115907 2.291065 -0.280593 0.399433 2.292906 -0.275100 0.344286 2.297895 -0.330686 0.274186 2.277044 -0.206122 0.280398 2.321873 -0.344443 -0.127316 2.385819 -0.166953 -0.174313 2.247645 -0.296939 -0.407223 2.475196 -0.150926 -0.512070 2.236351 -0.277614 -0.453697 2.400997 -0.126915 -0.603125 2.194353 
-0.297307 0.824103 2.199724 -0.300486 0.666790 2.243382 -0.438693 0.612159 2.229322 -0.163411 0.617184 2.313899 -0.484462 0.356458 2.219949 -0.083502 0.371318 2.320808 -0.456648 0.168891 2.320808 -0.036774 0.179432 2.144803 -0.432104 0.086907 2.121946 -0.013057 0.096272 2.277968 -0.274517 0.391075 2.259744 -0.269080 0.335935 2.264737 -0.322906 0.268421 2.234349 -0.202081 0.268796 2.297980 -0.345620 -0.116456 2.361583 -0.169177 -0.184991 2.219199 -0.311756 -0.344930 2.436595 -0.151816 -0.518374 2.142926 -0.287372 -0.391031 2.363777 -0.127433 -0.564475 2.070108 
-0.298521 0.820614 2.185227 -0.297287 0.662645 2.231562 -0.444705 0.593919 2.219965 -0.160893 0.608746 2.286958 -0.484501 0.337342 2.210324 -0.081366 0.365818 2.312955 -0.453617 0.157085 2.312955 -0.035118 0.171138 2.140880 -0.427421 0.076672 2.119581 -0.013006 0.091331 2.274537 -0.271465 0.387358 2.248337 -0.266118 0.332288 2.253467 -0.321469 0.262561 2.228683 -0.196893 0.266366 2.279310 -0.325623 -0.171362 2.375688 -0.168659 -0.189434 2.200657 -0.277606 -0.399554 2.444632 -0.155848 -0.518718 2.108265 -0.258449 -0.446001 2.370435 -0.141681 -0.592826 2.038078 
-0.290677 0.801266 2.137566 -0.287792 0.645053 2.183501 -0.426576 0.594592 2.170030 -0.154975 0.598992 2.247464 -0.478605 0.389379 2.188755 -0.073629 0.354376 2.261447 -0.456062 0.161549 2.261447 -0.025160 0.142862 2.142604 -0.435938 0.068056 2.124300 -0.005894 0.068827 2.262564 -0.265154 0.372917 2.200226 -0.260416 0.318482 2.205445 -0.314634 0.248350 2.190460 -0.195964 0.259832 2.228720 -0.328397 -0.182826 2.345477 -0.173130 -0.198041 2.183657 -0.294683 -0.397299 2.447242 -0.155709 -0.439722 2.103649 -0.337952 -0.459979 2.445892 -0.132942 -0.486048 2.030389 
-0.275778 0.789104 2.108078 -0.278276 0.637167 2.155893 -0.427521 0.591836 2.143207 -0.134241 0.590214 2.212693 -0.470539 0.337138 2.152255 -0.061799 0.343503 2.230566 -0.462319 0.098809 2.230566 -0.010911 0.105069 2.132911 -0.447118 0.028621 2.132383 0.012528 0.037368 2.218321 -0.261151 0.362811 2.172157 -0.257549 0.307880 2.177217 -0.315796 0.232633 2.156955 -0.190477 0.243224 2.196722 -0.323981 -0.193904 2.324605 -0.173933 -0.209924 2.151836 -0.292648 -0.407045 2.428597 -0.164525 -0.538805 2.058116 -0.304300 -0.345682 2.385216 -0.150270 -0.618622 1.994778 
-0.280397 0.783494 2.089295 -0.275082 0.633984 2.137151 -0.426411 0.622321 2.105424 -0.136311 0.584467 2.188607 -0.464016 0.370491 2.136697 -0.056761 0.340623 2.209767 -0.463215 0.110647 2.209767 -0.008974 0.118043 2.132745 -0.450279 0.040116 2.133775 0.014785 0.050936 2.199897 -0.255943 0.364380 2.152402 -0.251903 0.310480 2.157345 -0.309198 0.235895 2.139137 -0.185437 0.245715 2.180379 -0.322896 -0.191896 2.304176 -0.172072 -0.207486 2.142633 -0.285389 -0.399409 2.414871 -0.149779 -0.452072 2.083024 -0.305227 -0.335487 2.378467 -0.126976 -0.498372 2.009739 
-0.277470 0.776499 2.073431 -0.264647 0.626887 2.115238 -0.416290 0.585533 2.095590 -0.127881 0.580225 2.173095 -0.464505 0.336220 2.129601 -0.047447 0.335817 2.188195 -0.468895 0.110731 2.188195 -0.000992 0.110828 2.131234 -0.455414 0.028661 2.133665 0.028925 0.034662 2.161448 -0.248366 0.358293 2.128103 -0.244971 0.304588 2.132731 -0.302880 0.229433 2.112220 -0.178614 0.240415 2.155442 -0.321983 -0.189381 2.278205 -0.161039 -0.209322 2.120570 -0.286270 -0.388020 2.402125 -0.164385 -0.526729 2.047803 -0.314689 -0.412309 2.335832 -0.142823 -0.572934 1.974201 
-0.270673 0.769833 2.049214 -0.257396 0.622069 2.089548 -0.406749 0.604953 2.060633 -0.088744 0.526604 2.142890 -0.455772 0.358649 2.105633 -0.028219 0.285293 2.163711 -0.471202 0.110669 2.163711 0.008705 0.096968 2.126457 -0.465962 0.028153 2.130356 0.033491 0.038688 2.139391 -0.245171 0.352077 2.102088 -0.242593 0.298063 2.106652 -0.306692 0.222964 2.087586 -0.170306 0.220426 2.124046 -0.330131 -0.162805 2.234843 -0.156271 -0.210499 2.107082 -0.271977 -0.360163 2.352687 -0.162980 -0.528161 2.045725 -0.251274 -0.406558 2.278726 -0.142276 -0.574556 1.971765 
-0.264045 0.763349 2.030107 -0.252375 0.619162 2.069422 -0.402867 0.582626 2.057809 -0.083187 0.523558 2.133499 -0.455425 0.335131 2.094594 -0.021585 0.280125 2.143295 -0.475612 0.096578 2.143295 0.014571 0.091908 2.110192 -0.472194 0.026271 2.123515 0.037604 0.035643 2.110411 -0.240417 0.351225 2.079265 -0.237929 0.297663 2.083387 -0.303484 0.221741 2.066980 -0.165715 0.221194 2.102796 -0.326835 -0.170570 2.229127 -0.155602 -0.212467 2.095905 -0.266598 -0.366466 2.347678 -0.162742 -0.531245 2.040488 -0.247311 -0.412812 2.273129 -0.143455 -0.577591 1.965939 
-0.252746 0.758747 2.002482 -0.248149 0.618101 2.041111 -0.401099 0.570243 2.044831 -0.077764 0.531754 2.114442 -0.455353 0.322140 2.076534 -0.015691 0.280612 2.112216 -0.477177 0.098321 2.112216 0.022489 0.093548 2.097741 -0.478017 0.021667 2.106860 0.041091 0.041515 2.069952 -0.237538 0.352539 2.052363 -0.235322 0.299415 2.056810 -0.302024 0.223088 2.040253 -0.162419 0.224369 2.074913 -0.303907 -0.174961 2.173225 -0.144936 -0.216555 2.066624 -0.266208 -0.374528 2.308885 -0.157933 -0.514541 2.038972 -0.289747 -0.297242 2.244422 -0.140391 -0.561077 1.964111 
-0.228133 0.752830 1.973348 -0.242646 0.616932 2.019870 -0.398173 0.562000 2.028299 -0.055237 0.518394 2.087227 -0.452537 0.311775 2.050712 -0.005196 0.270674 2.089928 -0.478350 0.100841 2.089928 0.028836 0.083018 2.070011 -0.483484 0.023516 2.080468 0.042966 0.052530 2.043032 -0.230550 0.350244 2.028133 -0.228052 0.296889 2.032026 -0.296531 0.218284 2.016630 -0.151963 0.217742 2.047362 -0.303693 -0.174679 2.138340 -0.141481 -0.219516 2.057295 -0.256693 -0.378829 2.248957 -0.157470 -0.514361 2.038265 -0.292765 -0.312250 2.224729 -0.143168 -0.560792 1.962611 
-0.223765 0.755063 1.953316 -0.235135 0.617400 1.997520 -0.389275 0.551319 1.998879 -0.058903 0.542843 2.056215 -0.451158 0.303997 2.026618 -0.006639 0.289820 2.060172 -0.475353 0.103468 2.060172 0.029285 0.102247 2.043322 -0.484751 0.028445 2.050500 0.044767 0.050371 2.011674 -0.223402 0.350448 2.001411 -0.220926 0.297065 2.003918 -0.287004 0.223091 1.972875 -0.147540 0.216638 2.029894 -0.250690 -0.181826 2.065224 -0.151371 -0.216932 2.048596 -0.403596 -0.358162 2.126535 -0.158490 -0.522955 2.030498 -0.312219 -0.339092 2.171005 -0.143981 -0.569067 1.954689 
-0.217193 0.753882 1.929109 -0.228385 0.617366 1.975684 -0.394165 0.545296 1.987769 -0.056735 0.541611 2.038092 -0.448109 0.316298 1.990183 -0.001061 0.288677 2.037736 -0.471379 0.098866 2.037736 0.032128 0.101176 2.005206 -0.478543 0.027826 2.005492 0.046196 0.049082 1.976695 -0.222154 0.352044 1.985313 -0.220598 0.298912 1.988865 -0.288967 0.222721 1.967759 -0.146028 0.218683 2.006877 -0.269151 -0.179213 2.033646 -0.158771 -0.220423 2.034219 -0.273073 -0.394462 2.133619 -0.157510 -0.530797 2.021908 -0.260633 -0.441075 2.057738 -0.145070 -0.577410 1.946027 
-0.172653 0.743867 1.908406 -0.219868 0.615286 1.955290 -0.393053 0.539377 1.968672 -0.057741 0.524865 1.992893 -0.443930 0.312364 1.973938 0.005625 0.276423 2.014972 -0.466415 0.100384 2.014972 0.038511 0.088800 1.963790 -0.474424 0.020905 1.961134 0.058349 0.005280 1.934400 -0.215869 0.342357 1.959027 -0.215030 0.287542 1.960908 -0.285483 0.214087 1.945970 -0.142825 0.207055 1.976110 -0.276988 -0.179166 1.990327 -0.160968 -0.224243 2.018437 -0.325352 -0.404682 2.056341 -0.157823 -0.535540 2.016067 -0.319032 -0.451018 1.979520 -0.151503 -0.581876 1.939246 
-0.176674 0.747796 1.892723 -0.215032 0.612360 1.932940 -0.382692 0.525245 1.938171 -0.063775 0.530795 1.980136 -0.437700 0.305281 1.942733 0.007441 0.282158 1.987522 -0.460903 0.098312 1.987522 0.042619 0.095108 1.916175 -0.469820 0.019767 1.906665 0.054408 0.041127 1.920527 -0.211239 0.344238 1.940109 -0.210328 0.290436 1.942743 -0.275851 0.221045 1.923973 -0.141423 0.212755 1.958534 -0.273352 -0.213431 1.964690 -0.160121 -0.228777 2.000657 -0.402391 -0.422988 1.927404 -0.157474 -0.533880 2.015352 -0.391330 -0.469472 1.851198 -0.146413 -0.580364 1.939146 
-0.179353 0.742893 1.869003 -0.206619 0.608449 1.916054 -0.371444 0.545576 1.910088 -0.061216 0.530231 1.962201 -0.430805 0.308798 1.918880 0.012055 0.281556 1.966472 -0.458682 0.099851 1.966472 0.045511 0.092649 1.867924 -0.460566 0.017670 1.859430 0.064003 0.010988 1.891137 -0.207917 0.345156 1.923220 -0.207877 0.292386 1.925749 -0.272954 0.224203 1.907045 -0.142597 0.214799 1.943329 -0.261189 -0.204001 1.918008 -0.153183 -0.232518 1.986809 -0.360692 -0.427365 1.929510 -0.157202 -0.533389 2.014962 -0.346717 -0.473828 1.853787 -0.143226 -0.579852 1.939238 
-0.160800 0.737307 1.850514 -0.204513 0.605223 1.894391 -0.376541 0.529549 1.904523 -0.023441 0.490074 1.946594 -0.424269 0.305408 1.891997 0.023514 0.259121 1.942771 -0.447853 0.105651 1.942771 0.053147 0.070712 1.833306 -0.444524 0.018693 1.809893 0.064628 0.036771 1.873172 -0.204904 0.346380 1.901201 -0.204807 0.294578 1.903872 -0.275536 0.221066 1.887371 -0.132751 0.209231 1.917812 -0.259287 -0.208688 1.891021 -0.147510 -0.234689 1.974162 -0.334728 -0.442926 1.878550 -0.159600 -0.565134 1.993652 -0.324631 -0.489443 1.802229 -0.149502 -0.611650 1.917331 
-0.155775 0.734117 1.832740 -0.199117 0.603230 1.879236 -0.370434 0.515525 1.885624 -0.022824 0.494566 1.935852 -0.415152 0.305666 1.870476 0.026033 0.261226 1.927639 -0.430897 0.113802 1.927639 0.053411 0.071708 1.803765 -0.424581 0.032478 1.763485 0.066906 0.035506 1.853765 -0.200106 0.336897 1.885401 -0.200036 0.283320 1.887576 -0.272489 0.207927 1.872332 -0.128154 0.200609 1.902947 -0.256940 -0.210007 1.851930 -0.136615 -0.236403 1.963535 -0.298632 -0.425293 1.942623 -0.160005 -0.563692 1.999253 -0.286482 -0.471734 1.866515 -0.147855 -0.610133 1.923145 
-0.205921 0.720868 1.783341 -0.194368 0.603013 1.857192 -0.333765 0.509662 1.845345 -0.016715 0.492895 1.919486 -0.405318 0.294608 1.847666 0.030826 0.261327 1.907194 -0.414601 0.113285 1.907194 0.054995 0.070773 1.772649 -0.405904 0.037396 1.727058 0.071116 0.037265 1.832229 -0.197173 0.328859 1.864096 -0.197369 0.273872 1.866493 -0.269082 0.202127 1.854270 -0.127406 0.195401 1.880465 -0.247851 -0.211189 1.831472 -0.133404 -0.245342 1.956303 -0.306181 -0.440005 1.879266 -0.172815 -0.569436 1.999722 -0.277974 -0.526888 1.927919 -0.153714 -0.615817 1.925002 
-0.212934 0.722790 1.769930 -0.192273 0.602297 1.839573 -0.347384 0.502286 1.841532 -0.019027 0.502849 1.892176 -0.400172 0.296685 1.832935 0.031970 0.264936 1.891445 -0.403174 0.120515 1.891445 0.062357 0.078351 1.744380 -0.388372 0.042729 1.688043 0.074048 0.041103 1.813690 -0.193053 0.332160 1.845795 -0.192926 0.278129 1.847962 -0.264782 0.203689 1.832267 -0.121264 0.199167 1.862380 -0.241435 -0.217478 1.785729 -0.128008 -0.244411 1.945229 -0.294772 -0.442853 1.847150 -0.175237 -0.567640 1.986906 -0.281874 -0.489299 1.771129 -0.162339 -0.614087 1.910885 
-0.218300 0.722729 1.750254 -0.188937 0.602552 1.818417 -0.378214 0.495227 1.840416 -0.029572 0.530545 1.866493 -0.390685 0.261405 1.794345 0.033467 0.278853 1.871331 -0.397951 0.090147 1.871331 0.061633 0.089425 1.695471 -0.380338 0.007707 1.646793 0.075283 0.041101 1.794284 -0.189206 0.337387 1.827047 -0.189122 0.284327 1.829795 -0.262916 0.204513 1.818326 -0.115415 0.204516 1.842868 -0.238972 -0.223919 1.763081 -0.124088 -0.247759 1.935239 -0.241880 -0.543982 1.835399 -0.170021 -0.569369 1.989193 -0.235426 -0.590659 1.758786 -0.189529 -0.662555 1.948759 
-0.217359 0.715335 1.728839 -0.186651 0.599964 1.802380 -0.380090 0.493516 1.832485 -0.021271 0.509277 1.849668 -0.388774 0.302316 1.789628 0.034941 0.277940 1.857264 -0.383870 0.132959 1.857264 0.062726 0.089373 1.687219 -0.362347 0.057174 1.635511 0.082317 0.005518 1.772925 -0.185205 0.331783 1.809643 -0.184823 0.278111 1.812282 -0.259709 0.195435 1.799797 -0.108360 0.196145 1.822990 -0.232204 -0.228860 1.753480 -0.121417 -0.252926 1.928589 -0.233330 -0.561203 1.765376 -0.168381 -0.573319 1.989238 -0.229096 -0.607895 1.688425 -0.179735 -0.651700 1.922414 
-0.213887 0.696800 1.735853 -0.178327 0.557189 1.772203 -0.361528 0.492610 1.797253 -0.021385 0.504726 1.832478 -0.379347 0.259594 1.761528 0.038229 0.276845 1.838236 -0.375405 0.099421 1.838236 0.065235 0.087953 1.643745 -0.353949 0.059253 1.618809 0.083578 0.003907 1.754601 -0.181397 0.318568 1.790041 -0.181644 0.268963 1.794690 -0.255660 0.190349 1.784846 -0.108026 0.190840 1.807836 -0.224926 -0.224715 1.731902 -0.116328 -0.250517 1.913904 -0.222666 -0.559187 1.705880 -0.163732 -0.568835 1.984038 -0.213855 -0.606715 1.629955 -0.135413 -0.666022 1.973797 
-0.222299 0.719139 1.703409 -0.179182 0.590969 1.756207 -0.349842 0.478312 1.769521 -0.020351 0.492316 1.806458 -0.387898 0.289721 1.755489 0.040012 0.276341 1.819410 -0.370918 0.124817 1.819410 0.065526 0.086065 1.646832 -0.349591 0.055917 1.605931 0.083652 0.006042 1.741099 -0.180796 0.314802 1.774175 -0.180851 0.259971 1.775757 -0.254053 0.184053 1.764719 -0.108096 0.183958 1.788262 -0.216560 -0.219620 1.725079 -0.158335 -0.245922 1.812256 -0.204836 -0.546697 1.652007 -0.161073 -0.543693 1.945218 -0.195345 -0.593783 1.576110 -0.151583 -0.590779 1.869321 
-0.217984 0.713252 1.681954 -0.178424 0.592285 1.746531 -0.353416 0.477421 1.765719 -0.032363 0.510005 1.782341 -0.386978 0.288015 1.750394 0.042447 0.271400 1.799788 -0.370231 0.121877 1.799788 0.067908 0.080708 1.638763 -0.347714 0.047444 1.592365 0.085884 0.001566 1.729538 -0.178608 0.315285 1.755540 -0.178726 0.259948 1.759333 -0.251123 0.182916 1.746316 -0.106323 0.186074 1.772919 -0.208936 -0.214760 1.715120 -0.160725 -0.240795 1.797150 -0.194741 -0.531497 1.615362 -0.151531 -0.539387 1.929929 -0.190152 -0.578217 1.538772 -0.146942 -0.586107 1.853339 
-0.216732 0.710726 1.661289 -0.176936 0.590025 1.726342 -0.354984 0.472509 1.743366 -0.022083 0.491954 1.768055 -0.384738 0.282689 1.730443 0.045577 0.266704 1.782691 -0.370400 0.104734 1.782691 0.072219 0.079065 1.621648 -0.350566 0.030486 1.582302 0.084128 0.024717 1.707911 -0.176586 0.311532 1.736633 -0.176470 0.255803 1.740272 -0.250148 0.178497 1.729160 -0.102367 0.180074 1.752414 -0.206634 -0.218630 1.677463 -0.160734 -0.238604 1.772313 -0.185901 -0.519335 1.592398 -0.150917 -0.530410 1.919047 -0.179490 -0.566107 1.515950 -0.144506 -0.577182 1.842600 
-0.214333 0.705167 1.640438 -0.172999 0.585100 1.705840 -0.364478 0.559071 1.678594 -0.029209 0.496355 1.747930 -0.379427 0.305802 1.710794 0.046466 0.259418 1.764152 -0.373176 0.091730 1.764152 0.073566 0.070695 1.613348 -0.356662 0.015516 1.575432 0.086528 0.018435 1.692846 -0.176457 0.318540 1.712411 -0.177027 0.265725 1.714541 -0.250665 0.192004 1.700065 -0.105471 0.186446 1.728206 -0.205828 -0.218331 1.669884 -0.159162 -0.238432 1.757270 -0.181339 -0.506115 1.573622 -0.149271 -0.527385 1.910185 -0.164333 -0.552324 1.498742 -0.132265 -0.573593 1.835305 
-0.211387 0.691141 1.589129 -0.169016 0.570830 1.653981 -0.304630 0.511077 1.629976 -0.042409 0.510530 1.684047 -0.381443 0.290647 1.660968 0.039769 0.267926 1.710993 -0.386248 0.035716 1.710993 0.076553 0.079752 1.596258 -0.378302 -0.032784 1.574246 0.089277 0.000216 1.647574 -0.175397 0.288704 1.659761 -0.176417 0.232283 1.662307 -0.238076 0.173217 1.650002 -0.117387 0.171119 1.673743 -0.201782 -0.208456 1.629304 -0.151728 -0.233517 1.706941 -0.176580 -0.506334 1.555178 -0.143882 -0.512919 1.876242 -0.159714 -0.552475 1.480436 -0.127016 -0.559060 1.801500 
-0.209358 0.688766 1.579488 -0.166966 0.568397 1.644380 -0.342215 0.464033 1.630340 -0.076488 0.499327 1.629822 -0.386156 0.226143 1.636630 0.031031 0.277751 1.693246 -0.388662 0.027217 1.693246 0.075825 0.085176 1.594546 -0.383619 -0.042564 1.576136 0.090206 0.000561 1.641931 -0.174527 0.284140 1.649257 -0.176071 0.227251 1.651187 -0.239192 0.164770 1.636998 -0.116443 0.167360 1.663316 -0.200266 -0.207728 1.618969 -0.151473 -0.234647 1.701999 -0.174633 -0.506442 1.546240 -0.139974 -0.519314 1.864360 -0.174637 -0.552582 1.469793 -0.139978 -0.565454 1.787913 
-0.210814 0.680839 1.553124 -0.168405 0.560421 1.618050 -0.338372 0.496723 1.604290 -0.074224 0.497040 1.623570 -0.383597 0.243968 1.625044 0.031948 0.269608 1.670890 -0.395302 0.024880 1.670890 0.075745 0.082439 1.594034 -0.393847 -0.046310 1.581412 0.092523 0.000035 1.621712 -0.179826 0.277727 1.622273 -0.181984 0.221205 1.623650 -0.246693 0.160802 1.606902 -0.122468 0.158051 1.637821 -0.205097 -0.207116 1.587754 -0.151270 -0.231382 1.675878 -0.175332 -0.507826 1.533128 -0.139257 -0.511405 1.845156 -0.169074 -0.553828 1.457029 -0.132999 -0.557407 1.769056 
