49
-0.544971 0.789792 2.845984 -0.530181 0.589840 2.825311 -0.717196 0.436746 2.775409 -0.331877 0.471171 2.854761 -0.819513 0.165223 2.771687 -0.187168 0.189728 2.863091 -0.803766 -0.089678 2.863091 -0.145063 -0.060442 2.699187 -0.795067 -0.146293 2.692371 -0.146918 -0.107653 2.771475 -0.498265 0.188564 2.822278 -0.479941 0.120594 2.759717 -0.557331 0.026711 2.720508 -0.384163 0.035804 2.769552 -0.566296 -0.510558 2.817829 -0.326946 -0.512221 2.785672 -0.598183 -0.895004 2.831403 -0.238695 -0.887019 2.806932 -0.634632 -0.952649 2.765067 -0.199464 -0.941488 2.744084 
-0.552525 0.788542 2.840818 -0.537640 0.588169 2.821133 -0.724041 0.435124 2.771520 -0.338936 0.470445 2.850914 -0.825652 0.163254 2.767688 -0.192903 0.188488 2.860909 -0.809623 -0.091569 2.860909 -0.149620 -0.061337 2.695058 -0.801472 -0.147211 2.688487 -0.150688 -0.109059 2.769125 -0.503953 0.187133 2.817926 -0.485305 0.119377 2.755295 -0.562440 0.025419 2.715693 -0.389201 0.034903 2.765193 -0.569283 -0.510282 2.815002 -0.333622 -0.511671 2.763635 -0.598117 -0.894894 2.831500 -0.250785 -0.882170 2.761853 -0.634610 -0.952555 2.765219 -0.214066 -0.936403 2.697340 
-0.560040 0.787143 2.835073 -0.544996 0.586465 2.816598 -0.730896 0.433444 2.767152 -0.345965 0.469672 2.846620 -0.831864 0.161098 2.762972 -0.198757 0.187205 2.858429 -0.815634 -0.093699 2.858429 -0.154101 -0.062311 2.690324 -0.807871 -0.148176 2.684083 -0.154387 -0.110615 2.766910 -0.509774 0.185611 2.813013 -0.490842 0.118074 2.750271 -0.567784 0.024032 2.710162 -0.394421 0.033880 2.760237 -0.572571 -0.509971 2.811676 -0.340197 -0.511800 2.741353 -0.598060 -0.894796 2.831580 -0.262039 -0.878037 2.712634 -0.634594 -0.952467 2.765370 -0.228178 -0.931827 2.642545 
-0.567517 0.785486 2.827533 -0.552065 0.584618 2.810857 -0.737712 0.431360 2.761038 -0.352745 0.468736 2.841010 -0.837891 0.159075 2.757538 -0.204654 0.185711 2.854825 -0.821646 -0.095713 2.854825 -0.158414 -0.063541 2.684710 -0.814101 -0.149178 2.679189 -0.158051 -0.112553 2.764768 -0.515738 0.183893 2.806771 -0.496551 0.116562 2.743910 -0.573333 0.022444 2.703455 -0.399866 0.032628 2.753772 -0.576150 -0.509752 2.807744 -0.346906 -0.512445 2.717851 -0.598009 -0.894707 2.831653 -0.273253 -0.873666 2.659213 -0.634589 -0.952391 2.765525 -0.241794 -0.925040 2.581596 
-0.574576 0.783864 2.819654 -0.558671 0.582741 2.804308 -0.744277 0.429301 2.754653 -0.359194 0.467808 2.834927 -0.843681 0.157059 2.751388 -0.210395 0.184176 2.850901 -0.827340 -0.097746 2.850901 -0.162485 -0.064794 2.678712 -0.820103 -0.150157 2.673144 -0.161585 -0.114590 2.762575 -0.521586 0.182241 2.799863 -0.502241 0.115092 2.736863 -0.578901 0.020873 2.696248 -0.405377 0.031402 2.746411 -0.579915 -0.509568 2.803366 -0.353435 -0.513007 2.694829 -0.597962 -0.894627 2.831719 -0.283132 -0.869707 2.610727 -0.634598 -0.952317 2.765725 -0.253717 -0.919085 2.526890 
-0.580250 0.782248 2.808716 -0.564427 0.580521 2.794635 -0.750313 0.427558 2.747151 -0.365160 0.466463 2.825374 -0.848946 0.154668 2.742944 -0.215603 0.182191 2.844538 -0.832163 -0.100139 2.844538 -0.166008 -0.066417 2.671223 -0.825597 -0.151187 2.666006 -0.164717 -0.116227 2.759241 -0.527130 0.180527 2.790270 -0.507972 0.113529 2.727058 -0.584627 0.019292 2.686712 -0.411100 0.030008 2.735998 -0.583840 -0.509526 2.798048 -0.359920 -0.513244 2.671840 -0.597924 -0.894557 2.831775 -0.292033 -0.865859 2.566511 -0.634616 -0.952249 2.765933 -0.264581 -0.914023 2.477751 
-0.585001 0.780740 2.797354 -0.569590 0.578404 2.784517 -0.755836 0.425841 2.738646 -0.370537 0.465087 2.815143 -0.853710 0.152328 2.734048 -0.220509 0.180231 2.837213 -0.836548 -0.102505 2.837213 -0.169356 -0.068084 2.663115 -0.830559 -0.152196 2.658308 -0.167713 -0.117821 2.755704 -0.532245 0.178851 2.780042 -0.513256 0.112003 2.716623 -0.589976 0.017729 2.676525 -0.416353 0.028624 2.724925 -0.587746 -0.509527 2.791955 -0.365893 -0.513387 2.650224 -0.597895 -0.894496 2.831822 -0.300516 -0.861959 2.526799 -0.634641 -0.952187 2.766138 -0.274088 -0.909684 2.435010 
-0.588842 0.779242 2.784769 -0.573925 0.576282 2.773276 -0.760135 0.424236 2.727713 -0.374817 0.463708 2.804227 -0.857735 0.150191 2.724266 -0.224876 0.178153 2.828401 -0.840299 -0.104695 2.828401 -0.172329 -0.069960 2.653805 -0.834706 -0.153060 2.649462 -0.170493 -0.119350 2.751412 -0.536818 0.177162 2.768570 -0.517871 0.110481 2.705033 -0.594696 0.016143 2.664948 -0.420949 0.027219 2.712910 -0.591553 -0.509572 2.785319 -0.371190 -0.513438 2.629732 -0.597873 -0.894443 2.831850 -0.307810 -0.858637 2.491951 -0.634676 -0.952134 2.766343 -0.282497 -0.905992 2.397481 
-0.591060 0.777861 2.770494 -0.576492 0.574125 2.759155 -0.763558 0.422796 2.716025 -0.377645 0.462202 2.791786 -0.860878 0.148261 2.713457 -0.228206 0.175688 2.817827 -0.843488 -0.106736 2.817827 -0.175002 -0.072470 2.643812 -0.838207 -0.153769 2.640095 -0.172853 -0.121231 2.743647 -0.540304 0.175604 2.755554 -0.521554 0.108999 2.692042 -0.598606 0.014598 2.652406 -0.424692 0.025779 2.699488 -0.595119 -0.509638 2.778296 -0.375717 -0.513585 2.610229 -0.597861 -0.894397 2.831852 -0.314137 -0.855855 2.461310 -0.634697 -0.952085 2.766496 -0.289890 -0.902924 2.364764 
-0.592064 0.776682 2.755149 -0.578322 0.572137 2.744473 -0.765692 0.421542 2.702709 -0.379185 0.460700 2.777639 -0.863133 0.146682 2.701579 -0.230435 0.172939 2.804805 -0.845860 -0.108485 2.804805 -0.177294 -0.075430 2.633167 -0.840817 -0.154422 2.630185 -0.175010 -0.123054 2.734896 -0.542960 0.174136 2.741513 -0.524391 0.107624 2.677985 -0.601658 0.013194 2.638886 -0.427567 0.024423 2.684856 -0.598304 -0.509666 2.770663 -0.379468 -0.513666 2.591449 -0.597861 -0.894360 2.831810 -0.319653 -0.853359 2.434133 -0.634715 -0.952042 2.766623 -0.296411 -0.900244 2.336083 
-0.591570 0.775752 2.738177 -0.578900 0.570352 2.728383 -0.766703 0.420672 2.688486 -0.379439 0.459337 2.762019 -0.864242 0.145196 2.687876 -0.231823 0.170410 2.789343 -0.846857 -0.110179 2.789343 -0.179011 -0.078319 2.621009 -0.842220 -0.154854 2.618461 -0.176516 -0.124949 2.722610 -0.544429 0.172883 2.725988 -0.526116 0.106465 2.662472 -0.603659 0.011991 2.623803 -0.429339 0.023282 2.668944 -0.601067 -0.509708 2.762455 -0.382514 -0.513496 2.573551 -0.597878 -0.894329 2.831708 -0.324641 -0.850976 2.409851 -0.634733 -0.952005 2.766730 -0.302219 -0.897833 2.310829 
-0.587637 0.775239 2.716022 -0.575618 0.569328 2.706689 -0.764536 0.419966 2.668584 -0.375980 0.458517 2.740558 -0.863416 0.144264 2.671687 -0.230203 0.168917 2.767177 -0.845603 -0.111205 2.767177 -0.179203 -0.080459 2.604851 -0.841717 -0.154776 2.603521 -0.176535 -0.126062 2.702008 -0.543109 0.172316 2.705787 -0.525263 0.105894 2.642449 -0.603628 0.011261 2.605271 -0.428543 0.022644 2.648198 -0.603112 -0.509530 2.751367 -0.384741 -0.513259 2.556266 -0.597922 -0.894274 2.831466 -0.329085 -0.848804 2.388214 -0.634753 -0.951968 2.766824 -0.307420 -0.895660 2.288310 
-0.580087 0.775529 2.688811 -0.569866 0.568859 2.681787 -0.760197 0.420007 2.646422 -0.369193 0.458040 2.714073 -0.859221 0.143547 2.650203 -0.225506 0.168299 2.739021 -0.842836 -0.112394 2.739021 -0.177179 -0.081716 2.586978 -0.838301 -0.153838 2.583989 -0.174835 -0.125776 2.673146 -0.539220 0.172232 2.682178 -0.522084 0.105778 2.619028 -0.601254 0.011059 2.583133 -0.425226 0.022420 2.623614 -0.604437 -0.508767 2.735097 -0.386337 -0.512932 2.539765 -0.598112 -0.893938 2.830415 -0.333076 -0.846859 2.368817 -0.634778 -0.951932 2.766901 -0.312124 -0.893687 2.267944 
-0.571643 0.776058 2.662546 -0.562778 0.568767 2.656685 -0.753927 0.420800 2.622671 -0.361386 0.457914 2.687853 -0.854281 0.143211 2.628987 -0.219881 0.168074 2.710586 -0.838808 -0.113032 2.710586 -0.174388 -0.082509 2.566943 -0.834077 -0.152737 2.564179 -0.172354 -0.124949 2.642744 -0.534421 0.172417 2.658357 -0.517924 0.105908 2.595387 -0.598019 0.011137 2.560924 -0.421041 0.022385 2.598943 -0.605492 -0.507488 2.716767 -0.387299 -0.512507 2.524037 -0.598381 -0.893209 2.828750 -0.336689 -0.845138 2.351322 -0.634813 -0.951873 2.766944 -0.316331 -0.891980 2.249714 
-0.562166 0.776717 2.636568 -0.553970 0.569112 2.630859 -0.746691 0.421939 2.599097 -0.352045 0.457977 2.660951 -0.848271 0.143724 2.607514 -0.212768 0.168341 2.680542 -0.833840 -0.112710 2.680542 -0.170698 -0.082790 2.545759 -0.828937 -0.151331 2.543395 -0.168826 -0.123490 2.609655 -0.528238 0.172954 2.633573 -0.512549 0.106379 2.570759 -0.593701 0.011597 2.537732 -0.415702 0.022622 2.573198 -0.606216 -0.506662 2.696802 -0.387728 -0.511940 2.509223 -0.598995 -0.892201 2.824951 -0.339918 -0.843530 2.335510 -0.634870 -0.951783 2.766793 -0.319938 -0.890566 2.233927 
-0.549431 0.778092 2.607660 -0.542902 0.569966 2.603121 -0.737088 0.423611 2.573479 -0.339865 0.458051 2.630878 -0.839679 0.144502 2.582844 -0.202649 0.169563 2.646272 -0.826784 -0.111795 2.646272 -0.163648 -0.081640 2.519431 -0.821393 -0.149312 2.516800 -0.162533 -0.121467 2.569161 -0.519975 0.173818 2.606185 -0.505290 0.107180 2.543443 -0.587707 0.012537 2.512254 -0.408472 0.023051 2.544101 -0.605460 -0.504703 2.664770 -0.387350 -0.511324 2.494609 -0.599548 -0.889659 2.816622 -0.342751 -0.842021 2.321349 -0.635055 -0.951538 2.765484 -0.322987 -0.889475 2.220546 
-0.537220 0.779457 2.581082 -0.531755 0.570900 2.576647 -0.727152 0.425275 2.548588 -0.327909 0.458268 2.602716 -0.830796 0.145251 2.559076 -0.192222 0.170484 2.613347 -0.819601 -0.110791 2.613347 -0.156268 -0.080709 2.493463 -0.813977 -0.147315 2.491249 -0.155997 -0.119441 2.530903 -0.511485 0.174734 2.579757 -0.497704 0.108046 2.517029 -0.581119 0.013561 2.486932 -0.401097 0.023516 2.516480 -0.604450 -0.501796 2.629756 -0.386684 -0.510865 2.480925 -0.600224 -0.886544 2.802827 -0.345171 -0.840633 2.308896 -0.632097 -0.946531 2.748381 -0.325441 -0.888737 2.209660 
-0.525379 0.780887 2.555826 -0.520750 0.571916 2.551612 -0.716752 0.426883 2.524212 -0.315935 0.458652 2.575502 -0.821760 0.146016 2.536210 -0.181611 0.171666 2.581496 -0.812304 -0.109655 2.581496 -0.148471 -0.079345 2.467913 -0.806438 -0.145209 2.465863 -0.148937 -0.117369 2.493587 -0.502609 0.175718 2.554087 -0.489628 0.109030 2.491243 -0.573804 0.014766 2.461826 -0.393297 0.024123 2.489722 -0.602182 -0.498039 2.590738 -0.385684 -0.510563 2.468005 -0.600285 -0.882286 2.783964 -0.347202 -0.839436 2.298123 -0.631382 -0.944699 2.737234 -0.327318 -0.888338 2.201221 
-0.513131 0.782380 2.531012 -0.508865 0.573431 2.525993 -0.706099 0.428700 2.500047 -0.303414 0.459263 2.547468 -0.812047 0.146963 2.512866 -0.169930 0.173116 2.547749 -0.804481 -0.108195 2.547749 -0.139406 -0.077716 2.441314 -0.798461 -0.142949 2.439113 -0.140406 -0.114840 2.454169 -0.492594 0.177140 2.527627 -0.480525 0.110434 2.464684 -0.565497 0.016343 2.435946 -0.384412 0.025187 2.462190 -0.598004 -0.495358 2.545495 -0.384235 -0.510622 2.455300 -0.597833 -0.877716 2.747887 -0.348831 -0.838597 2.288998 -0.628445 -0.941241 2.704440 -0.328662 -0.888289 2.195103 
-0.500612 0.784117 2.498163 -0.496129 0.575080 2.492252 -0.693815 0.430682 2.468789 -0.290413 0.459988 2.510817 -0.801149 0.147754 2.484410 -0.157676 0.175682 2.504607 -0.796414 -0.107406 2.504607 -0.129987 -0.074674 2.412699 -0.789555 -0.140455 2.410107 -0.132005 -0.111563 2.404361 -0.480919 0.178466 2.493212 -0.469791 0.111622 2.430199 -0.555305 0.017891 2.402904 -0.373964 0.026267 2.426359 -0.587319 -0.491075 2.472586 -0.381931 -0.511002 2.440792 -0.593289 -0.877543 2.660898 -0.350161 -0.837907 2.281180 -0.618631 -0.938589 2.609270 -0.329076 -0.889026 2.191705 
-0.489365 0.785718 2.467887 -0.484369 0.576728 2.460286 -0.682376 0.432607 2.438372 -0.278681 0.460685 2.476715 -0.790791 0.148317 2.456275 -0.146717 0.177841 2.464767 -0.789060 -0.106976 2.464767 -0.121826 -0.071975 2.385783 -0.781187 -0.138092 2.382854 -0.124836 -0.108777 2.358677 -0.470027 0.179704 2.460702 -0.459639 0.112705 2.397599 -0.545474 0.019300 2.371232 -0.364153 0.027293 2.392908 -0.577488 -0.486709 2.406819 -0.379381 -0.511375 2.426826 -0.588311 -0.877379 2.571458 -0.351187 -0.837457 2.274834 -0.608305 -0.935788 2.511885 -0.329111 -0.889979 2.190261 
-0.479649 0.787128 2.438471 -0.473922 0.578276 2.429890 -0.672313 0.434197 2.409075 -0.268565 0.461079 2.442963 -0.781408 0.148856 2.429534 -0.137549 0.179652 2.426859 -0.782380 -0.106626 2.426859 -0.114930 -0.069857 2.360659 -0.773581 -0.136059 2.357458 -0.118947 -0.106235 2.316810 -0.460064 0.180697 2.429190 -0.450407 0.113553 2.365878 -0.536484 0.020511 2.340506 -0.355189 0.028099 2.360053 -0.568588 -0.481997 2.346680 -0.376674 -0.511682 2.413274 -0.583273 -0.877297 2.482634 -0.351872 -0.837239 2.269957 -0.598452 -0.933052 2.415758 -0.328713 -0.891181 2.190586 
-0.471224 0.788385 2.410786 -0.464855 0.579676 2.400851 -0.663420 0.435560 2.381035 -0.259823 0.461429 2.411479 -0.772962 0.149229 2.404097 -0.129797 0.181126 2.391860 -0.776535 -0.106408 2.391860 -0.109441 -0.068021 2.336539 -0.766938 -0.134162 2.333508 -0.114187 -0.103899 2.278544 -0.451265 0.181481 2.399028 -0.442206 0.114190 2.335486 -0.528421 0.021498 2.310770 -0.347226 0.028757 2.328875 -0.560798 -0.477272 2.292419 -0.373881 -0.511959 2.400167 -0.578112 -0.877174 2.399697 -0.352279 -0.837231 2.266370 -0.588860 -0.930823 2.326315 -0.327940 -0.892587 2.192448 
-0.464125 0.789418 2.384345 -0.457172 0.580922 2.372806 -0.655641 0.436588 2.353380 -0.252677 0.461770 2.381000 -0.765591 0.149452 2.379059 -0.123528 0.182210 2.358980 -0.771370 -0.106433 2.358980 -0.105046 -0.066687 2.314206 -0.761318 -0.132445 2.311317 -0.110627 -0.101808 2.243122 -0.443530 0.182029 2.370045 -0.434949 0.114572 2.306278 -0.521158 0.022262 2.282249 -0.340207 0.029253 2.299005 -0.554028 -0.473026 2.244218 -0.371123 -0.512214 2.387338 -0.573475 -0.877051 2.323817 -0.352513 -0.837423 2.263891 -0.580282 -0.929001 2.244828 -0.326857 -0.894160 2.195570 
-0.459815 0.790180 2.355738 -0.451851 0.581976 2.342831 -0.650059 0.437035 2.323070 -0.248118 0.462287 2.349016 -0.760123 0.149764 2.351499 -0.119249 0.183120 2.324943 -0.767826 -0.106434 2.324943 -0.102881 -0.065785 2.289240 -0.757037 -0.131144 2.286679 -0.108953 -0.099938 2.209049 -0.437436 0.182274 2.338484 -0.429108 0.114704 2.274359 -0.514996 0.022815 2.250255 -0.334530 0.029578 2.266839 -0.548629 -0.469337 2.198438 -0.368453 -0.512802 2.373469 -0.569117 -0.877617 2.256589 -0.352649 -0.837834 2.262378 -0.572393 -0.928001 2.173034 -0.325515 -0.895854 2.199619 
-0.457239 0.790732 2.328314 -0.447824 0.582953 2.314863 -0.645668 0.437194 2.294186 -0.244951 0.462697 2.318989 -0.755921 0.149424 2.324247 -0.116213 0.183907 2.293924 -0.765033 -0.107065 2.293924 -0.101297 -0.065043 2.265844 -0.753795 -0.130035 2.263347 -0.107945 -0.098277 2.178260 -0.432470 0.182329 2.308751 -0.424300 0.114655 2.244217 -0.509768 0.023202 2.219683 -0.329861 0.029763 2.236694 -0.543951 -0.466193 2.158591 -0.365899 -0.513480 2.359592 -0.565336 -0.878196 2.196293 -0.352654 -0.838398 2.261724 -0.565499 -0.927133 2.108913 -0.324016 -0.897613 2.204332 
-0.456097 0.791137 2.301858 -0.445565 0.583781 2.287138 -0.643102 0.437050 2.266055 -0.243433 0.462898 2.289765 -0.753174 0.148827 2.297439 -0.114216 0.184555 2.265460 -0.763752 -0.107947 2.265460 -0.100638 -0.064392 2.240845 -0.752240 -0.129351 2.238581 -0.107725 -0.096722 2.149998 -0.429064 0.182325 2.279816 -0.421008 0.114551 2.214990 -0.506004 0.023469 2.190416 -0.326717 0.029852 2.207162 -0.540101 -0.463704 2.122854 -0.363564 -0.514257 2.344460 -0.561987 -0.879055 2.142774 -0.352429 -0.839219 2.261857 -0.559449 -0.926482 2.052265 -0.322319 -0.899535 2.209414 
-0.459060 0.790896 2.271716 -0.446891 0.584669 2.256680 -0.644342 0.436441 2.234572 -0.246536 0.463067 2.256785 -0.754002 0.147158 2.265265 -0.115268 0.185016 2.235793 -0.764939 -0.109951 2.235793 -0.101970 -0.064124 2.210852 -0.753654 -0.130147 2.209090 -0.108824 -0.095224 2.122921 -0.428787 0.181996 2.247958 -0.420801 0.114089 2.182782 -0.505180 0.023328 2.158003 -0.326631 0.029829 2.174893 -0.537286 -0.461748 2.089561 -0.361358 -0.514755 2.324599 -0.558937 -0.879970 2.095714 -0.352519 -0.839593 2.260896 -0.554072 -0.926052 2.002559 -0.320834 -0.901200 2.214526 
-0.462943 0.790511 2.243729 -0.449378 0.585457 2.228153 -0.646874 0.435720 2.204667 -0.250536 0.463252 2.226355 -0.756122 0.145715 2.233647 -0.117144 0.185334 2.208733 -0.767095 -0.111750 2.208733 -0.103638 -0.063980 2.181370 -0.756332 -0.131085 2.179799 -0.110478 -0.093889 2.098132 -0.429412 0.181692 2.218456 -0.421359 0.113673 2.153035 -0.505129 0.023176 2.127803 -0.327202 0.029817 2.145361 -0.534936 -0.460055 2.059814 -0.359280 -0.515109 2.304254 -0.556303 -0.880746 2.053862 -0.352563 -0.839861 2.259867 -0.549353 -0.925624 1.958425 -0.319437 -0.902679 2.219420 
-0.470129 0.789105 2.212892 -0.455733 0.586396 2.197293 -0.653425 0.434617 2.170792 -0.257316 0.463586 2.194781 -0.762127 0.144689 2.196012 -0.121752 0.185744 2.181378 -0.772909 -0.113142 2.181378 -0.106815 -0.063760 2.144812 -0.762650 -0.132496 2.143899 -0.112982 -0.092601 2.074566 -0.432870 0.181489 2.187105 -0.424285 0.113384 2.121704 -0.507181 0.022904 2.095786 -0.329897 0.029910 2.114688 -0.533348 -0.458837 2.032127 -0.356625 -0.515411 2.276582 -0.554029 -0.881349 2.016669 -0.352614 -0.839912 2.258415 -0.545167 -0.925159 1.919214 -0.318410 -0.903558 2.222309 
-0.478342 0.787139 2.183316 -0.462804 0.587150 2.168613 -0.660583 0.433533 2.139284 -0.264604 0.464013 2.165767 -0.768996 0.144188 2.159716 -0.126969 0.186234 2.156366 -0.779768 -0.113897 2.156366 -0.110270 -0.063466 2.108311 -0.770344 -0.133867 2.106866 -0.115622 -0.091380 2.053164 -0.437004 0.181327 2.157991 -0.427835 0.113197 2.092596 -0.509910 0.022705 2.065775 -0.333149 0.030062 2.086315 -0.532121 -0.457706 2.007176 -0.353913 -0.514854 2.245781 -0.551954 -0.881805 1.983341 -0.353011 -0.838454 2.255288 -0.541384 -0.924672 1.884046 -0.317594 -0.903989 2.224811 
-0.488251 0.784432 2.152620 -0.472523 0.587410 2.138491 -0.670395 0.432636 2.105600 -0.274554 0.464297 2.135573 -0.778732 0.144342 2.118789 -0.133782 0.186784 2.131880 -0.789868 -0.113408 2.131880 -0.114542 -0.063148 2.062848 -0.780380 -0.135060 2.062198 -0.118779 -0.090228 2.032945 -0.443456 0.180982 2.126848 -0.433458 0.113000 2.061422 -0.514584 0.022286 2.033069 -0.338215 0.030355 2.056523 -0.531697 -0.457109 1.983975 -0.351119 -0.511866 2.203141 -0.550045 -0.882146 1.953280 -0.352724 -0.835926 2.248339 -0.537918 -0.924187 1.852250 -0.316584 -0.903578 2.225321 
-0.498067 0.781709 2.124196 -0.482293 0.587542 2.110836 -0.680113 0.431678 2.074419 -0.284243 0.464593 2.108314 -0.788318 0.144585 2.080732 -0.141192 0.187115 2.109121 -0.800565 -0.112399 2.109121 -0.118976 -0.062985 2.018279 -0.790829 -0.136133 2.017530 -0.122680 -0.089609 2.013531 -0.449985 0.180664 2.098386 -0.439071 0.112849 2.033007 -0.519336 0.021880 2.002839 -0.343251 0.030646 2.029511 -0.531656 -0.456737 1.963010 -0.348741 -0.507559 2.157554 -0.548298 -0.882452 1.926021 -0.353217 -0.829861 2.233234 -0.534727 -0.923725 1.823500 -0.318565 -0.893803 2.203862 
-0.509268 0.778478 2.092750 -0.493814 0.587405 2.080829 -0.691033 0.430345 2.039546 -0.295475 0.464946 2.079436 -0.800411 0.147482 2.036546 -0.151253 0.186774 2.084576 -0.814008 -0.106585 2.084576 -0.125318 -0.063466 1.960862 -0.804121 -0.133110 1.958239 -0.127500 -0.089441 1.994879 -0.458129 0.180251 2.067259 -0.445991 0.112708 2.002008 -0.525304 0.021383 1.969243 -0.349521 0.031010 2.000455 -0.532953 -0.457135 1.942787 -0.347242 -0.503475 2.096492 -0.546569 -0.882575 1.901623 -0.354092 -0.829013 2.214790 -0.531620 -0.923068 1.797964 -0.320382 -0.891564 2.180974 
-0.519831 0.775317 2.063875 -0.504959 0.587088 2.053206 -0.701298 0.429081 2.007709 -0.306359 0.465228 2.052868 -0.811602 0.150289 1.996766 -0.160992 0.186386 2.062314 -0.826100 -0.100775 2.062314 -0.131631 -0.064002 1.908727 -0.816134 -0.129525 1.904579 -0.132851 -0.089484 1.977487 -0.466134 0.179742 2.038570 -0.452829 0.112477 1.973426 -0.531219 0.020820 1.938283 -0.355769 0.031275 1.973677 -0.534942 -0.456979 1.924003 -0.346425 -0.498490 2.036558 -0.544930 -0.882525 1.880015 -0.354844 -0.829178 2.189039 -0.528727 -0.922257 1.775540 -0.322352 -0.890036 2.149154 
-0.530132 0.771835 2.033935 -0.515943 0.586427 2.024933 -0.711406 0.427419 1.974790 -0.317462 0.464911 2.025345 -0.822859 0.153128 1.957203 -0.171437 0.185909 2.039695 -0.836494 -0.094082 2.039695 -0.138388 -0.064714 1.855285 -0.826969 -0.128732 1.842730 -0.139023 -0.089905 1.960639 -0.474540 0.178838 2.009124 -0.460126 0.111827 1.944037 -0.537804 0.019786 1.905997 -0.362456 0.031127 1.946497 -0.537809 -0.456720 1.906305 -0.347733 -0.490858 1.972473 -0.543677 -0.882380 1.860872 -0.353438 -0.831337 2.147371 -0.526392 -0.921392 1.755857 -0.322313 -0.890057 2.099494 
-0.539481 0.768530 2.006176 -0.526111 0.585739 1.998960 -0.720543 0.425777 1.944646 -0.327797 0.464604 2.000114 -0.832898 0.155716 1.921934 -0.181449 0.185482 2.018769 -0.845445 -0.088065 2.018769 -0.145187 -0.065399 1.808267 -0.834767 -0.128040 1.798807 -0.145278 -0.090446 1.944995 -0.482418 0.177946 1.982138 -0.466967 0.111167 1.917115 -0.543926 0.018806 1.876640 -0.368817 0.030923 1.921489 -0.541083 -0.456556 1.890128 -0.349146 -0.483661 1.915256 -0.542616 -0.882058 1.844334 -0.353534 -0.834490 2.092036 -0.524373 -0.920374 1.739097 -0.324150 -0.890958 2.035260 
-0.547670 0.765102 1.977496 -0.535626 0.584744 1.971870 -0.728742 0.423698 1.913246 -0.337572 0.463998 1.973851 -0.841889 0.158131 1.888256 -0.191472 0.184921 1.996819 -0.852608 -0.083199 1.996819 -0.152320 -0.066270 1.766055 -0.841376 -0.127865 1.758722 -0.152245 -0.091542 1.928522 -0.490228 0.176734 1.954020 -0.473830 0.110157 1.889008 -0.550162 0.017514 1.845723 -0.375314 0.030281 1.895608 -0.545752 -0.455882 1.873951 -0.352047 -0.475132 1.857573 -0.541752 -0.881161 1.830229 -0.350472 -0.835834 2.022832 -0.522646 -0.918857 1.725097 -0.322414 -0.891662 1.956406 
-0.554694 0.761763 1.950431 -0.544157 0.583755 1.946942 -0.735874 0.421795 1.884637 -0.346362 0.463345 1.949730 -0.849650 0.160315 1.857706 -0.200712 0.184304 1.976317 -0.858594 -0.078966 1.976317 -0.159118 -0.067194 1.728559 -0.847076 -0.127857 1.722443 -0.158892 -0.092741 1.913223 -0.497324 0.175487 1.928167 -0.480077 0.109072 1.863144 -0.555794 0.016236 1.817601 -0.381325 0.029512 1.871610 -0.550552 -0.455219 1.859195 -0.354904 -0.467732 1.806953 -0.541253 -0.880077 1.818421 -0.347727 -0.836718 1.951208 -0.521428 -0.917211 1.713673 -0.321006 -0.891894 1.875992 
-0.560626 0.758632 1.925213 -0.551652 0.582555 1.922882 -0.741939 0.419974 1.857807 -0.354163 0.462446 1.926434 -0.856083 0.162215 1.829473 -0.209133 0.183611 1.956602 -0.863158 -0.075409 1.956602 -0.165547 -0.068193 1.694904 -0.851243 -0.128771 1.685824 -0.165142 -0.094101 1.898403 -0.503652 0.174084 1.903502 -0.485690 0.107790 1.838444 -0.560826 0.014781 1.790624 -0.386800 0.028483 1.848824 -0.555489 -0.454499 1.845404 -0.357914 -0.461257 1.760801 -0.541145 -0.878718 1.808724 -0.342129 -0.836896 1.879534 -0.520765 -0.915370 1.704610 -0.316340 -0.891267 1.796579 
-0.565484 0.755274 1.900129 -0.557927 0.581076 1.899563 -0.746808 0.418094 1.831992 -0.360958 0.461350 1.904015 -0.861433 0.163938 1.803568 -0.216740 0.182721 1.937172 -0.867144 -0.072466 1.937172 -0.171561 -0.069381 1.665272 -0.855117 -0.127884 1.655293 -0.170893 -0.095735 1.883538 -0.509207 0.172487 1.879734 -0.490615 0.106302 1.814630 -0.565245 0.013230 1.765007 -0.391712 0.027176 1.826629 -0.560592 -0.453592 1.832201 -0.360655 -0.455612 1.718495 -0.541440 -0.876905 1.800999 -0.337619 -0.838282 1.817649 -0.520600 -0.913246 1.697809 -0.312630 -0.892222 1.728722 
-0.568175 0.751541 1.872363 -0.562431 0.579089 1.873742 -0.749412 0.415927 1.804171 -0.366153 0.459470 1.878643 -0.865203 0.165302 1.777977 -0.223165 0.181317 1.914535 -0.870557 -0.070241 1.914535 -0.176692 -0.071073 1.638847 -0.858510 -0.127523 1.628477 -0.175794 -0.097862 1.865508 -0.513496 0.170221 1.853460 -0.494412 0.104084 1.788211 -0.568536 0.011309 1.737446 -0.395789 0.025116 1.801400 -0.565886 -0.452653 1.818771 -0.362815 -0.450929 1.677767 -0.542010 -0.874867 1.794431 -0.334127 -0.840643 1.763467 -0.520860 -0.910818 1.692173 -0.310009 -0.894232 1.670252 
-0.570816 0.748075 1.846977 -0.564452 0.576586 1.845256 -0.749013 0.413282 1.773752 -0.369083 0.456613 1.849680 -0.867784 0.166164 1.753630 -0.227309 0.179433 1.887842 -0.873390 -0.068543 1.887842 -0.180591 -0.073361 1.615116 -0.861530 -0.127264 1.604513 -0.179055 -0.103506 1.841156 -0.516089 0.167328 1.824805 -0.496706 0.101170 1.759395 -0.570373 0.008894 1.707458 -0.398722 0.022382 1.774285 -0.570953 -0.451572 1.803730 -0.364308 -0.447146 1.639475 -0.542416 -0.872608 1.788390 -0.327455 -0.842922 1.709463 -0.521003 -0.908284 1.687090 -0.303868 -0.896067 1.612593 
-0.572660 0.744509 1.820578 -0.562923 0.573623 1.812547 -0.744337 0.410147 1.739510 -0.368807 0.453550 1.816433 -0.868742 0.166629 1.729872 -0.228622 0.177310 1.855283 -0.875372 -0.067389 1.855283 -0.182248 -0.075943 1.593664 -0.864015 -0.127021 1.582921 -0.180488 -0.106518 1.811657 -0.516252 0.163697 1.792503 -0.496806 0.097391 1.726942 -0.570158 0.006020 1.674709 -0.399826 0.018731 1.742877 -0.575741 -0.450127 1.785355 -0.364350 -0.444291 1.602334 -0.542795 -0.870087 1.782685 -0.326987 -0.843220 1.672149 -0.521116 -0.905605 1.682372 -0.304870 -0.894856 1.571987 
-0.573230 0.741354 1.794696 -0.556979 0.570602 1.775336 -0.734987 0.408155 1.702201 -0.364405 0.450305 1.779186 -0.868289 0.166853 1.707062 -0.226019 0.175217 1.815938 -0.876172 -0.066764 1.815938 -0.181340 -0.078548 1.574132 -0.865567 -0.126584 1.563363 -0.178857 -0.108458 1.774082 -0.513981 0.159515 1.757125 -0.494870 0.092848 1.691741 -0.568390 0.002867 1.641381 -0.399362 0.014325 1.707567 -0.580502 -0.449113 1.761906 -0.363565 -0.442229 1.568398 -0.542920 -0.867466 1.777226 -0.356279 -0.821369 1.603720 -0.520904 -0.902639 1.677915 -0.335858 -0.870818 1.501153 
-0.573018 0.738460 1.769799 -0.550219 0.567896 1.740359 -0.724969 0.406524 1.667439 -0.357762 0.447667 1.744122 -0.866553 0.166593 1.685374 -0.221824 0.173146 1.776795 -0.875900 -0.066804 1.776795 -0.179179 -0.081096 1.556446 -0.866817 -0.127507 1.545560 -0.175465 -0.115033 1.734202 -0.510781 0.155793 1.723691 -0.492003 0.088822 1.658334 -0.565769 0.000013 1.609774 -0.397698 0.010321 1.673410 -0.584474 -0.448035 1.737767 -0.362535 -0.440374 1.537926 -0.542706 -0.864992 1.771985 -0.384910 -0.799783 1.540245 -0.520443 -0.900065 1.673459 -0.365919 -0.847263 1.435994 
-0.570727 0.736737 1.744471 -0.539610 0.567310 1.704402 -0.709233 0.405066 1.628150 -0.346472 0.445410 1.705322 -0.861090 0.165118 1.661758 -0.213337 0.171759 1.730330 -0.873686 -0.067989 1.730330 -0.172990 -0.082775 1.538767 -0.867297 -0.128686 1.528643 -0.167523 -0.121407 1.683673 -0.503921 0.152282 1.687190 -0.485499 0.084705 1.621472 -0.559290 -0.003011 1.573740 -0.392836 0.006270 1.636271 -0.587080 -0.447163 1.701944 -0.361208 -0.438819 1.510335 -0.538927 -0.859324 1.765863 -0.406939 -0.769116 1.465498 -0.516200 -0.893417 1.668123 -0.388977 -0.814862 1.360686 
-0.565040 0.734924 1.717379 -0.522919 0.566233 1.665588 -0.689716 0.404479 1.586530 -0.333533 0.443272 1.665138 -0.852728 0.164137 1.636914 -0.202312 0.172276 1.679795 -0.869875 -0.069025 1.679795 -0.162846 -0.081846 1.520840 -0.867212 -0.129728 1.512348 -0.156977 -0.120806 1.627444 -0.494766 0.148520 1.649485 -0.477196 0.080301 1.583810 -0.551913 -0.005761 1.539127 -0.386402 0.002138 1.596687 -0.588415 -0.446872 1.655471 -0.359573 -0.437538 1.485174 -0.546941 -0.857738 1.737508 -0.414072 -0.761937 1.423763 -0.524399 -0.893071 1.641601 -0.396754 -0.807205 1.317657 
-0.556807 0.732558 1.687757 -0.502883 0.563871 1.623612 -0.672034 0.403504 1.547895 -0.319052 0.441175 1.623511 -0.843329 0.161663 1.610897 -0.190234 0.173854 1.627363 -0.862454 -0.071920 1.627363 -0.149093 -0.078477 1.500360 -0.865453 -0.131722 1.495524 -0.143961 -0.117481 1.564982 -0.484047 0.145345 1.611374 -0.468002 0.076616 1.546063 -0.543860 -0.008245 1.504055 -0.379223 -0.001350 1.557641 -0.587414 -0.446916 1.601598 -0.357774 -0.436393 1.461799 -0.555019 -0.856950 1.698540 -0.419835 -0.756239 1.386136 -0.533386 -0.893988 1.604293 -0.403247 -0.801227 1.279038 
