64
0.255616 0.341297 3.258399 0.287344 0.164781 3.270844 0.121967 0.038151 3.261291 0.427912 0.078515 3.195641 0.087493 -0.217398 3.215602 0.476897 -0.183051 3.118736 0.066289 -0.411548 3.118736 0.497588 -0.397838 3.091003 0.059153 -0.447340 3.023893 0.500767 -0.485258 3.004344 0.291118 -0.156391 3.223699 0.278429 -0.203264 3.165890 0.206408 -0.279857 3.163591 0.344762 -0.263596 3.122666 0.246309 -0.768444 3.162776 0.340741 -0.741868 3.048284 0.281658 -1.100495 3.151771 0.337368 -1.048883 2.914712 0.269864 -1.152100 3.104066 0.322463 -1.080418 2.833106 
0.252670 0.341280 3.251372 0.284488 0.164677 3.263646 0.119692 0.038760 3.254802 0.425477 0.078904 3.189383 0.084843 -0.214696 3.208473 0.474510 -0.182661 3.112016 0.061635 -0.400809 3.112016 0.494842 -0.398214 3.071711 0.054090 -0.429061 2.994894 0.498022 -0.485558 2.995764 0.288944 -0.155997 3.216576 0.276417 -0.202794 3.158734 0.204651 -0.279201 3.155119 0.342868 -0.263107 3.116637 0.244459 -0.769097 3.159243 0.338099 -0.738948 3.034528 0.281570 -1.100683 3.151605 0.332653 -1.045122 2.896934 0.269690 -1.152809 3.103749 0.317262 -1.074624 2.814070 
0.250269 0.341516 3.242790 0.281806 0.164500 3.254397 0.117280 0.038833 3.245447 0.423212 0.079291 3.181778 0.082148 -0.212327 3.199808 0.472237 -0.182366 3.103755 0.056289 -0.390062 3.103755 0.492170 -0.398684 3.050325 0.049289 -0.412057 2.965609 0.495357 -0.485870 2.986764 0.286813 -0.155538 3.208055 0.274525 -0.202281 3.150248 0.202972 -0.278559 3.145255 0.341140 -0.262559 3.109451 0.242531 -0.769594 3.154518 0.335626 -0.736117 3.021488 0.281464 -1.100870 3.151400 0.328378 -1.041785 2.880640 0.269010 -1.154062 3.104253 0.312664 -1.069485 2.796787 
0.248034 0.341946 3.231829 0.279435 0.164425 3.243640 0.114887 0.038993 3.235012 0.421373 0.080087 3.172838 0.079618 -0.209641 3.189181 0.469735 -0.181810 3.094114 0.050976 -0.378012 3.094114 0.489547 -0.399228 3.026251 0.044809 -0.396635 2.937321 0.492787 -0.486196 2.977168 0.284888 -0.154763 3.197897 0.272803 -0.201394 3.140132 0.201373 -0.277606 3.133595 0.339621 -0.261753 3.100807 0.240517 -0.769969 3.148823 0.333325 -0.733438 3.008979 0.281303 -1.101071 3.151016 0.324559 -1.038791 2.865964 0.268777 -1.155011 3.103664 0.308542 -1.064900 2.781322 
0.245860 0.342395 3.219949 0.277318 0.164482 3.231722 0.112676 0.039680 3.223558 0.419750 0.081090 3.162391 0.077090 -0.206101 3.175687 0.466920 -0.180996 3.082993 0.045896 -0.367423 3.082993 0.486971 -0.399347 3.002641 0.039979 -0.384379 2.908296 0.490318 -0.486283 2.966723 0.283053 -0.153701 3.186118 0.271124 -0.200141 3.128336 0.199797 -0.276369 3.120527 0.338098 -0.260450 3.090024 0.238391 -0.770314 3.141714 0.331161 -0.730919 2.997117 0.281097 -1.101290 3.150444 0.321143 -1.036103 2.852754 0.268541 -1.155956 3.102982 0.304847 -1.060802 2.767471 
0.243661 0.343132 3.206266 0.275429 0.164780 3.219203 0.110454 0.040636 3.210803 0.418333 0.082364 3.150804 0.074772 -0.202826 3.156866 0.464376 -0.180025 3.070791 0.040343 -0.358315 3.070791 0.484457 -0.399248 2.976244 0.035282 -0.375561 2.878663 0.488124 -0.485797 2.953660 0.281288 -0.152366 3.172930 0.269504 -0.198538 3.114985 0.198188 -0.274714 3.105422 0.336659 -0.258871 3.077794 0.236051 -0.770244 3.132885 0.329098 -0.728461 2.985806 0.280859 -1.101498 3.149598 0.318095 -1.033693 2.840795 0.268330 -1.156721 3.102469 0.301550 -1.057133 2.754987 
0.242035 0.344406 3.190136 0.274355 0.166091 3.201467 0.108617 0.042519 3.194839 0.417230 0.084424 3.135677 0.072902 -0.199162 3.134429 0.462741 -0.178934 3.053550 0.035993 -0.350750 3.053550 0.482584 -0.398150 2.949877 0.031285 -0.367318 2.854514 0.485962 -0.484623 2.936463 0.279866 -0.150275 3.155393 0.268139 -0.196328 3.097580 0.196827 -0.272415 3.086737 0.335344 -0.256798 3.062086 0.232590 -0.769320 3.115894 0.326291 -0.725938 2.972836 0.280483 -1.101674 3.146896 0.315387 -1.031576 2.829867 0.268107 -1.157490 3.101626 0.298603 -1.053870 2.743651 
0.240926 0.345720 3.172329 0.273282 0.167177 3.183310 0.107660 0.044586 3.173926 0.416344 0.086347 3.119261 0.071232 -0.195714 3.109866 0.461372 -0.177835 3.035973 0.031819 -0.344861 3.035973 0.480998 -0.397002 2.924813 0.027355 -0.363718 2.830450 0.484051 -0.483369 2.918888 0.278293 -0.148608 3.136976 0.266873 -0.194548 3.079003 0.195596 -0.270417 3.067590 0.334162 -0.255162 3.044056 0.228013 -0.765352 3.092297 0.323514 -0.723581 2.960315 0.279757 -1.100370 3.141478 0.312980 -1.029728 2.819978 0.267439 -1.154575 3.093671 0.296035 -1.050971 2.733368 
0.240255 0.347582 3.146035 0.273194 0.168825 3.160050 0.107688 0.046864 3.147631 0.416083 0.088585 3.095839 0.069652 -0.193776 3.080209 0.460709 -0.176609 3.013256 0.028443 -0.342425 3.013256 0.480090 -0.395583 2.901863 0.024222 -0.361196 2.809628 0.483487 -0.481025 2.894531 0.277283 -0.146476 3.112635 0.265960 -0.192229 3.054422 0.194745 -0.267404 3.041365 0.333121 -0.253072 3.021024 0.222043 -0.757991 3.052895 0.320262 -0.720983 2.944572 0.277280 -1.096846 3.125000 0.310846 -1.028118 2.810983 0.265842 -1.153682 3.083505 0.293723 -1.048406 2.724038 
0.239882 0.349457 3.120058 0.273335 0.170590 3.135679 0.107784 0.049019 3.122080 0.415933 0.090730 3.072974 0.068273 -0.192161 3.052232 0.460190 -0.176346 2.988628 0.025589 -0.340832 2.988628 0.479672 -0.395186 2.881674 0.021568 -0.360174 2.791185 0.483351 -0.478595 2.870611 0.276415 -0.144535 3.088283 0.265191 -0.190229 3.029950 0.194002 -0.264817 3.016334 0.332229 -0.251328 2.996618 0.216167 -0.749026 3.009511 0.316756 -0.718595 2.927943 0.273975 -1.092042 3.101722 0.308899 -1.026713 2.802881 0.263757 -1.151416 3.065212 0.291643 -1.046157 2.715610 
0.239559 0.351665 3.091448 0.273326 0.172707 3.105198 0.107541 0.051100 3.091662 0.415741 0.092713 3.043626 0.067070 -0.190834 3.026021 0.459799 -0.176232 2.961720 0.023077 -0.339910 2.961720 0.480174 -0.394467 2.863341 0.019168 -0.360147 2.774884 0.483648 -0.476116 2.846576 0.275359 -0.142558 3.059674 0.264177 -0.188424 3.001775 0.193064 -0.262560 2.989839 0.331063 -0.249975 2.968326 0.209828 -0.739265 2.960766 0.313935 -0.716662 2.910848 0.270943 -1.088796 3.080126 0.306859 -1.026179 2.795271 0.258012 -1.145938 3.028033 0.291718 -1.047178 2.711075 
0.239325 0.353878 3.062814 0.273494 0.174881 3.075883 0.107443 0.053086 3.063344 0.415472 0.095502 3.015154 0.066058 -0.189768 3.001497 0.459422 -0.176276 2.935237 0.020850 -0.339577 2.935237 0.480871 -0.394027 2.846696 0.017053 -0.361463 2.760499 0.484267 -0.473520 2.823218 0.274543 -0.140534 3.032135 0.263270 -0.186561 2.974591 0.192248 -0.260354 2.964362 0.329890 -0.248437 2.940540 0.203863 -0.729510 2.914375 0.311572 -0.714706 2.894102 0.261479 -1.077614 3.028376 0.305035 -1.025822 2.788289 0.247399 -1.130090 2.968518 0.290881 -1.048425 2.705898 
0.238940 0.356017 3.034314 0.273718 0.177019 3.047955 0.107346 0.055033 3.036058 0.415237 0.097866 2.987160 0.065121 -0.188886 2.978379 0.459152 -0.176234 2.909825 0.018881 -0.339766 2.909825 0.481559 -0.393558 2.831658 0.015076 -0.364057 2.747870 0.484865 -0.470817 2.800849 0.273795 -0.138582 3.005386 0.262392 -0.184744 2.948064 0.191344 -0.258306 2.939356 0.328814 -0.246910 2.913166 0.197785 -0.717459 2.866390 0.309997 -0.712861 2.878272 0.252190 -1.066991 2.971254 0.303507 -1.025368 2.781916 0.237212 -1.114954 2.904752 0.289712 -1.048063 2.700171 
0.238140 0.358178 3.002613 0.273312 0.179398 3.016078 0.106589 0.057349 3.006863 0.414389 0.101266 2.957155 0.064087 -0.188503 2.955375 0.458370 -0.175713 2.881423 0.017085 -0.340906 2.881423 0.482446 -0.392703 2.817676 0.013281 -0.367608 2.736914 0.485422 -0.467073 2.775217 0.272779 -0.136245 2.976703 0.261298 -0.182694 2.919924 0.190275 -0.256236 2.913137 0.327584 -0.245177 2.884552 0.191595 -0.704893 2.819023 0.308956 -0.711095 2.862967 0.238554 -1.047775 2.893353 0.302150 -1.025057 2.776141 0.222829 -1.090662 2.820765 0.288682 -1.047872 2.695001 
0.237340 0.360197 2.973261 0.272858 0.181606 2.986158 0.105714 0.059482 2.978200 0.413397 0.103795 2.927961 0.063010 -0.188001 2.932944 0.457351 -0.174872 2.854455 0.015451 -0.342272 2.854455 0.483084 -0.391535 2.804621 0.011498 -0.371774 2.727206 0.485909 -0.463942 2.750739 0.271651 -0.134237 2.949317 0.260105 -0.180972 2.892931 0.189099 -0.254416 2.887823 0.326245 -0.243812 2.857180 0.186091 -0.693807 2.776568 0.308209 -0.709652 2.848521 0.228487 -1.039474 2.836764 0.300969 -1.024883 2.770923 0.212394 -1.080633 2.760062 0.287812 -1.047838 2.690351 
0.236165 0.361990 2.944273 0.272207 0.183774 2.956526 0.104564 0.061490 2.951168 0.412359 0.106563 2.900376 0.061871 -0.187658 2.911033 0.456470 -0.174549 2.827864 0.013849 -0.344115 2.827864 0.483548 -0.390856 2.792162 0.009779 -0.376568 2.718736 0.486171 -0.461056 2.727057 0.270413 -0.131960 2.922349 0.258802 -0.178930 2.866376 0.187682 -0.252356 2.862503 0.324914 -0.242192 2.830559 0.180867 -0.683164 2.736829 0.307717 -0.708500 2.834896 0.218034 -1.031278 2.780178 0.299935 -1.024801 2.766208 0.201650 -1.070962 2.700029 0.287063 -1.047907 2.686172 
0.234737 0.363892 2.915921 0.271355 0.185780 2.928856 0.103097 0.063382 2.924587 0.410969 0.109070 2.873307 0.060497 -0.187620 2.889843 0.455518 -0.174451 2.802716 0.011995 -0.346598 2.802716 0.483665 -0.390374 2.779691 0.007851 -0.382377 2.710382 0.486303 -0.458411 2.704897 0.269037 -0.129977 2.896461 0.257371 -0.177163 2.840754 0.186206 -0.250532 2.838155 0.323423 -0.240830 2.804558 0.176029 -0.673694 2.700816 0.307382 -0.707352 2.821570 0.207883 -1.023956 2.726602 0.299035 -1.024884 2.761955 0.191311 -1.062390 2.643639 0.286421 -1.048152 2.682436 
0.233180 0.365582 2.889347 0.270071 0.187591 2.902108 0.101465 0.065035 2.899162 0.409380 0.111938 2.847515 0.058894 -0.187813 2.869372 0.453965 -0.173848 2.777879 0.010281 -0.349558 2.777879 0.483567 -0.389534 2.767921 0.005968 -0.388282 2.702765 0.486035 -0.455788 2.682441 0.267474 -0.128107 2.871490 0.255777 -0.175503 2.816067 0.184637 -0.248885 2.814786 0.321750 -0.239533 2.779300 0.171319 -0.665085 2.667709 0.307163 -0.706294 2.808884 0.197952 -1.017161 2.675062 0.298265 -1.025013 2.758121 0.181288 -1.054535 2.589808 0.285883 -1.048447 2.679092 
0.231394 0.367220 2.864589 0.268299 0.189135 2.876123 0.099260 0.066195 2.873784 0.407471 0.114918 2.822573 0.057155 -0.188139 2.849748 0.452243 -0.172985 2.753688 0.008562 -0.352969 2.753688 0.482869 -0.388378 2.755705 0.003789 -0.394392 2.694428 0.484992 -0.453625 2.659746 0.265767 -0.126326 2.847215 0.254132 -0.173895 2.792031 0.182988 -0.247325 2.790791 0.320170 -0.238270 2.755580 0.166456 -0.657168 2.636351 0.306848 -0.705450 2.796205 0.188505 -1.011254 2.626854 0.297610 -1.025229 2.754696 0.171943 -1.047784 2.539841 0.285456 -1.048837 2.676136 
0.229274 0.368733 2.840598 0.266402 0.190890 2.851150 0.096656 0.067220 2.848763 0.405404 0.117684 2.798841 0.054589 -0.188637 2.827516 0.450257 -0.172027 2.730875 0.006470 -0.357037 2.730875 0.481567 -0.387089 2.742827 0.001658 -0.400481 2.686326 0.483692 -0.451837 2.638325 0.263824 -0.124559 2.823665 0.252299 -0.172334 2.768662 0.181155 -0.245810 2.767532 0.318428 -0.237057 2.732746 0.162036 -0.650149 2.608288 0.306554 -0.704636 2.783514 0.179685 -1.005918 2.582129 0.297025 -1.025385 2.751589 0.163359 -1.041687 2.493687 0.285103 -1.049155 2.673461 
0.226776 0.370027 2.817319 0.264324 0.192573 2.827377 0.093924 0.068324 2.824522 0.403165 0.120147 2.776212 0.051988 -0.189167 2.806678 0.447406 -0.171221 2.706980 0.004027 -0.361306 2.706980 0.479861 -0.386215 2.728787 -0.000780 -0.406983 2.677265 0.482053 -0.450423 2.617271 0.261297 -0.123146 2.800204 0.249815 -0.171125 2.745171 0.178714 -0.244499 2.744325 0.315761 -0.236292 2.709123 0.157394 -0.643731 2.581527 0.306248 -0.703960 2.770991 0.171896 -1.001540 2.542186 0.296523 -1.025539 2.748770 0.155905 -1.036736 2.452687 0.284826 -1.049460 2.671043 
0.224212 0.371279 2.795274 0.261867 0.194152 2.804007 0.090936 0.069659 2.800961 0.400333 0.122555 2.753456 0.048446 -0.189747 2.784948 0.444254 -0.170133 2.684101 0.001367 -0.365957 2.684101 0.477460 -0.384936 2.714080 -0.003290 -0.413585 2.667876 0.479969 -0.449352 2.596318 0.258586 -0.121824 2.777476 0.247141 -0.170026 2.722506 0.176062 -0.243230 2.721569 0.313012 -0.235583 2.686864 0.153234 -0.638092 2.557650 0.305969 -0.703065 2.757902 0.164732 -0.997701 2.505696 0.296103 -1.025716 2.746202 0.149038 -1.032382 2.415351 0.284596 -1.049777 2.668845 
0.220382 0.372787 2.771439 0.258230 0.195831 2.779606 0.086337 0.070894 2.773688 0.396832 0.125023 2.730130 0.043201 -0.190292 2.757251 0.439676 -0.168231 2.659466 -0.003101 -0.371358 2.659466 0.473220 -0.382454 2.692496 -0.007045 -0.420440 2.653181 0.475585 -0.447522 2.570464 0.253863 -0.120345 2.751401 0.242603 -0.168580 2.696199 0.171269 -0.241735 2.694788 0.308457 -0.234428 2.660467 0.149032 -0.633005 2.534499 0.304547 -0.701378 2.738724 0.157883 -0.994469 2.471817 0.295756 -1.025777 2.743408 0.142599 -1.028727 2.380860 0.284473 -1.049951 2.666402 
0.216568 0.374168 2.749218 0.254199 0.197514 2.756474 0.081521 0.071977 2.747564 0.392939 0.127510 2.707839 0.037715 -0.190648 2.730337 0.434887 -0.166324 2.636357 -0.008164 -0.376341 2.636357 0.468715 -0.379863 2.668855 -0.011278 -0.427142 2.637387 0.470827 -0.445878 2.545581 0.248905 -0.118951 2.726587 0.237819 -0.167217 2.671071 0.166270 -0.240319 2.669036 0.303632 -0.233283 2.635261 0.144982 -0.628427 2.512908 0.302582 -0.698848 2.716535 0.151654 -0.991675 2.441459 0.295438 -1.025817 2.740600 0.136760 -1.025578 2.350016 0.284374 -1.050100 2.663939 
0.211416 0.375923 2.724507 0.248306 0.199656 2.731147 0.074777 0.073910 2.717654 0.387668 0.130450 2.683133 0.029452 -0.189628 2.696586 0.428044 -0.164357 2.609281 -0.015474 -0.380205 2.609281 0.461833 -0.377079 2.636439 -0.018044 -0.432657 2.612549 0.463467 -0.443545 2.514931 0.242432 -0.116914 2.698309 0.231754 -0.165041 2.642265 0.159977 -0.238230 2.638518 0.297771 -0.231076 2.606761 0.140447 -0.624106 2.491042 0.298462 -0.694942 2.681664 0.145992 -0.989175 2.414254 0.294656 -1.024958 2.734987 0.131516 -1.022741 2.322464 0.283975 -1.049389 2.658770 
0.205411 0.378074 2.699537 0.241041 0.202082 2.704992 0.066342 0.075874 2.684220 0.381157 0.132996 2.657301 0.019398 -0.188130 2.657377 0.420384 -0.162800 2.581518 -0.025811 -0.383173 2.581518 0.453881 -0.374251 2.595699 -0.028482 -0.436115 2.575654 0.455300 -0.440686 2.480198 0.234314 -0.114892 2.668435 0.224260 -0.162882 2.611770 0.152117 -0.235885 2.605497 0.290662 -0.228949 2.577242 0.136066 -0.620350 2.470168 0.291293 -0.687241 2.631803 0.140714 -0.987022 2.389666 0.292586 -1.021030 2.721789 0.126710 -1.020218 2.297612 0.282732 -1.045655 2.646100 
0.198765 0.380251 2.674044 0.233744 0.204540 2.680377 0.058213 0.077724 2.653172 0.374744 0.135534 2.633124 0.009388 -0.185476 2.620033 0.412278 -0.160994 2.554237 -0.035683 -0.384423 2.554237 0.445644 -0.371185 2.556104 -0.039355 -0.438579 2.536910 0.446799 -0.437606 2.447059 0.226373 -0.112814 2.640192 0.216944 -0.160636 2.582914 0.144398 -0.233477 2.574023 0.283799 -0.226713 2.549370 0.131197 -0.616746 2.449454 0.282630 -0.676813 2.577253 0.136139 -0.984925 2.367816 0.288794 -1.014500 2.701508 0.122508 -1.017780 2.275437 0.279929 -1.039334 2.626350 
0.192095 0.382417 2.650106 0.225754 0.207148 2.656182 0.049921 0.079618 2.622755 0.368236 0.138048 2.610021 -0.000485 -0.182102 2.583877 0.404110 -0.159073 2.527925 -0.045798 -0.383710 2.527925 0.437481 -0.368101 2.514613 -0.050779 -0.439673 2.494441 0.438389 -0.434379 2.415769 0.218230 -0.110587 2.612804 0.209590 -0.158243 2.555003 0.136747 -0.230965 2.543700 0.276988 -0.224291 2.522433 0.126487 -0.613468 2.430480 0.273833 -0.666063 2.523607 0.132043 -0.982988 2.348078 0.283187 -1.005414 2.671940 0.118729 -1.015567 2.255354 0.275628 -1.030442 2.597270 
0.185306 0.384794 2.626542 0.217686 0.209640 2.632826 0.041638 0.081600 2.593359 0.361617 0.140644 2.587670 -0.010425 -0.178057 2.547479 0.396075 -0.157006 2.502738 -0.055989 -0.382239 2.502738 0.429059 -0.364826 2.473910 -0.062123 -0.439751 2.452424 0.430170 -0.431405 2.386142 0.210283 -0.108342 2.586713 0.202475 -0.155815 2.528476 0.129345 -0.228426 2.514699 0.270493 -0.221860 2.497073 0.121902 -0.610497 2.413183 0.264363 -0.654343 2.469202 0.128363 -0.981206 2.330178 0.275508 -0.994896 2.632822 0.115358 -1.013609 2.237179 0.269410 -1.020090 2.558548 
0.178443 0.387326 2.603609 0.209659 0.212173 2.610191 0.033603 0.083652 2.565543 0.354720 0.143502 2.565913 -0.019815 -0.173944 2.513386 0.388152 -0.154665 2.478811 -0.066072 -0.379495 2.478811 0.420712 -0.361574 2.433339 -0.073661 -0.438153 2.408816 0.422091 -0.428459 2.358438 0.202600 -0.105979 2.561577 0.195590 -0.153246 2.502922 0.122238 -0.225743 2.486597 0.264248 -0.219263 2.472903 0.117493 -0.607732 2.397366 0.255178 -0.642731 2.417764 0.125062 -0.979579 2.313906 0.265999 -0.980146 2.581694 0.112441 -1.011866 2.220729 0.264321 -1.010844 2.526051 
0.170637 0.390103 2.577663 0.200546 0.215313 2.585114 0.024866 0.086145 2.535219 0.346631 0.147599 2.541653 -0.030201 -0.168675 2.476143 0.379740 -0.151448 2.454566 -0.076230 -0.375195 2.454566 0.411927 -0.358041 2.388931 -0.084862 -0.434594 2.360319 0.413542 -0.425629 2.330951 0.194508 -0.103145 2.534599 0.188428 -0.150256 2.475636 0.115058 -0.222773 2.457034 0.257807 -0.216132 2.447173 0.113080 -0.605154 2.382308 0.245086 -0.629233 2.363413 0.122101 -0.978108 2.299219 0.259493 -0.972609 2.535120 0.109916 -1.010310 2.206063 0.259200 -1.004678 2.480782 
0.163277 0.392758 2.553503 0.191888 0.218375 2.561507 0.016664 0.088434 2.506927 0.338901 0.151317 2.518907 -0.039463 -0.163756 2.442609 0.371984 -0.148610 2.432477 -0.085706 -0.370287 2.432477 0.403539 -0.354876 2.347406 -0.094725 -0.430993 2.315981 0.405556 -0.423084 2.305813 0.187013 -0.100410 2.509724 0.181852 -0.147402 2.450525 0.108471 -0.219860 2.429292 0.251944 -0.213213 2.423869 0.108853 -0.602885 2.368368 0.236119 -0.616886 2.314965 0.119461 -0.976800 2.286046 0.252810 -0.965378 2.481444 0.107755 -1.008922 2.193068 0.253790 -0.999062 2.426954 
0.156221 0.395438 2.529582 0.183539 0.221330 2.537444 0.008665 0.090561 2.479575 0.331813 0.154317 2.497002 -0.047980 -0.159014 2.411268 0.364354 -0.146038 2.411170 -0.094234 -0.365628 2.411170 0.395519 -0.352029 2.309391 -0.103394 -0.427270 2.274342 0.397923 -0.420852 2.282529 0.179845 -0.097585 2.485454 0.175629 -0.144498 2.426168 0.102173 -0.217041 2.402508 0.246500 -0.210353 2.401546 0.104848 -0.600942 2.355482 0.227999 -0.605706 2.271004 0.117113 -0.975665 2.274328 0.245936 -0.958436 2.424319 0.105935 -1.007696 2.181671 0.248131 -0.993777 2.368643 
0.149424 0.397984 2.506336 0.175467 0.224116 2.513778 0.001085 0.092547 2.453155 0.324796 0.157412 2.475088 -0.055742 -0.154426 2.382025 0.357066 -0.143411 2.390186 -0.102076 -0.360113 2.390186 0.387834 -0.349629 2.272282 -0.110956 -0.423612 2.235427 0.390702 -0.419063 2.260775 0.173087 -0.095039 2.461881 0.169764 -0.141909 2.402555 0.096327 -0.214647 2.377350 0.241373 -0.207674 2.379395 0.100977 -0.599207 2.343385 0.220641 -0.596060 2.231301 0.115039 -0.974640 2.264002 0.239551 -0.952281 2.366362 0.104440 -1.006671 2.171850 0.242844 -0.989260 2.308904 
0.142221 0.400456 2.479324 0.167147 0.226803 2.486600 -0.006439 0.094250 2.423797 0.317206 0.160218 2.449847 -0.063093 -0.150356 2.351264 0.349174 -0.140518 2.366899 -0.109342 -0.356343 2.366899 0.380412 -0.347427 2.237565 -0.117993 -0.422285 2.197143 0.383809 -0.417608 2.239954 0.166268 -0.092384 2.435672 0.163892 -0.139216 2.376420 0.090664 -0.212177 2.349547 0.236166 -0.204852 2.355528 0.096687 -0.597439 2.330146 0.213648 -0.587218 2.193449 0.113165 -0.973554 2.254717 0.233444 -0.946098 2.304166 0.103231 -1.005577 2.163242 0.237792 -0.984586 2.243959 
0.135123 0.402910 2.450615 0.158946 0.229476 2.456035 -0.013586 0.096077 2.392933 0.309853 0.162873 2.421168 -0.069703 -0.146784 2.320619 0.341545 -0.137759 2.341973 -0.115266 -0.353239 2.341973 0.373282 -0.345476 2.204335 -0.123631 -0.420072 2.163150 0.377366 -0.416505 2.219491 0.159667 -0.089735 2.407107 0.158148 -0.136602 2.348047 0.085221 -0.209908 2.319657 0.230936 -0.202053 2.329164 0.092762 -0.598663 2.317018 0.207216 -0.579314 2.156988 0.111530 -0.972681 2.246676 0.227726 -0.941447 2.247235 0.102151 -1.004546 2.155816 0.232877 -0.981336 2.184777 
0.128602 0.405219 2.422642 0.151558 0.232023 2.426715 -0.019994 0.097806 2.363331 0.303159 0.165281 2.393332 -0.075495 -0.143608 2.291975 0.334547 -0.135042 2.316851 -0.120446 -0.350638 2.316851 0.366839 -0.343642 2.174486 -0.128470 -0.418280 2.132804 0.371109 -0.416056 2.198461 0.153662 -0.087368 2.379388 0.152921 -0.134297 2.320449 0.080335 -0.207929 2.291426 0.226110 -0.199544 2.302929 0.089073 -0.600248 2.304576 0.201500 -0.572504 2.123960 0.110113 -0.971925 2.239457 0.222503 -0.937712 2.194584 0.101291 -1.003635 2.149225 0.228366 -0.978869 2.129972 
0.122622 0.407587 2.394440 0.144851 0.234574 2.397436 -0.025736 0.099771 2.335003 0.296958 0.167513 2.365128 -0.080594 -0.140907 2.264212 0.328013 -0.132463 2.292425 -0.124954 -0.348635 2.292425 0.360768 -0.341733 2.147329 -0.132668 -0.416813 2.105846 0.365376 -0.415624 2.177742 0.148225 -0.084974 2.351599 0.148122 -0.131965 2.292779 0.075893 -0.205824 2.262478 0.221629 -0.197064 2.277116 0.085556 -0.602190 2.291903 0.196548 -0.566358 2.093518 0.108866 -0.971084 2.233200 0.217316 -0.934530 2.146762 0.100578 -1.002601 2.143662 0.223609 -0.976864 2.080360 
0.117318 0.409731 2.366743 0.139053 0.236930 2.368483 -0.030699 0.101707 2.305986 0.291617 0.169717 2.337540 -0.084991 -0.138464 2.238218 0.321959 -0.129880 2.265910 -0.128850 -0.346924 2.265910 0.355472 -0.340100 2.122973 -0.136327 -0.415570 2.081863 0.360410 -0.416158 2.156762 0.143371 -0.082839 2.323669 0.143934 -0.129886 2.264898 0.072020 -0.204014 2.234228 0.217689 -0.194827 2.250067 0.082059 -0.604402 2.278513 0.192191 -0.561124 2.065484 0.107807 -0.970247 2.227643 0.212812 -0.932106 2.103002 0.100103 -1.001546 2.138828 0.219638 -0.975496 2.034993 
0.112657 0.411993 2.339637 0.134032 0.239280 2.340249 -0.034909 0.103585 2.278056 0.287177 0.172113 2.310383 -0.088719 -0.136387 2.212782 0.316738 -0.127489 2.240707 -0.132113 -0.345604 2.240707 0.350688 -0.338409 2.100836 -0.139535 -0.414455 2.060413 0.355746 -0.415426 2.134903 0.139141 -0.080617 2.296081 0.140254 -0.127683 2.237312 0.068657 -0.202060 2.206145 0.214160 -0.192538 2.223295 0.078721 -0.606801 2.263973 0.188419 -0.556430 2.039775 0.106862 -0.969397 2.222487 0.208462 -0.929997 2.063355 0.099701 -1.000461 2.134335 0.215645 -0.974321 1.993943 
0.108555 0.415040 2.308810 0.129845 0.242496 2.308606 -0.038059 0.106374 2.246582 0.283009 0.175386 2.278444 -0.091487 -0.133892 2.185657 0.312446 -0.124428 2.210577 -0.134531 -0.344257 2.210577 0.346927 -0.336002 2.079519 -0.142038 -0.413235 2.040521 0.351962 -0.413689 2.107939 0.135429 -0.078046 2.264309 0.136921 -0.125212 2.205408 0.065772 -0.199728 2.174605 0.210642 -0.189719 2.191369 0.075120 -0.608906 2.241676 0.184949 -0.552290 2.015283 0.105984 -0.968450 2.217500 0.204828 -0.928215 2.026831 0.099291 -0.999266 2.129859 0.212343 -0.973373 1.956100 
0.104936 0.417960 2.280325 0.126477 0.245609 2.278599 -0.040593 0.109160 2.217391 0.279693 0.178767 2.248718 -0.093741 -0.131571 2.160699 0.310875 -0.115795 2.183486 -0.136404 -0.343013 2.183486 0.343668 -0.332832 2.059710 -0.143971 -0.412014 2.022273 0.348689 -0.411501 2.080570 0.132377 -0.075339 2.234323 0.134172 -0.122558 2.175318 0.063392 -0.197217 2.144690 0.207700 -0.186842 2.161380 0.071352 -0.610164 2.214754 0.181956 -0.548516 1.992836 0.104886 -0.962603 2.210047 0.201332 -0.926536 1.994614 0.097832 -0.995775 2.125154 0.209081 -0.972416 1.922764 
0.101922 0.421106 2.252580 0.123746 0.248896 2.249836 -0.042568 0.112074 2.189189 0.276880 0.182299 2.219283 -0.095486 -0.129353 2.136575 0.310179 -0.106725 2.157166 -0.137743 -0.341862 2.157166 0.341206 -0.329109 2.040828 -0.145226 -0.410705 2.005100 0.346209 -0.408073 2.051397 0.130009 -0.072524 2.204593 0.132005 -0.119761 2.145340 0.061567 -0.194549 2.115116 0.205350 -0.183696 2.130847 0.067494 -0.609767 2.182083 0.179226 -0.545098 1.972530 0.104179 -0.960170 2.204742 0.198471 -0.925021 1.965141 0.097423 -0.993527 2.120716 0.206417 -0.971547 1.892220 
0.099380 0.424218 2.225857 0.121645 0.252060 2.222368 -0.044113 0.114946 2.161999 0.274511 0.185598 2.190731 -0.096691 -0.127194 2.113375 0.308929 -0.101908 2.126237 -0.138463 -0.340730 2.126237 0.339775 -0.325798 2.022596 -0.145989 -0.409413 1.989017 0.344607 -0.404327 2.021660 0.128067 -0.069802 2.176021 0.130180 -0.117039 2.116528 0.060047 -0.191877 2.086916 0.203259 -0.180676 2.101211 0.064092 -0.608093 2.146294 0.176500 -0.542624 1.953355 0.103540 -0.957472 2.199050 0.196422 -0.923750 1.939112 0.097097 -0.990968 2.115870 0.204509 -0.970592 1.865365 
0.097340 0.427590 2.196892 0.120298 0.255503 2.192968 -0.045068 0.118034 2.134468 0.272540 0.189218 2.159060 -0.097007 -0.124717 2.087790 0.308339 -0.092067 2.094237 -0.138448 -0.339176 2.094237 0.339594 -0.320291 2.001787 -0.145842 -0.408338 1.970225 0.344430 -0.399098 1.985294 0.126918 -0.066623 2.144652 0.128835 -0.113766 2.084873 0.059044 -0.188569 2.056491 0.201491 -0.176955 2.067843 0.061678 -0.604063 2.101368 0.173930 -0.541164 1.934567 0.102570 -0.954278 2.189576 0.194757 -0.922422 1.915808 0.096374 -0.987817 2.107413 0.202858 -0.969557 1.841328 
0.095724 0.430783 2.170089 0.119429 0.258839 2.165580 -0.045667 0.120991 2.108796 0.270968 0.192483 2.129692 -0.096979 -0.122372 2.064106 0.308506 -0.086924 2.059825 -0.138075 -0.337523 2.059825 0.340000 -0.315972 1.981773 -0.145085 -0.406250 1.951688 0.344603 -0.394078 1.949498 0.126094 -0.063652 2.115697 0.127801 -0.110741 2.055672 0.058293 -0.185504 2.028686 0.200044 -0.173513 2.036838 0.059510 -0.601081 2.058157 0.171403 -0.539463 1.916752 0.102123 -0.951570 2.175698 0.193779 -0.920955 1.895008 0.096190 -0.985015 2.094631 0.201834 -0.968259 1.819809 
0.094344 0.434147 2.141530 0.119130 0.262578 2.136388 -0.045894 0.124148 2.081602 0.269665 0.195694 2.097422 -0.096338 -0.119701 2.038426 0.309062 -0.082581 2.023000 -0.137229 -0.334798 2.023000 0.341211 -0.310870 1.957160 -0.143421 -0.402750 1.927994 0.345193 -0.386892 1.907732 0.125619 -0.060400 2.085045 0.126928 -0.107474 2.024826 0.057635 -0.182187 1.999692 0.198689 -0.169820 2.003850 0.056970 -0.596797 2.007575 0.169085 -0.538179 1.899611 0.097541 -0.948781 2.152189 0.192891 -0.919592 1.876260 0.091857 -0.981951 2.072310 0.200863 -0.967009 1.800399 
0.093181 0.437679 2.112735 0.119237 0.266543 2.106863 -0.045748 0.127323 2.053938 0.267950 0.198374 2.063255 -0.095294 -0.116703 2.012305 0.309849 -0.079256 1.984764 -0.136199 -0.330757 1.984764 0.342452 -0.306159 1.929254 -0.141610 -0.397713 1.899892 0.345499 -0.378815 1.863829 0.125247 -0.057305 2.054310 0.125953 -0.104464 1.993925 0.056922 -0.178892 1.971073 0.197035 -0.166423 1.970832 0.052993 -0.590871 1.951943 0.167788 -0.536761 1.883372 0.088255 -0.944909 2.091065 0.191381 -0.918345 1.859483 0.082575 -0.977567 2.012524 0.199193 -0.965852 1.783194 
0.092252 0.441024 2.085157 0.119558 0.270332 2.079045 -0.045391 0.130395 2.027779 0.266670 0.200946 2.031755 -0.094086 -0.113617 1.987194 0.310672 -0.076287 1.949104 -0.135055 -0.326675 1.949104 0.343416 -0.301459 1.902445 -0.139795 -0.392862 1.872359 0.345652 -0.371250 1.823071 0.124951 -0.054411 2.025539 0.125081 -0.101673 1.965035 0.056222 -0.175827 1.944267 0.195541 -0.163316 1.939849 0.049294 -0.585058 1.901627 0.166874 -0.535743 1.868529 0.078972 -0.941018 2.030287 0.189744 -0.917243 1.844609 0.073325 -0.973522 1.952649 0.197312 -0.964695 1.767953 
0.091426 0.444120 2.058665 0.120059 0.273944 2.051929 -0.044924 0.133296 2.002484 0.265636 0.203289 2.001839 -0.092812 -0.110564 1.962684 0.311373 -0.073731 1.915316 -0.133816 -0.322436 1.915316 0.344245 -0.297184 1.875537 -0.137993 -0.387970 1.844996 0.345390 -0.363938 1.784105 0.124688 -0.051714 1.998133 0.124254 -0.099122 1.937597 0.055501 -0.172975 1.918806 0.194141 -0.160543 1.910668 0.045627 -0.578789 1.853895 0.166246 -0.534969 1.854898 0.069324 -0.936336 1.966974 0.187808 -0.916260 1.831419 0.063683 -0.969216 1.889718 0.195028 -0.963543 1.754469 
0.090668 0.447024 2.033072 0.120675 0.277368 2.026054 -0.044408 0.136122 1.978438 0.264726 0.205446 1.973474 -0.091564 -0.107498 1.938896 0.311955 -0.071526 1.883523 -0.132599 -0.318492 1.883523 0.344698 -0.293245 1.850128 -0.136293 -0.383283 1.818692 0.344911 -0.357205 1.748447 0.124463 -0.049231 1.972165 0.123446 -0.096806 1.911631 0.054768 -0.170329 1.894766 0.192771 -0.158076 1.883106 0.042352 -0.572847 1.810918 0.165885 -0.534433 1.842320 0.060394 -0.931846 1.907019 0.185484 -0.915278 1.820149 0.054691 -0.965411 1.829850 0.192239 -0.962219 1.742992 
0.089747 0.449708 2.005199 0.121279 0.280569 1.998792 -0.043930 0.138615 1.951865 0.263672 0.207044 1.943462 -0.090411 -0.104829 1.912612 0.312230 -0.070120 1.851090 -0.131761 -0.314980 1.851090 0.344398 -0.289811 1.822238 -0.134628 -0.379087 1.791925 0.343558 -0.350994 1.712183 0.124122 -0.047078 1.944699 0.122526 -0.094842 1.884129 0.053929 -0.167976 1.869489 0.191253 -0.156021 1.853757 0.038872 -0.567161 1.768487 0.165934 -0.534189 1.829600 0.051087 -0.927691 1.846108 0.182352 -0.913667 1.811353 0.045376 -0.962100 1.768796 0.188500 -0.960000 1.734128 
0.089094 0.451891 1.979283 0.121867 0.283393 1.973666 -0.043480 0.140862 1.927405 0.262675 0.208597 1.916134 -0.089361 -0.102577 1.888142 0.312427 -0.069070 1.821538 -0.130949 -0.312061 1.821538 0.344068 -0.286959 1.796598 -0.133121 -0.375381 1.767014 0.342237 -0.345578 1.679747 0.123814 -0.045149 1.919454 0.121666 -0.093075 1.858859 0.053138 -0.165810 1.845882 0.189837 -0.154187 1.827083 0.035732 -0.561997 1.730576 0.166218 -0.534135 1.817580 0.042465 -0.923888 1.789780 0.178733 -0.911942 1.803909 0.036719 -0.959117 1.712262 0.184175 -0.957561 1.726683 
0.088727 0.453231 1.950557 0.122065 0.285836 1.946009 -0.043290 0.143050 1.900166 0.261463 0.209522 1.887669 -0.088801 -0.101084 1.861116 0.312216 -0.068951 1.791594 -0.130302 -0.310464 1.791594 0.343635 -0.285297 1.771371 -0.131842 -0.372406 1.742917 0.340687 -0.341247 1.648685 0.122865 -0.043826 1.891683 0.120233 -0.091975 1.831035 0.051631 -0.164166 1.819188 0.187947 -0.153056 1.798564 0.032514 -0.557445 1.692281 0.166825 -0.534700 1.804126 0.034561 -0.920946 1.733479 0.177380 -0.911433 1.794567 0.029002 -0.957017 1.655668 0.182414 -0.956616 1.717263 
0.088202 0.454662 1.923922 0.122088 0.287929 1.920207 -0.043227 0.144877 1.874045 0.260222 0.210471 1.861405 -0.088413 -0.099830 1.835945 0.311844 -0.068851 1.764372 -0.129701 -0.309158 1.764372 0.343001 -0.283757 1.747742 -0.130757 -0.369821 1.720701 0.339253 -0.337568 1.620863 0.121847 -0.042720 1.865793 0.118815 -0.091069 1.805095 0.050150 -0.162747 1.794107 0.186122 -0.152126 1.772114 0.029286 -0.553188 1.657012 0.167604 -0.535337 1.790765 0.026667 -0.918037 1.679892 0.176317 -0.911089 1.785640 0.021329 -0.954909 1.601714 0.180962 -0.955851 1.708284 
0.087298 0.456069 1.897938 0.121765 0.289757 1.895154 -0.043653 0.146524 1.848802 0.258451 0.211178 1.835570 -0.088388 -0.098780 1.811590 0.311041 -0.069051 1.737857 -0.129230 -0.308185 1.737857 0.342354 -0.282693 1.725547 -0.129977 -0.367643 1.700192 0.337903 -0.334456 1.595813 0.120661 -0.041851 1.840322 0.117216 -0.090373 1.779529 0.048484 -0.161510 1.768978 0.184186 -0.151418 1.746343 0.026124 -0.549326 1.624207 0.168553 -0.535939 1.776358 0.019216 -0.915494 1.630073 0.175582 -0.910886 1.776575 0.013979 -0.953128 1.551528 0.179807 -0.955301 1.699209 
0.085607 0.457648 1.869592 0.120617 0.291772 1.867469 -0.044809 0.148468 1.820653 0.256009 0.211789 1.807791 -0.089382 -0.097689 1.784971 0.309487 -0.069603 1.711330 -0.129564 -0.307435 1.711330 0.341502 -0.282017 1.703144 -0.129690 -0.365673 1.680366 0.336570 -0.331864 1.572820 0.118435 -0.041023 1.811679 0.114598 -0.089738 1.750698 0.045822 -0.160209 1.740545 0.181156 -0.150795 1.717234 0.022940 -0.547832 1.593197 0.169270 -0.536425 1.756170 0.011643 -0.913659 1.578799 0.175204 -0.910886 1.764720 0.006664 -0.951150 1.500317 0.178996 -0.955033 1.687374 
0.083330 0.459243 1.840532 0.118706 0.293881 1.839276 -0.047019 0.150624 1.791074 0.252374 0.212738 1.778325 -0.091360 -0.096879 1.757238 0.307138 -0.070003 1.684720 -0.130885 -0.307034 1.684720 0.340221 -0.281388 1.679678 -0.130255 -0.364379 1.659456 0.334953 -0.329788 1.550846 0.115709 -0.040071 1.781259 0.111478 -0.088874 1.719857 0.042665 -0.158560 1.708738 0.177747 -0.149919 1.686864 0.019583 -0.546812 1.563838 0.168464 -0.536600 1.725469 0.004088 -0.912206 1.532135 0.173695 -0.911173 1.743284 -0.000734 -0.949501 1.453727 0.176830 -0.955082 1.665794 
0.080831 0.460759 1.812386 0.116385 0.295966 1.811625 -0.049492 0.152708 1.762408 0.248697 0.213595 1.750684 -0.093722 -0.095868 1.730364 0.304612 -0.070459 1.659929 -0.132530 -0.306549 1.659929 0.338864 -0.280904 1.657351 -0.131153 -0.363176 1.639707 0.333311 -0.328052 1.530623 0.112801 -0.039080 1.752287 0.108324 -0.088015 1.690629 0.039575 -0.157046 1.678971 0.174292 -0.148962 1.657977 0.016370 -0.546102 1.536779 0.168041 -0.539502 1.701016 -0.002911 -0.910904 1.489411 0.172344 -0.912254 1.716297 -0.007508 -0.947952 1.411079 0.174866 -0.954978 1.638759 
0.077380 0.462805 1.781125 0.112900 0.298739 1.781208 -0.053083 0.155356 1.730382 0.244424 0.215736 1.721527 -0.097565 -0.094403 1.700176 0.301135 -0.069959 1.634082 -0.135800 -0.305736 1.634082 0.336621 -0.279827 1.631452 -0.133709 -0.361655 1.616731 0.331091 -0.326890 1.509228 0.109032 -0.037263 1.720550 0.104486 -0.086288 1.658671 0.035710 -0.154872 1.645216 0.170480 -0.147290 1.627961 0.013851 -0.545619 1.511882 0.167198 -0.542230 1.669964 -0.007918 -0.909873 1.452553 0.170619 -0.912080 1.675019 -0.012283 -0.946711 1.374274 0.172574 -0.953250 1.597359 
0.073524 0.465183 1.749129 0.108470 0.301698 1.750110 -0.057286 0.157686 1.697283 0.239669 0.217901 1.692016 -0.102252 -0.091879 1.667755 0.297099 -0.069349 1.607880 -0.140453 -0.303720 1.607880 0.333569 -0.278643 1.601600 -0.138193 -0.360484 1.588567 0.328419 -0.326056 1.486584 0.105023 -0.035101 1.689164 0.100597 -0.084234 1.627205 0.031894 -0.152499 1.611898 0.166654 -0.145108 1.597956 0.011546 -0.545344 1.488286 0.165229 -0.544245 1.633066 -0.012290 -0.908886 1.418212 0.166686 -0.909787 1.620788 -0.016402 -0.945470 1.339972 0.168144 -0.949166 1.542938 
0.069693 0.467529 1.718369 0.103961 0.304574 1.720621 -0.061536 0.160078 1.666319 0.235136 0.220106 1.664499 -0.106986 -0.089153 1.636995 0.292898 -0.068636 1.582702 -0.145385 -0.301311 1.582702 0.330302 -0.277504 1.572091 -0.143161 -0.358669 1.559801 0.325588 -0.325499 1.464882 0.101102 -0.032834 1.659510 0.096864 -0.082045 1.597523 0.028112 -0.150049 1.579586 0.163146 -0.142937 1.570385 0.009399 -0.545183 1.466842 0.162973 -0.545872 1.596098 -0.016258 -0.907996 1.387922 0.162292 -0.906771 1.565472 -0.020145 -0.944360 1.309713 0.163315 -0.944383 1.487436 
0.065239 0.470391 1.684842 0.098505 0.307841 1.688415 -0.066463 0.162965 1.633876 0.229896 0.222866 1.634876 -0.112613 -0.085262 1.602774 0.287985 -0.067492 1.556035 -0.151792 -0.297001 1.556035 0.326435 -0.275668 1.535786 -0.149703 -0.355258 1.522739 0.321847 -0.324016 1.440875 0.096712 -0.029887 1.628322 0.092739 -0.079197 1.566508 0.024236 -0.147334 1.547696 0.159200 -0.139810 1.540622 0.007240 -0.545069 1.447172 0.159808 -0.546597 1.555783 -0.020030 -0.907128 1.360928 0.156642 -0.902436 1.506255 -0.023734 -0.943307 1.282749 0.157182 -0.938295 1.428028 
0.060992 0.473103 1.654012 0.093370 0.310883 1.658883 -0.071147 0.165646 1.603858 0.224977 0.225551 1.607612 -0.117971 -0.081489 1.571144 0.283143 -0.066254 1.530942 -0.158011 -0.292422 1.530942 0.322324 -0.273760 1.500628 -0.156364 -0.350927 1.485342 0.318082 -0.322377 1.417992 0.092596 -0.027062 1.599641 0.088902 -0.076439 1.537965 0.020571 -0.144660 1.517749 0.155578 -0.136831 1.513520 0.005218 -0.545007 1.429252 0.156623 -0.547052 1.517387 -0.023453 -0.906316 1.336711 0.151164 -0.898059 1.450519 -0.026994 -0.942343 1.258555 0.151305 -0.932297 1.372132 
