50
-0.145182 0.461993 2.912005 -0.126408 0.308873 2.863033 -0.273135 0.228943 2.846285 0.036322 0.169849 2.876085 -0.337639 -0.005013 2.841668 0.093752 -0.066185 2.868421 -0.380122 -0.237102 2.868421 0.131505 -0.295477 2.768687 -0.389147 -0.311633 2.711812 0.130435 -0.383962 2.750644 -0.120823 -0.047795 2.869775 -0.113204 -0.110566 2.818333 -0.185479 -0.178119 2.793273 -0.038057 -0.184043 2.821146 -0.195840 -0.619204 2.806510 -0.038433 -0.598777 2.702831 -0.158836 -0.950292 2.818603 -0.039939 -0.906799 2.591384 -0.149535 -0.979986 2.733776 -0.030638 -0.936493 2.506558 
-0.147982 0.447974 2.884043 -0.126541 0.294518 2.848313 -0.278404 0.230209 2.825387 0.028542 0.189649 2.859534 -0.341501 -0.003970 2.823375 0.087825 -0.045879 2.853526 -0.381714 -0.236670 2.853526 0.128138 -0.276683 2.750884 -0.389826 -0.311113 2.693794 0.126963 -0.365715 2.743515 -0.126255 -0.047899 2.849333 -0.119309 -0.106867 2.796205 -0.189968 -0.172554 2.772560 -0.047368 -0.180527 2.794857 -0.197763 -0.613694 2.790366 -0.041220 -0.596799 2.699063 -0.161415 -0.928095 2.815906 -0.040936 -0.891650 2.557346 -0.151372 -0.957042 2.731094 -0.030893 -0.920597 2.472534 
-0.166295 0.444047 2.870650 -0.129371 0.285840 2.825688 -0.283616 0.226807 2.803586 0.021439 0.194651 2.835742 -0.344651 -0.008771 2.790992 0.081914 -0.040961 2.825107 -0.384581 -0.242607 2.825107 0.122630 -0.272439 2.722646 -0.391143 -0.322109 2.672284 0.137452 -0.409671 2.705871 -0.128797 -0.050607 2.821116 -0.121874 -0.107755 2.768653 -0.191990 -0.173394 2.743450 -0.049335 -0.180122 2.769676 -0.198308 -0.610091 2.781413 -0.038305 -0.588853 2.682363 -0.158509 -0.923387 2.813139 -0.046583 -0.867680 2.545383 -0.149137 -0.951879 2.728055 -0.037210 -0.896172 2.460299 
-0.159296 0.447762 2.843558 -0.132432 0.281885 2.801946 -0.286681 0.225512 2.786721 0.022006 0.197260 2.827820 -0.344919 -0.011004 2.770866 0.080663 -0.039304 2.805982 -0.384126 -0.245659 2.805982 0.119945 -0.271355 2.705169 -0.392404 -0.328458 2.660318 0.123619 -0.359736 2.696563 -0.130871 -0.048805 2.806962 -0.122573 -0.106487 2.755615 -0.194133 -0.173251 2.732936 -0.047575 -0.178918 2.755702 -0.199788 -0.614204 2.768633 -0.033970 -0.572561 2.660954 -0.162443 -0.926342 2.810074 -0.043510 -0.864950 2.525496 -0.151276 -0.955544 2.725549 -0.032342 -0.894152 2.440972 
-0.166218 0.468227 2.828681 -0.132228 0.318181 2.772029 -0.282028 0.221367 2.752910 0.019563 0.198239 2.776448 -0.344608 -0.013029 2.752199 0.080466 -0.036415 2.777461 -0.385967 -0.247865 2.777461 0.121065 -0.269096 2.688701 -0.393885 -0.331242 2.644402 0.124074 -0.359202 2.675222 -0.127388 -0.045191 2.775726 -0.121441 -0.108367 2.721952 -0.191020 -0.174930 2.701523 -0.048505 -0.177614 2.720894 -0.192194 -0.615949 2.734814 -0.036966 -0.567269 2.638662 -0.170121 -0.926459 2.791363 -0.047175 -0.866256 2.495315 -0.163506 -0.955710 2.706500 -0.040559 -0.895507 2.410452 
-0.160120 0.450688 2.782868 -0.130513 0.289555 2.745149 -0.277542 0.225112 2.708397 0.019592 0.197691 2.741122 -0.338559 -0.009542 2.709643 0.083484 -0.036666 2.737764 -0.383806 -0.245731 2.737764 0.120938 -0.267879 2.656543 -0.392105 -0.327984 2.609901 0.129343 -0.403541 2.617783 -0.127074 -0.046742 2.732284 -0.119101 -0.102741 2.677921 -0.186155 -0.168046 2.653332 -0.047211 -0.170048 2.675392 -0.186500 -0.594269 2.679701 -0.043851 -0.556990 2.581546 -0.177561 -0.860024 2.748202 -0.057738 -0.864912 2.463344 -0.167830 -0.887734 2.663084 -0.048007 -0.892622 2.378227 
-0.151136 0.480014 2.748776 -0.128002 0.327453 2.694043 -0.274840 0.228822 2.665803 0.018039 0.215683 2.691154 -0.337661 -0.005157 2.668992 0.078381 -0.019913 2.684533 -0.379688 -0.241690 2.684533 0.119020 -0.250251 2.614301 -0.393977 -0.329715 2.581412 0.130546 -0.398015 2.553692 -0.120938 -0.030054 2.680950 -0.114362 -0.090677 2.625488 -0.180136 -0.154943 2.603200 -0.044337 -0.156772 2.620918 -0.171968 -0.555278 2.584346 -0.045746 -0.537369 2.520038 -0.186000 -0.768222 2.664479 -0.065876 -0.851081 2.426440 -0.249079 -0.727658 2.679943 -0.058804 -0.878995 2.341079 
-0.151351 0.480301 2.716693 -0.126427 0.326884 2.675101 -0.276418 0.228249 2.646544 0.021985 0.219737 2.681008 -0.338674 -0.005663 2.651662 0.083563 -0.016191 2.662161 -0.378804 -0.242405 2.662161 0.118882 -0.247850 2.596175 -0.392464 -0.330414 2.562466 0.121453 -0.338076 2.551485 -0.118862 -0.025301 2.659739 -0.110772 -0.084488 2.605057 -0.177468 -0.150370 2.582212 -0.039127 -0.152177 2.601351 -0.205012 -0.593886 2.600548 -0.047343 -0.537244 2.498550 -0.178232 -0.826688 2.614849 -0.061030 -0.851413 2.407071 -0.211214 -0.775963 2.661668 -0.051922 -0.879138 2.321928 
-0.152561 0.472783 2.697892 -0.117972 0.321015 2.656530 -0.274766 0.239120 2.628844 0.020220 0.222797 2.654734 -0.335697 0.004931 2.634763 0.086184 -0.012045 2.631708 -0.377129 -0.232500 2.631708 0.123336 -0.241995 2.584478 -0.389985 -0.317551 2.543180 0.124443 -0.333359 2.519103 -0.115149 -0.024378 2.636710 -0.109154 -0.081110 2.580509 -0.176293 -0.144904 2.551348 -0.039263 -0.148640 2.578636 -0.206749 -0.588080 2.576196 -0.040049 -0.526720 2.480042 -0.174507 -0.819013 2.595425 -0.063563 -0.836684 2.395611 -0.211728 -0.754779 2.576843 -0.056139 -0.863964 2.310131 
-0.144975 0.486459 2.670892 -0.122216 0.332305 2.627262 -0.275475 0.245625 2.608554 0.025530 0.231902 2.632314 -0.333380 0.010099 2.610214 0.088722 -0.003698 2.612819 -0.374856 -0.227699 2.612819 0.119524 -0.232133 2.562029 -0.386663 -0.314108 2.522850 0.127351 -0.318082 2.479018 -0.117905 -0.016150 2.614309 -0.112172 -0.074877 2.559882 -0.180000 -0.140227 2.537160 -0.040662 -0.144115 2.555625 -0.185669 -0.586306 2.514892 -0.039011 -0.524145 2.461046 -0.201417 -0.816457 2.544508 -0.068425 -0.839611 2.386541 -0.192709 -0.750430 2.582270 -0.061943 -0.867471 2.301133 
-0.152416 0.490583 2.614635 -0.116945 0.338010 2.575227 -0.273291 0.248823 2.553615 0.035405 0.233021 2.573117 -0.332941 0.013294 2.558480 0.097319 -0.003414 2.534738 -0.374076 -0.224378 2.534738 0.124460 -0.229714 2.504126 -0.386797 -0.346602 2.452262 0.127751 -0.314031 2.386503 -0.118826 -0.009854 2.554872 -0.115202 -0.067404 2.499037 -0.187909 -0.131662 2.475743 -0.041996 -0.140225 2.491760 -0.208623 -0.576267 2.416677 -0.059967 -0.540787 2.426310 -0.233923 -0.811551 2.408189 -0.058314 -0.784332 2.363926 -0.228531 -0.838885 2.322496 -0.052922 -0.811666 2.278233 
-0.147465 0.490935 2.598286 -0.115288 0.337538 2.553833 -0.269075 0.251852 2.533805 0.038984 0.231407 2.552922 -0.330423 0.016770 2.539187 0.099056 -0.005813 2.520249 -0.371894 -0.220511 2.520249 0.122356 -0.227411 2.482679 -0.377036 -0.307329 2.441089 0.132053 -0.347128 2.349929 -0.116058 -0.012521 2.530607 -0.111992 -0.070140 2.474246 -0.184351 -0.133173 2.455846 -0.038729 -0.143319 2.461965 -0.232906 -0.576061 2.396781 -0.061166 -0.549386 2.406159 -0.224344 -0.813020 2.360197 -0.058170 -0.859780 2.361508 -0.218740 -0.840198 2.274428 -0.052566 -0.886958 2.275739 
-0.151080 0.489018 2.584438 -0.116719 0.336049 2.536665 -0.257108 0.301767 2.499691 0.037658 0.233147 2.535082 -0.317140 0.067004 2.510127 0.107768 0.005464 2.505769 -0.362576 -0.171874 2.505769 0.122319 -0.217595 2.468502 -0.364615 -0.258637 2.426038 0.123878 -0.298206 2.339863 -0.123718 -0.007574 2.518238 -0.115904 -0.064619 2.462893 -0.187691 -0.124975 2.442430 -0.043910 -0.138362 2.453144 -0.216237 -0.547327 2.366701 -0.061482 -0.545441 2.391628 -0.254493 -0.781310 2.334712 -0.061531 -0.856036 2.358832 -0.241555 -0.808948 2.249851 -0.048592 -0.883674 2.273971 
-0.129380 0.494923 2.542074 -0.115689 0.336500 2.517507 -0.255018 0.299492 2.490368 0.038285 0.239599 2.522730 -0.315487 0.064040 2.495412 0.098812 0.004214 2.467529 -0.359467 -0.174266 2.467529 0.121694 -0.223083 2.447167 -0.380002 -0.335265 2.401265 0.122509 -0.303939 2.313298 -0.123869 -0.002394 2.503056 -0.117163 -0.059071 2.448493 -0.187527 -0.118717 2.428726 -0.047223 -0.131793 2.440183 -0.216820 -0.544980 2.346182 -0.060427 -0.545805 2.381568 -0.203356 -0.849470 2.423670 -0.062763 -0.855213 2.357701 -0.191800 -0.877323 2.338641 -0.051206 -0.883066 2.272672 
-0.133084 0.517181 2.542087 -0.115345 0.361049 2.492782 -0.256812 0.298575 2.477411 0.036977 0.245583 2.499700 -0.316456 0.062926 2.483047 0.097401 0.008745 2.458227 -0.358028 -0.175137 2.458227 0.120345 -0.216787 2.430162 -0.380211 -0.334556 2.383943 0.120877 -0.295871 2.296584 -0.124027 0.006755 2.485579 -0.119670 -0.053446 2.431598 -0.189871 -0.113658 2.415131 -0.050636 -0.125900 2.422508 -0.217644 -0.545030 2.316756 -0.057183 -0.541517 2.369893 -0.212691 -0.856812 2.372967 -0.064393 -0.856836 2.353993 -0.204615 -0.885354 2.287722 -0.056317 -0.885377 2.268748 
-0.126367 0.525305 2.496946 -0.114462 0.367964 2.458718 -0.260422 0.286639 2.425937 0.035173 0.247161 2.448208 -0.319415 0.051173 2.434429 0.105295 0.012516 2.431234 -0.361940 -0.186145 2.431234 0.118217 -0.206994 2.378053 -0.379935 -0.324837 2.328383 0.118318 -0.286378 2.254622 -0.123997 0.008849 2.447661 -0.120389 -0.052817 2.393684 -0.191779 -0.113518 2.383136 -0.050675 -0.124165 2.381082 -0.220889 -0.520757 2.263102 -0.048777 -0.540584 2.356683 -0.221960 -0.842843 2.254882 -0.070653 -0.829557 2.341053 -0.214516 -0.871207 2.169487 -0.063209 -0.857921 2.255658 
-0.128426 0.527033 2.485865 -0.114811 0.369662 2.445102 -0.261838 0.290102 2.421589 0.035705 0.247490 2.442979 -0.320240 0.054170 2.427849 0.094440 0.010708 2.395092 -0.362308 -0.183402 2.395092 0.116892 -0.218009 2.372341 -0.379879 -0.324559 2.322397 0.117484 -0.298789 2.243393 -0.124601 0.011007 2.436891 -0.121188 -0.050961 2.383111 -0.193868 -0.111748 2.368006 -0.050772 -0.123573 2.373729 -0.218846 -0.520896 2.257911 -0.048431 -0.539364 2.342326 -0.224952 -0.822002 2.198400 -0.074220 -0.826553 2.334538 -0.217735 -0.850509 2.113217 -0.067003 -0.855060 2.249356 
-0.132528 0.529272 2.379328 -0.125141 0.370575 2.336968 -0.279549 0.288395 2.309407 0.015470 0.267518 2.329759 -0.336126 0.052362 2.318446 0.078275 0.030648 2.301203 -0.379035 -0.187078 2.301203 0.101704 -0.200401 2.275889 -0.395977 -0.327154 2.237134 0.107185 -0.292958 2.179184 -0.131530 0.015520 2.329037 -0.128296 -0.045643 2.275261 -0.199010 -0.106837 2.261398 -0.058400 -0.116088 2.265409 -0.223499 -0.504107 2.180775 -0.047388 -0.532728 2.268089 -0.223305 -0.754736 2.064638 -0.097144 -0.761487 2.281102 -0.217290 -0.783295 1.978924 -0.091129 -0.790046 2.195388 
-0.141333 0.530371 2.340322 -0.129092 0.371568 2.300317 -0.284257 0.286006 2.273171 0.006287 0.272356 2.292113 -0.342379 0.050112 2.280453 0.068231 0.035249 2.265325 -0.386615 -0.187108 2.265325 0.097287 -0.197726 2.224986 -0.396042 -0.258356 2.217350 0.110398 -0.337125 2.123905 -0.136103 0.014643 2.285470 -0.133419 -0.045878 2.230441 -0.202227 -0.107090 2.217157 -0.066045 -0.113562 2.218223 -0.228088 -0.500010 2.128759 -0.053438 -0.543105 2.235832 -0.226686 -0.740985 2.029324 -0.117296 -0.766424 2.258062 -0.221249 -0.769026 1.943370 -0.097072 -0.863530 2.289858 
-0.138977 0.526890 2.319398 -0.134912 0.367514 2.278530 -0.292735 0.286458 2.256490 0.002182 0.272913 2.273649 -0.349626 0.049936 2.261171 0.063808 0.035817 2.242218 -0.392284 -0.189004 2.242218 0.094908 -0.195722 2.214672 -0.403218 -0.257469 2.194297 0.105416 -0.332292 2.101459 -0.139771 0.015815 2.264386 -0.137075 -0.043585 2.209354 -0.207126 -0.105987 2.191530 -0.068072 -0.111873 2.200117 -0.231829 -0.494323 2.105869 -0.058577 -0.533843 2.210794 -0.226943 -0.733535 2.017090 -0.108035 -0.757669 2.244694 -0.222090 -0.761458 1.931269 -0.057260 -0.815137 2.240088 
-0.143044 0.530786 2.300011 -0.141257 0.371173 2.260381 -0.299766 0.285221 2.237903 -0.002276 0.271349 2.252249 -0.356853 0.048975 2.244346 0.059300 0.034199 2.222563 -0.399155 -0.189879 2.222563 0.092802 -0.198245 2.196816 -0.424099 -0.331871 2.156185 0.101706 -0.329444 2.082247 -0.145591 0.016604 2.241708 -0.143247 -0.042802 2.185956 -0.212990 -0.105976 2.171460 -0.073997 -0.111205 2.172683 -0.236200 -0.496248 2.080976 -0.062502 -0.522411 2.184666 -0.227479 -0.730515 2.001449 -0.109755 -0.749483 2.207449 -0.223384 -0.758085 1.915650 -0.061892 -0.800604 2.238685 
-0.142740 0.529971 2.284675 -0.143387 0.370211 2.242194 -0.308559 0.285469 2.212497 -0.003068 0.263044 2.233461 -0.367602 0.049861 2.220370 0.056920 0.025554 2.200018 -0.408208 -0.189568 2.200018 0.087483 -0.207925 2.174544 -0.429341 -0.331238 2.141659 0.099219 -0.327348 2.064852 -0.151300 0.017454 2.219079 -0.148274 -0.040805 2.162648 -0.220522 -0.103964 2.143134 -0.078085 -0.112046 2.150767 -0.243051 -0.505643 2.049331 -0.068286 -0.520796 2.158194 -0.236717 -0.736796 1.972664 -0.109533 -0.748553 2.184023 -0.230474 -0.764098 1.886876 -0.075145 -0.808135 2.217955 
-0.150581 0.535444 2.257235 -0.149345 0.375437 2.220637 -0.312279 0.284845 2.191772 -0.011757 0.270068 2.210789 -0.370832 0.048535 2.195281 0.051310 0.033213 2.184636 -0.416016 -0.189697 2.184636 0.081397 -0.197476 2.146765 -0.435587 -0.326702 2.104501 0.097298 -0.322268 2.043456 -0.154429 0.020814 2.199117 -0.151422 -0.038090 2.142972 -0.221872 -0.101724 2.126390 -0.081897 -0.107159 2.130741 -0.243865 -0.509619 2.036925 -0.076608 -0.504502 2.110087 -0.237305 -0.742782 1.969427 -0.118413 -0.735572 2.118017 -0.231935 -0.770196 1.883593 -0.057351 -0.743402 2.163808 
-0.147043 0.540102 2.246265 -0.155947 0.380240 2.203340 -0.318493 0.283764 2.172856 -0.016674 0.273828 2.189644 -0.379991 0.048432 2.178335 0.044677 0.036515 2.162207 -0.424668 -0.189469 2.162207 0.079151 -0.194845 2.126976 -0.445050 -0.323053 2.092809 0.092219 -0.315391 2.023653 -0.160559 0.023362 2.173744 -0.157988 -0.034905 2.115995 -0.228869 -0.098357 2.096202 -0.087782 -0.104059 2.103337 -0.248915 -0.510796 2.019391 -0.084650 -0.504553 2.079502 -0.253966 -0.744794 1.955580 -0.116575 -0.738947 2.072815 -0.204647 -0.803476 1.959300 -0.096750 -0.664930 2.068549 
-0.144661 0.545996 2.228262 -0.161962 0.386707 2.183752 -0.319362 0.286069 2.146037 -0.020178 0.275573 2.172507 -0.384780 0.052341 2.155506 0.040826 0.038164 2.144777 -0.430350 -0.184790 2.144777 0.072435 -0.194519 2.100564 -0.451301 -0.309781 2.057996 0.081980 -0.277316 2.010329 -0.166318 0.025543 2.156642 -0.161925 -0.034009 2.099523 -0.231273 -0.097328 2.084275 -0.092730 -0.101981 2.084297 -0.249718 -0.515459 2.005586 -0.089370 -0.504282 2.038743 -0.251110 -0.751440 1.954730 -0.125294 -0.738925 2.010166 -0.227137 -0.807331 1.907891 -0.082898 -0.676650 2.024894 
-0.140933 0.548346 2.219026 -0.167903 0.391022 2.164131 -0.324065 0.282241 2.130487 -0.024258 0.274942 2.154375 -0.392401 0.048937 2.137104 0.032526 0.036617 2.120847 -0.436267 -0.186597 2.120847 0.068152 -0.194296 2.072466 -0.456839 -0.304538 2.041397 0.080893 -0.307329 1.983052 -0.175453 0.026728 2.132973 -0.172370 -0.033120 2.075103 -0.243794 -0.096610 2.056738 -0.102521 -0.101239 2.061841 -0.251634 -0.516052 1.993553 -0.095036 -0.497773 2.001524 -0.259629 -0.752432 1.946471 -0.124836 -0.732613 1.956793 -0.209863 -0.803458 1.917926 -0.110692 -0.657521 1.964293 
-0.150685 0.554732 2.184561 -0.172523 0.395521 2.144626 -0.327367 0.287622 2.106025 -0.028961 0.280210 2.137931 -0.398387 0.054630 2.108845 0.027400 0.041676 2.107913 -0.445034 -0.182205 2.107913 0.062347 -0.188704 2.053309 -0.465051 -0.295881 2.012149 0.075125 -0.303936 1.966295 -0.179229 0.031238 2.119105 -0.174509 -0.029437 2.062262 -0.245142 -0.092276 2.044419 -0.104709 -0.097800 2.050408 -0.254979 -0.510856 1.981048 -0.095485 -0.483100 1.968338 -0.261142 -0.748164 1.944134 -0.128938 -0.716985 1.917411 -0.218367 -0.802706 1.911071 -0.120510 -0.744374 1.831728 
-0.150736 0.557397 2.170877 -0.176716 0.398834 2.124716 -0.337706 0.290613 2.097107 -0.033633 0.281766 2.118038 -0.403583 0.055138 2.090198 0.030014 0.045009 2.090039 -0.455745 -0.178138 2.090039 0.058885 -0.185170 2.022938 -0.473056 -0.290546 1.977347 0.067724 -0.298524 1.947635 -0.178325 0.036479 2.104718 -0.174669 -0.024486 2.048576 -0.245715 -0.090690 2.031656 -0.103231 -0.092685 2.036988 -0.255848 -0.506021 1.968066 -0.097243 -0.475287 1.937776 -0.260263 -0.743815 1.940931 -0.125352 -0.706518 1.864730 -0.234359 -0.806063 1.904119 -0.105825 -0.632997 1.875422 
-0.152380 0.558383 2.146227 -0.182132 0.400096 2.106137 -0.337688 0.285795 2.068564 -0.036708 0.279985 2.101523 -0.410252 0.052841 2.067880 0.028522 0.043681 2.081880 -0.459295 -0.180505 2.081880 0.053869 -0.184201 1.998002 -0.475092 -0.285802 1.957481 0.065192 -0.294677 1.935001 -0.182395 0.036336 2.087019 -0.176302 -0.025040 2.031364 -0.246719 -0.090417 2.014522 -0.104225 -0.092533 2.021198 -0.255546 -0.502088 1.955636 -0.097845 -0.475056 1.905044 -0.259436 -0.739950 1.937521 -0.121552 -0.708043 1.837708 -0.248314 -0.808626 1.904904 -0.111052 -0.638772 1.869255 
-0.147859 0.560943 2.140400 -0.184326 0.404680 2.086877 -0.334417 0.313069 2.045433 -0.039292 0.278946 2.081729 -0.405154 0.079585 2.045074 0.024210 0.042227 2.064253 -0.455628 -0.154980 2.064253 0.050551 -0.186750 1.981796 -0.480476 -0.273672 1.923595 0.060357 -0.288112 1.921522 -0.186752 0.041881 2.070944 -0.179259 -0.019817 2.016021 -0.248764 -0.084021 1.997253 -0.108161 -0.087265 2.008327 -0.256923 -0.472677 1.936341 -0.103111 -0.468965 1.878223 -0.258648 -0.717370 1.933511 -0.121024 -0.733101 1.773793 -0.247566 -0.745455 1.848288 -0.109942 -0.761186 1.688569 
-0.149641 0.564353 2.114114 -0.188128 0.407945 2.066283 -0.333600 0.315584 2.031351 -0.042011 0.280348 2.063030 -0.408193 0.082866 2.026284 0.021453 0.043790 2.049490 -0.457696 -0.149001 2.049490 0.044785 -0.184541 1.951068 -0.481636 -0.269748 1.898551 0.055986 -0.286851 1.906639 -0.189539 0.044940 2.054862 -0.182606 -0.017422 2.000589 -0.251136 -0.081377 1.983188 -0.112346 -0.083907 1.993794 -0.279367 -0.482449 1.939196 -0.108388 -0.458583 1.851884 -0.256892 -0.719033 1.931118 -0.117688 -0.732503 1.771042 -0.246965 -0.747424 1.845841 -0.107761 -0.760893 1.685765 
-0.151859 0.566123 2.091520 -0.191675 0.409673 2.047973 -0.339901 0.309439 2.009873 -0.047643 0.283403 2.042681 -0.414456 0.076814 2.005841 0.016636 0.047232 2.031964 -0.462252 -0.155426 2.031964 0.041188 -0.181785 1.930733 -0.481295 -0.257419 1.869942 0.052510 -0.285108 1.890286 -0.191344 0.046828 2.038548 -0.184222 -0.015766 1.984636 -0.252665 -0.080550 1.967091 -0.113531 -0.081281 1.978798 -0.285051 -0.475894 1.935393 -0.110199 -0.449492 1.837843 -0.257853 -0.719083 1.926266 -0.122354 -0.728602 1.752605 -0.248139 -0.747609 1.840998 -0.112640 -0.757128 1.667337 
-0.151824 0.567259 2.075281 -0.194488 0.411550 2.028730 -0.342786 0.312612 1.994613 -0.050680 0.283728 2.022684 -0.416833 0.079647 1.988310 0.013330 0.047499 2.011941 -0.465128 -0.151049 2.011941 0.039213 -0.183276 1.908121 -0.481352 -0.253405 1.847961 0.049090 -0.283827 1.876732 -0.193817 0.049763 2.020929 -0.187409 -0.012830 1.967205 -0.255930 -0.077134 1.949895 -0.116716 -0.079108 1.961632 -0.289380 -0.471696 1.929478 -0.116040 -0.446216 1.822906 -0.260448 -0.719829 1.922941 -0.126623 -0.723323 1.722559 -0.251898 -0.748447 1.837568 -0.118073 -0.751941 1.637187 
-0.150047 0.566382 2.054278 -0.197162 0.411671 2.010595 -0.345173 0.311983 1.971197 -0.053475 0.284141 2.003963 -0.419793 0.079311 1.966026 0.008486 0.047264 1.991104 -0.467110 -0.151886 1.991104 0.034595 -0.184023 1.886917 -0.476448 -0.231838 1.830171 0.046799 -0.285400 1.860016 -0.197486 0.049504 2.002914 -0.190424 -0.013208 1.949310 -0.258954 -0.075904 1.932179 -0.119830 -0.080720 1.943752 -0.295066 -0.466792 1.920053 -0.122712 -0.446547 1.813517 -0.261319 -0.718807 1.916285 -0.130713 -0.722953 1.697827 -0.251541 -0.747475 1.831051 -0.120935 -0.751621 1.612593 
-0.154028 0.565455 2.036065 -0.199502 0.410440 1.986444 -0.351701 0.313777 1.957596 -0.057702 0.291671 1.985890 -0.422381 0.079724 1.950400 0.003819 0.054766 1.974473 -0.468078 -0.149901 1.974473 0.031993 -0.177532 1.865029 -0.480920 -0.246350 1.807958 0.045384 -0.285044 1.847015 -0.198864 0.052747 1.984622 -0.192729 -0.009905 1.931741 -0.262219 -0.073533 1.916804 -0.121040 -0.077819 1.925123 -0.296534 -0.464102 1.910532 -0.125174 -0.453907 1.799895 -0.263863 -0.714096 1.907315 -0.125268 -0.721133 1.683365 -0.255715 -0.743139 1.822022 -0.117120 -0.750175 1.598073 
-0.153900 0.566846 2.018815 -0.200881 0.412172 1.968648 -0.355310 0.318177 1.935061 -0.061909 0.300756 1.962152 -0.425098 0.084122 1.930926 -0.001083 0.063637 1.949862 -0.471534 -0.145977 1.949862 0.029262 -0.170780 1.847596 -0.476996 -0.226558 1.791001 0.042516 -0.288386 1.830637 -0.201006 0.055314 1.966156 -0.195365 -0.007024 1.913310 -0.265088 -0.069866 1.897162 -0.123855 -0.075294 1.908168 -0.297197 -0.459615 1.895508 -0.117275 -0.446034 1.786862 -0.265595 -0.710117 1.898547 -0.128374 -0.719075 1.669668 -0.257951 -0.739106 1.813179 -0.120730 -0.748063 1.584300 
-0.159366 0.564283 1.990086 -0.205593 0.409255 1.944721 -0.357374 0.316283 1.915703 -0.064451 0.301493 1.943078 -0.423974 0.081042 1.908176 -0.004906 0.063979 1.929063 -0.471623 -0.149413 1.929063 0.028716 -0.170446 1.826897 -0.478625 -0.244372 1.770123 0.043406 -0.288385 1.813870 -0.203170 0.053494 1.943071 -0.197061 -0.008654 1.890321 -0.265861 -0.072571 1.875594 -0.125643 -0.075218 1.883900 -0.297758 -0.459375 1.884024 -0.119740 -0.450612 1.780548 -0.267437 -0.708113 1.892559 -0.124768 -0.721100 1.656235 -0.259823 -0.737135 1.807189 -0.117153 -0.750122 1.570865 
-0.158922 0.562881 1.974214 -0.207050 0.408695 1.927280 -0.357536 0.305676 1.886845 -0.065668 0.302786 1.921394 -0.426218 0.071759 1.887077 -0.006797 0.064959 1.902944 -0.472419 -0.159788 1.902944 0.028654 -0.170526 1.808611 -0.479095 -0.246433 1.751020 0.044986 -0.288956 1.794820 -0.204883 0.052446 1.921621 -0.197799 -0.009172 1.868276 -0.266496 -0.073569 1.852388 -0.126203 -0.074629 1.861914 -0.295504 -0.480816 1.863547 -0.109944 -0.443487 1.761995 -0.269194 -0.711279 1.885231 -0.138865 -0.721000 1.640850 -0.260124 -0.739997 1.799892 -0.129795 -0.749718 1.555511 
-0.156907 0.562879 1.957112 -0.208514 0.410568 1.903357 -0.358090 0.303080 1.871272 -0.068534 0.301183 1.895402 -0.428538 0.069605 1.870403 -0.012429 0.062692 1.865001 -0.471994 -0.161164 1.865001 0.027069 -0.174545 1.787585 -0.479241 -0.249534 1.736195 0.043524 -0.290009 1.771886 -0.205720 0.050658 1.895345 -0.200487 -0.011462 1.841350 -0.269276 -0.074978 1.826175 -0.129218 -0.076676 1.834168 -0.296915 -0.455875 1.835222 -0.112014 -0.447340 1.738326 -0.275559 -0.693603 1.865508 -0.136533 -0.728134 1.628024 -0.269315 -0.722136 1.779849 -0.130289 -0.756667 1.542366 
-0.151663 0.563852 1.930611 -0.208787 0.412963 1.881362 -0.359682 0.310331 1.849039 -0.067823 0.300402 1.875707 -0.427913 0.076316 1.849085 -0.012086 0.061784 1.850797 -0.471006 -0.157154 1.850797 0.027963 -0.173668 1.775692 -0.479983 -0.254119 1.722763 0.045324 -0.289860 1.750096 -0.207749 0.051380 1.874056 -0.202144 -0.011216 1.820277 -0.271827 -0.075418 1.805687 -0.130420 -0.076671 1.812016 -0.299688 -0.446587 1.818210 -0.115899 -0.449403 1.708648 -0.273999 -0.686160 1.845617 -0.147889 -0.725129 1.596093 -0.266731 -0.714806 1.760070 -0.140620 -0.753775 1.510545 
-0.152650 0.562591 1.912092 -0.208290 0.411738 1.858598 -0.359915 0.305191 1.821116 -0.066063 0.295824 1.847916 -0.429187 0.072178 1.826884 -0.010082 0.057280 1.821354 -0.471769 -0.162487 1.821354 0.030348 -0.178108 1.757953 -0.481621 -0.259181 1.709727 0.046750 -0.290419 1.722407 -0.207432 0.051638 1.846321 -0.201888 -0.009799 1.791623 -0.271838 -0.074390 1.771762 -0.129995 -0.075708 1.786259 -0.298260 -0.434024 1.784631 -0.118815 -0.443948 1.683478 -0.278277 -0.671950 1.823482 -0.159717 -0.723565 1.571495 -0.271019 -0.700182 1.737785 -0.152459 -0.751797 1.485798 
-0.150928 0.563593 1.890595 -0.209072 0.413386 1.838681 -0.359821 0.311215 1.803792 -0.069058 0.300709 1.822806 -0.427900 0.077074 1.802677 -0.011310 0.062611 1.796671 -0.470299 -0.159395 1.796671 0.029332 -0.172060 1.741874 -0.483435 -0.260312 1.701066 0.043296 -0.290967 1.685652 -0.206407 0.053241 1.823638 -0.201852 -0.007807 1.768430 -0.271311 -0.072542 1.754416 -0.130298 -0.071705 1.756521 -0.297100 -0.425355 1.757141 -0.119950 -0.422982 1.653592 -0.281183 -0.658017 1.796411 -0.174415 -0.720157 1.552039 -0.275902 -0.686006 1.710485 -0.169133 -0.748146 1.466113 
-0.152386 0.565850 1.867813 -0.208214 0.415174 1.813905 -0.352731 0.321721 1.770499 -0.066295 0.296854 1.800278 -0.423801 0.089816 1.779834 -0.008400 0.058866 1.770919 -0.467813 -0.147623 1.770919 0.028469 -0.174664 1.725938 -0.486277 -0.266371 1.687572 0.042826 -0.286265 1.658751 -0.207486 0.056286 1.795108 -0.200619 -0.003915 1.739484 -0.268531 -0.066518 1.716357 -0.130113 -0.068643 1.735112 -0.297465 -0.424529 1.723901 -0.124371 -0.432371 1.624019 -0.284547 -0.652386 1.763381 -0.170996 -0.718094 1.527491 -0.275323 -0.680161 1.677717 -0.161772 -0.745869 1.441827 
-0.154166 0.575446 1.843440 -0.206364 0.423155 1.791416 -0.349460 0.322239 1.750851 -0.063445 0.296911 1.775046 -0.421340 0.089905 1.754929 -0.006102 0.058853 1.744461 -0.467706 -0.147996 1.744461 0.028231 -0.174225 1.706923 -0.488196 -0.270358 1.675441 0.041693 -0.280590 1.622379 -0.205691 0.060248 1.769870 -0.199859 -0.000505 1.713585 -0.267068 -0.063295 1.698479 -0.131068 -0.064258 1.700651 -0.301992 -0.421575 1.698330 -0.125242 -0.432666 1.594996 -0.270503 -0.725781 1.743155 -0.191795 -0.702337 1.471147 -0.262750 -0.753393 1.657292 -0.184043 -0.729949 1.385284 
-0.148386 0.576275 1.825205 -0.204697 0.425516 1.771237 -0.348918 0.321231 1.729207 -0.063437 0.299855 1.751783 -0.420842 0.089082 1.734364 -0.005939 0.062051 1.715882 -0.465295 -0.148900 1.715882 0.028834 -0.169038 1.684695 -0.489057 -0.271915 1.655973 0.040714 -0.271616 1.589694 -0.203421 0.062885 1.743338 -0.197876 0.003174 1.685987 -0.264293 -0.059137 1.664705 -0.129491 -0.060388 1.677842 -0.297192 -0.426007 1.647808 -0.130972 -0.430132 1.572260 -0.281538 -0.717307 1.713099 -0.193087 -0.704807 1.463100 -0.274363 -0.744484 1.627044 -0.185911 -0.731985 1.377045 
-0.152502 0.582812 1.801470 -0.201984 0.429556 1.747442 -0.347690 0.325113 1.705747 -0.061725 0.311836 1.732279 -0.419747 0.093734 1.715774 -0.001034 0.075078 1.692508 -0.466215 -0.144492 1.692508 0.027096 -0.154683 1.670709 -0.491248 -0.269158 1.641154 0.038179 -0.266149 1.557496 -0.200964 0.067576 1.721071 -0.195094 0.007761 1.664075 -0.260903 -0.055057 1.645254 -0.127333 -0.055367 1.654097 -0.288605 -0.458573 1.608636 -0.129561 -0.426350 1.546400 -0.306851 -0.721045 1.648037 -0.197214 -0.703265 1.456518 -0.299126 -0.748325 1.562063 -0.189489 -0.730545 1.370544 
-0.149678 0.588265 1.777455 -0.200095 0.435076 1.724392 -0.344682 0.322668 1.679340 -0.059519 0.312736 1.710522 -0.417640 0.091877 1.691166 -0.002962 0.075986 1.659140 -0.468916 -0.145058 1.659140 0.026603 -0.154743 1.644112 -0.490856 -0.264246 1.620919 0.037555 -0.257138 1.525338 -0.200868 0.068955 1.695012 -0.194606 0.008559 1.637426 -0.260140 -0.053560 1.619532 -0.127534 -0.054777 1.626212 -0.290282 -0.452181 1.585690 -0.128061 -0.426087 1.528983 -0.312416 -0.726526 1.572856 -0.209738 -0.699754 1.432683 -0.303576 -0.753709 1.486953 -0.200898 -0.726937 1.346780 
-0.151574 0.595100 1.758116 -0.199629 0.441220 1.703000 -0.344827 0.327150 1.664098 -0.056691 0.312452 1.682506 -0.416661 0.095916 1.675316 0.002961 0.075470 1.642501 -0.469664 -0.140901 1.642501 0.027554 -0.150514 1.630138 -0.489493 -0.260398 1.592388 0.038442 -0.246660 1.491867 -0.199472 0.072451 1.674149 -0.195278 0.011423 1.616519 -0.261176 -0.051148 1.596720 -0.128139 -0.052631 1.606821 -0.272583 -0.450443 1.534213 -0.126481 -0.427076 1.513009 -0.337733 -0.714848 1.536760 -0.213202 -0.700588 1.432754 -0.332220 -0.742038 1.450569 -0.207690 -0.727777 1.346563 
-0.149751 0.597140 1.732408 -0.200437 0.443410 1.683412 -0.341735 0.336179 1.638589 -0.059575 0.320545 1.658982 -0.412376 0.104623 1.649853 0.004040 0.084686 1.618151 -0.468194 -0.131690 1.618151 0.028720 -0.140297 1.606005 -0.487559 -0.254291 1.567328 0.036850 -0.239303 1.458829 -0.200247 0.075595 1.653119 -0.195519 0.015016 1.595290 -0.260117 -0.046344 1.578290 -0.129661 -0.047794 1.582909 -0.274871 -0.449618 1.517776 -0.131074 -0.429863 1.500098 -0.312658 -0.712838 1.446890 -0.214199 -0.697563 1.411867 -0.306375 -0.739938 1.360721 -0.207916 -0.724663 1.325699 
-0.147807 0.598878 1.716422 -0.198271 0.445610 1.660472 -0.342997 0.338208 1.623719 -0.058527 0.320711 1.638323 -0.413246 0.106502 1.634570 0.007511 0.085862 1.593380 -0.467141 -0.128402 1.593380 0.029169 -0.136409 1.579069 -0.486521 -0.246263 1.538241 0.035793 -0.227632 1.429858 -0.200349 0.078397 1.634061 -0.197108 0.017386 1.576707 -0.262901 -0.043736 1.560587 -0.130928 -0.046730 1.564251 -0.280753 -0.439587 1.487154 -0.138537 -0.430991 1.487047 -0.297101 -0.712762 1.430818 -0.204011 -0.705824 1.414685 -0.292424 -0.740075 1.344612 -0.199334 -0.733137 1.328479 
