66
-0.297391 0.620603 3.872642 -0.311642 0.447276 3.876319 -0.448645 0.382021 3.870828 -0.160562 0.341815 3.861519 -0.498405 0.106695 3.847026 -0.134781 0.113467 3.852317 -0.550137 -0.160074 3.852317 -0.106148 -0.140170 3.792344 -0.550590 -0.243791 3.791197 -0.103829 -0.244138 3.789806 -0.313446 0.096731 3.892431 -0.314388 0.029271 3.856351 -0.375150 -0.034262 3.864689 -0.256697 -0.046397 3.833936 -0.362570 -0.522687 3.890051 -0.278463 -0.534678 3.898904 -0.349083 -0.884722 3.902744 -0.295656 -0.890312 3.917156 -0.348740 -0.925709 3.818030 -0.275174 -0.960137 3.865341 
-0.297014 0.620334 3.870627 -0.311517 0.446771 3.875473 -0.449019 0.381539 3.870670 -0.160215 0.342402 3.860971 -0.498566 0.105633 3.846906 -0.134389 0.113508 3.852153 -0.550211 -0.160783 3.852153 -0.105846 -0.141002 3.792238 -0.550741 -0.244314 3.791110 -0.103738 -0.244594 3.789647 -0.313192 0.096567 3.891900 -0.314222 0.029124 3.856235 -0.375091 -0.034656 3.864431 -0.256255 -0.046390 3.834063 -0.362555 -0.521960 3.884536 -0.278022 -0.534503 3.898363 -0.349130 -0.884138 3.900754 -0.295610 -0.890332 3.916884 -0.348930 -0.925865 3.817540 -0.276125 -0.959473 3.863410 
-0.296353 0.619941 3.867675 -0.311314 0.446204 3.874485 -0.449387 0.381085 3.870508 -0.159609 0.342472 3.859821 -0.498692 0.104601 3.846776 -0.133685 0.113455 3.851600 -0.550303 -0.161438 3.851600 -0.105357 -0.142595 3.792157 -0.550882 -0.244800 3.791039 -0.103419 -0.245610 3.787427 -0.312897 0.096455 3.891192 -0.314058 0.029033 3.856047 -0.375125 -0.034971 3.864091 -0.255796 -0.046368 3.834123 -0.362487 -0.520892 3.877274 -0.277494 -0.534335 3.897651 -0.349079 -0.883682 3.898459 -0.295519 -0.890366 3.916581 -0.348935 -0.926142 3.816785 -0.277122 -0.958777 3.861354 
-0.295568 0.619426 3.864093 -0.310991 0.445528 3.873210 -0.449757 0.380608 3.870312 -0.158982 0.342065 3.858038 -0.498764 0.103534 3.846629 -0.132691 0.113154 3.850720 -0.550354 -0.162885 3.850720 -0.104837 -0.144511 3.792274 -0.551259 -0.245810 3.791365 -0.102852 -0.246408 3.785159 -0.312496 0.096309 3.890193 -0.313839 0.028932 3.855736 -0.375117 -0.035298 3.863632 -0.255295 -0.046387 3.834083 -0.362509 -0.519372 3.868017 -0.276904 -0.534166 3.896866 -0.348489 -0.883273 3.894163 -0.295311 -0.890443 3.916215 -0.348994 -0.926531 3.812311 -0.277748 -0.958678 3.860582 
-0.294748 0.618772 3.858611 -0.310315 0.444386 3.869631 -0.450239 0.379591 3.869045 -0.158075 0.340944 3.853782 -0.498821 0.102264 3.846373 -0.131100 0.112221 3.847006 -0.550421 -0.163535 3.847006 -0.104113 -0.147128 3.792259 -0.551393 -0.246396 3.791503 -0.102520 -0.247752 3.775604 -0.311879 0.096015 3.886698 -0.313465 0.028738 3.853788 -0.375219 -0.035755 3.861432 -0.254471 -0.046579 3.832738 -0.362602 -0.517788 3.854316 -0.276004 -0.533942 3.895414 -0.348520 -0.881287 3.873828 -0.294905 -0.890518 3.915711 -0.349556 -0.927006 3.790676 -0.278369 -0.958024 3.858506 
-0.294225 0.617689 3.850665 -0.309517 0.442694 3.862938 -0.450957 0.377432 3.866408 -0.157032 0.340355 3.846690 -0.498946 0.100540 3.845825 -0.128962 0.111326 3.839469 -0.550493 -0.164236 3.839469 -0.103392 -0.150544 3.792304 -0.551553 -0.246933 3.791686 -0.101765 -0.249019 3.756994 -0.311185 0.095362 3.880542 -0.313048 0.028250 3.850016 -0.375352 -0.036576 3.857406 -0.253550 -0.046985 3.830060 -0.363182 -0.516397 3.834269 -0.275011 -0.533649 3.892509 -0.350121 -0.873037 3.825849 -0.294420 -0.890615 3.915174 -0.350804 -0.922718 3.741602 -0.278806 -0.957917 3.857680 
-0.293632 0.616488 3.841944 -0.308244 0.440965 3.854588 -0.451403 0.374387 3.859909 -0.156031 0.339969 3.838377 -0.499047 0.098904 3.845134 -0.125974 0.108706 3.827863 -0.550561 -0.164834 3.827863 -0.102524 -0.154297 3.792323 -0.551689 -0.247475 3.791898 -0.101581 -0.250054 3.733061 -0.310299 0.094435 3.872252 -0.312432 0.027460 3.844375 -0.375375 -0.037609 3.851652 -0.252416 -0.047647 3.825490 -0.363897 -0.514664 3.813254 -0.273847 -0.533271 3.889273 -0.351711 -0.864027 3.776657 -0.293882 -0.890496 3.914366 -0.351707 -0.918098 3.693378 -0.279202 -0.956811 3.855052 
-0.292614 0.614099 3.829327 -0.306364 0.438579 3.842889 -0.452353 0.369372 3.848695 -0.154467 0.337903 3.827033 -0.499262 0.097099 3.844260 -0.122898 0.105310 3.812427 -0.550623 -0.165468 3.812427 -0.101659 -0.158090 3.792144 -0.551852 -0.248096 3.791881 -0.100390 -0.249186 3.700680 -0.309432 0.092890 3.860727 -0.311870 0.026098 3.836033 -0.375733 -0.039314 3.843071 -0.251267 -0.049018 3.818490 -0.365068 -0.514554 3.784314 -0.272282 -0.532996 3.884595 -0.350400 -0.855143 3.714695 -0.293309 -0.890291 3.913494 -0.352642 -0.913943 3.631827 -0.279504 -0.956457 3.853947 
-0.291884 0.610950 3.812253 -0.303871 0.435893 3.828767 -0.453575 0.363876 3.836099 -0.153008 0.335141 3.813706 -0.499386 0.094469 3.840750 -0.119402 0.099897 3.789268 -0.550660 -0.166122 3.789268 -0.100676 -0.161654 3.791852 -0.551998 -0.248662 3.791883 -0.099186 -0.248634 3.660339 -0.308566 0.090841 3.846558 -0.311408 0.024200 3.825191 -0.376393 -0.041538 3.832550 -0.250197 -0.051111 3.808359 -0.366329 -0.513824 3.753199 -0.270470 -0.532443 3.877961 -0.355245 -0.844392 3.654481 -0.292716 -0.890021 3.912535 -0.358345 -0.903434 3.569730 -0.279756 -0.956137 3.852968 
-0.291755 0.607456 3.789520 -0.301045 0.432444 3.809446 -0.455365 0.357825 3.819747 -0.152043 0.330327 3.790243 -0.500378 0.092856 3.829727 -0.114991 0.091860 3.756680 -0.549394 -0.165838 3.756680 -0.098982 -0.165731 3.783940 -0.551766 -0.249016 3.787396 -0.097450 -0.248694 3.616954 -0.307503 0.087512 3.824426 -0.310932 0.020951 3.805885 -0.377490 -0.045163 3.813256 -0.248799 -0.054780 3.789141 -0.367476 -0.512243 3.719848 -0.268195 -0.531828 3.867461 -0.355992 -0.840018 3.596053 -0.291990 -0.889640 3.911195 -0.360993 -0.898917 3.510020 -0.280275 -0.954618 3.849780 
-0.291685 0.604734 3.765459 -0.298393 0.430939 3.784279 -0.457780 0.351817 3.798600 -0.151422 0.325982 3.764721 -0.501055 0.091029 3.822078 -0.111398 0.084341 3.724257 -0.548979 -0.166826 3.724257 -0.097465 -0.169390 3.779439 -0.552056 -0.250121 3.784453 -0.096211 -0.249457 3.574184 -0.306825 0.084830 3.797990 -0.310773 0.018003 3.782425 -0.378981 -0.048493 3.789900 -0.247663 -0.058121 3.766473 -0.368413 -0.510590 3.684525 -0.265954 -0.530710 3.851870 -0.355570 -0.833143 3.548518 -0.291190 -0.889183 3.909548 -0.362058 -0.895788 3.465152 -0.280622 -0.952942 3.846070 
-0.292029 0.602151 3.741474 -0.295349 0.428216 3.757418 -0.460295 0.346390 3.775465 -0.150916 0.321983 3.739211 -0.502182 0.087650 3.812462 -0.108654 0.077622 3.691425 -0.548687 -0.167975 3.691425 -0.096264 -0.172269 3.773958 -0.552315 -0.251457 3.780685 -0.094936 -0.249652 3.532702 -0.306283 0.082227 3.769997 -0.310787 0.015303 3.756643 -0.380857 -0.051594 3.763631 -0.246773 -0.061158 3.741463 -0.369723 -0.507954 3.646493 -0.263675 -0.529921 3.834896 -0.356070 -0.826731 3.505911 -0.290013 -0.888275 3.906528 -0.363439 -0.889454 3.421611 -0.280622 -0.952235 3.844282 
-0.293781 0.600225 3.713451 -0.293137 0.426297 3.728291 -0.463024 0.341433 3.751236 -0.151249 0.319085 3.710751 -0.503648 0.085518 3.801704 -0.106704 0.071854 3.657822 -0.548336 -0.169099 3.657822 -0.095360 -0.174461 3.765686 -0.552929 -0.252694 3.774913 -0.093728 -0.249623 3.492032 -0.305735 0.080488 3.736776 -0.310690 0.013521 3.724691 -0.382414 -0.053864 3.731046 -0.245560 -0.062995 3.710045 -0.370901 -0.505598 3.611664 -0.260974 -0.529293 3.808780 -0.356162 -0.822969 3.467539 -0.288588 -0.887201 3.902554 -0.364284 -0.887233 3.386256 -0.280677 -0.951585 3.842438 
-0.296234 0.597948 3.683095 -0.292142 0.424225 3.698783 -0.465981 0.336848 3.721677 -0.151933 0.316297 3.681914 -0.506728 0.082321 3.775662 -0.105393 0.066735 3.625281 -0.548481 -0.171367 3.625281 -0.095029 -0.176213 3.744003 -0.553814 -0.255609 3.752890 -0.092835 -0.249295 3.453436 -0.305984 0.078725 3.703381 -0.311221 0.011789 3.691257 -0.384491 -0.056004 3.696247 -0.244972 -0.064673 3.676744 -0.371899 -0.503656 3.578405 -0.258241 -0.528922 3.774599 -0.356334 -0.819891 3.433566 -0.286710 -0.885099 3.896219 -0.364926 -0.884278 3.352035 -0.279907 -0.947564 3.833179 
-0.299565 0.595928 3.650453 -0.293104 0.422992 3.666482 -0.469481 0.332215 3.690579 -0.152854 0.313517 3.647856 -0.510409 0.078716 3.745677 -0.104763 0.062102 3.591540 -0.549289 -0.173990 3.591540 -0.094925 -0.177850 3.719327 -0.554657 -0.258732 3.724686 -0.092284 -0.249004 3.419378 -0.306818 0.077282 3.668647 -0.312259 0.010281 3.656139 -0.386874 -0.058169 3.660010 -0.244644 -0.066105 3.642054 -0.372383 -0.501935 3.546737 -0.254917 -0.527969 3.728739 -0.356618 -0.818472 3.402167 -0.283978 -0.881318 3.883040 -0.365917 -0.882798 3.320620 -0.279045 -0.941270 3.815788 
-0.302790 0.594402 3.619131 -0.294597 0.422012 3.633942 -0.473595 0.327680 3.657738 -0.153834 0.312112 3.615572 -0.514663 0.074441 3.711349 -0.104573 0.057807 3.559770 -0.550455 -0.176923 3.559770 -0.095017 -0.179409 3.684586 -0.556029 -0.262321 3.685503 -0.092108 -0.248817 3.389151 -0.307973 0.076467 3.634118 -0.313466 0.009531 3.620676 -0.389368 -0.059796 3.623344 -0.244369 -0.066773 3.607198 -0.372337 -0.500466 3.516731 -0.253060 -0.524586 3.673640 -0.356861 -0.817505 3.374455 -0.279859 -0.875217 3.859507 -0.366628 -0.881676 3.292978 -0.276760 -0.937542 3.802633 
-0.306255 0.593256 3.587066 -0.296314 0.421505 3.599991 -0.477540 0.324468 3.620509 -0.155092 0.310999 3.582973 -0.519297 0.070155 3.668912 -0.104710 0.054290 3.530284 -0.551703 -0.180642 3.530284 -0.095352 -0.180915 3.640257 -0.557637 -0.265080 3.637285 -0.092404 -0.249128 3.361716 -0.309423 0.076139 3.600343 -0.314828 0.009212 3.586134 -0.391811 -0.060918 3.587531 -0.244430 -0.066932 3.573805 -0.372153 -0.499731 3.487944 -0.250757 -0.519981 3.612004 -0.357058 -0.816834 3.349740 -0.274432 -0.867575 3.825846 -0.367302 -0.881370 3.269296 -0.273369 -0.932727 3.781136 
-0.309011 0.592830 3.554330 -0.298409 0.421738 3.566956 -0.481189 0.322409 3.584259 -0.156491 0.310218 3.551769 -0.523912 0.067062 3.620031 -0.105313 0.051928 3.502547 -0.553143 -0.183394 3.502547 -0.095837 -0.182305 3.592424 -0.559055 -0.267837 3.588068 -0.092925 -0.249735 3.336765 -0.311214 0.076389 3.566760 -0.316491 0.009504 3.551333 -0.394393 -0.061208 3.551049 -0.244921 -0.066449 3.540324 -0.372088 -0.499118 3.461471 -0.249418 -0.514433 3.547406 -0.356707 -0.815752 3.328370 -0.268352 -0.860015 3.780349 -0.367986 -0.880754 3.248287 -0.268544 -0.929410 3.741085 
-0.312997 0.593597 3.518564 -0.300699 0.422471 3.535237 -0.484946 0.320628 3.548147 -0.158172 0.310185 3.521697 -0.528234 0.064350 3.574348 -0.106427 0.050666 3.476459 -0.554401 -0.184637 3.476459 -0.096649 -0.183633 3.535129 -0.559953 -0.268918 3.527055 -0.093646 -0.250401 3.314136 -0.313316 0.077147 3.533576 -0.318449 0.010433 3.516229 -0.397226 -0.060831 3.514062 -0.245798 -0.065196 3.506053 -0.372349 -0.499019 3.436899 -0.248640 -0.510862 3.482784 -0.354774 -0.817052 3.309731 -0.264373 -0.855874 3.746130 -0.368276 -0.880866 3.230056 -0.262983 -0.926041 3.681047 
-0.316868 0.594496 3.485097 -0.303479 0.423253 3.502146 -0.488493 0.318875 3.508855 -0.160137 0.310632 3.490911 -0.532379 0.061877 3.521877 -0.107598 0.049752 3.452700 -0.555151 -0.184202 3.452700 -0.097560 -0.184896 3.480089 -0.561125 -0.268422 3.461944 -0.094326 -0.250986 3.293915 -0.315437 0.077987 3.501100 -0.320235 0.011372 3.482166 -0.399683 -0.060455 3.478332 -0.246568 -0.063849 3.473387 -0.372979 -0.499071 3.414489 -0.247919 -0.508480 3.417382 -0.352314 -0.818977 3.292464 -0.259020 -0.850155 3.702973 -0.366186 -0.882239 3.213382 -0.257625 -0.920296 3.606791 
-0.321114 0.595338 3.452059 -0.306427 0.424663 3.467526 -0.491956 0.317741 3.471502 -0.162034 0.311269 3.460191 -0.535941 0.059901 3.471427 -0.108820 0.049039 3.430733 -0.555863 -0.181818 3.430733 -0.098405 -0.185972 3.414037 -0.561101 -0.266765 3.391486 -0.094962 -0.251539 3.275815 -0.317242 0.079149 3.469403 -0.321662 0.012482 3.449528 -0.401675 -0.059901 3.444133 -0.247000 -0.062494 3.442796 -0.373754 -0.499117 3.392690 -0.247455 -0.506043 3.353080 -0.350166 -0.821396 3.276104 -0.255169 -0.846707 3.601560 -0.361506 -0.884346 3.197283 -0.252223 -0.918496 3.516041 
-0.324572 0.597004 3.416852 -0.309351 0.426218 3.434672 -0.495146 0.317385 3.434698 -0.164334 0.312787 3.429866 -0.538853 0.058964 3.418947 -0.111172 0.049692 3.407088 -0.555901 -0.178982 3.407088 -0.099326 -0.186594 3.348306 -0.561427 -0.263698 3.316548 -0.095542 -0.252042 3.259577 -0.319000 0.080483 3.438520 -0.322971 0.013772 3.417766 -0.403274 -0.059112 3.411118 -0.247486 -0.060806 3.412791 -0.374953 -0.499831 3.373240 -0.247375 -0.503267 3.294074 -0.349362 -0.823543 3.262983 -0.250812 -0.844493 3.476120 -0.359425 -0.884894 3.183525 -0.245623 -0.915126 3.395890 
-0.327318 0.598375 3.382909 -0.312580 0.427540 3.400627 -0.497867 0.316278 3.396098 -0.166548 0.314344 3.400819 -0.541379 0.057587 3.368348 -0.113481 0.051630 3.384231 -0.555682 -0.173916 3.384231 -0.100471 -0.185832 3.275814 -0.560959 -0.259566 3.241501 -0.096137 -0.252024 3.245004 -0.320811 0.081499 3.406676 -0.324104 0.014688 3.385243 -0.404328 -0.058795 3.377208 -0.247978 -0.059285 3.382242 -0.376469 -0.501309 3.355275 -0.246608 -0.501041 3.235251 -0.348445 -0.826534 3.251894 -0.245783 -0.840320 3.346350 -0.357299 -0.885605 3.171243 -0.239672 -0.912790 3.268097 
-0.329566 0.599086 3.343865 -0.315916 0.428462 3.363281 -0.500412 0.315334 3.354454 -0.168773 0.314621 3.365198 -0.543045 0.057005 3.311308 -0.115987 0.052796 3.359800 -0.553498 -0.166927 3.359800 -0.101482 -0.185241 3.194473 -0.557895 -0.253100 3.155692 -0.096641 -0.252150 3.231752 -0.321995 0.082277 3.370689 -0.324523 0.015413 3.348385 -0.404535 -0.058623 3.338862 -0.247586 -0.057993 3.347168 -0.377951 -0.505779 3.337156 -0.245174 -0.494196 3.176655 -0.348416 -0.828886 3.243006 -0.241093 -0.832661 3.190253 -0.356547 -0.888949 3.166468 -0.235165 -0.904191 3.104735 
-0.331197 0.598355 3.293937 -0.319654 0.428263 3.312978 -0.501725 0.313066 3.299099 -0.171128 0.314376 3.317389 -0.542729 0.056427 3.241769 -0.119064 0.053841 3.325138 -0.549150 -0.161462 3.325138 -0.102520 -0.184006 3.098963 -0.552906 -0.246932 3.057921 -0.097333 -0.252311 3.218078 -0.323410 0.081370 3.321822 -0.324976 0.014304 3.298688 -0.404186 -0.060759 3.287942 -0.247700 -0.057576 3.299188 -0.379886 -0.512211 3.317237 -0.243861 -0.489828 3.104230 -0.348390 -0.831120 3.234826 -0.237278 -0.825275 3.035016 -0.356495 -0.893671 3.164223 -0.234018 -0.895374 2.943550 
-0.330814 0.597102 3.235751 -0.322096 0.427519 3.255130 -0.501242 0.311051 3.234867 -0.171532 0.314663 3.262526 -0.541571 0.055552 3.167642 -0.121518 0.056048 3.278413 -0.544101 -0.158276 3.278413 -0.103674 -0.181283 3.007021 -0.547484 -0.243167 2.966002 -0.098589 -0.252147 3.198048 -0.323543 0.080217 3.263095 -0.323942 0.013120 3.238478 -0.402331 -0.062935 3.225925 -0.246230 -0.057453 3.240189 -0.381923 -0.520369 3.291393 -0.241359 -0.482592 3.031992 -0.348443 -0.833756 3.226769 -0.235540 -0.824063 2.901347 -0.355734 -0.895297 3.156969 -0.231423 -0.890110 2.807342 
-0.330248 0.596386 3.182417 -0.323171 0.428062 3.196220 -0.499608 0.311914 3.173289 -0.171485 0.316233 3.205582 -0.539435 0.054406 3.098461 -0.123318 0.057449 3.232927 -0.539856 -0.155797 3.232927 -0.104520 -0.180837 2.930764 -0.542968 -0.240154 2.889598 -0.099017 -0.253715 3.173965 -0.322647 0.079975 3.202617 -0.322076 0.012829 3.176177 -0.399503 -0.063924 3.162564 -0.244311 -0.056293 3.178268 -0.384293 -0.528941 3.260450 -0.239598 -0.479363 2.963942 -0.348589 -0.835692 3.219297 -0.234156 -0.821958 2.795329 -0.355044 -0.896469 3.150190 -0.230104 -0.888411 2.701659 
-0.328333 0.598208 3.115496 -0.322394 0.429620 3.125031 -0.495876 0.312813 3.100878 -0.169153 0.318286 3.135988 -0.535764 0.053517 3.024650 -0.123625 0.059069 3.156759 -0.535906 -0.154581 3.156759 -0.103804 -0.180386 2.862046 -0.538699 -0.238145 2.821342 -0.099084 -0.257538 3.112345 -0.319696 0.080846 3.127887 -0.318025 0.013935 3.098151 -0.394410 -0.062250 3.082211 -0.240107 -0.055046 3.100069 -0.384220 -0.536094 3.180265 -0.240803 -0.477316 2.899437 -0.349654 -0.837583 3.207350 -0.233222 -0.820634 2.706332 -0.354083 -0.895938 3.135535 -0.228880 -0.886726 2.614440 
-0.325743 0.599666 3.049191 -0.321433 0.431255 3.059452 -0.491741 0.313584 3.031845 -0.167684 0.325678 3.066504 -0.532036 0.052621 2.955311 -0.122816 0.062185 3.082355 -0.532328 -0.154012 3.082355 -0.102327 -0.180939 2.801083 -0.535040 -0.236554 2.762442 -0.098833 -0.262197 3.038946 -0.316871 0.082388 3.058021 -0.314453 0.015984 3.024934 -0.389733 -0.059689 3.009335 -0.236885 -0.052305 3.023321 -0.383237 -0.548380 3.101010 -0.243044 -0.475641 2.841880 -0.351114 -0.841283 3.189461 -0.232238 -0.819321 2.630439 -0.352379 -0.896134 3.113302 -0.227584 -0.884839 2.539223 
-0.322617 0.602219 2.981259 -0.318643 0.434153 2.991247 -0.487373 0.316905 2.963039 -0.164891 0.330290 2.993491 -0.528719 0.052838 2.892453 -0.121099 0.065478 2.993895 -0.529374 -0.153221 2.993895 -0.099234 -0.174148 2.746580 -0.532026 -0.234945 2.709980 -0.096749 -0.258768 2.935582 -0.314333 0.085015 2.987334 -0.311770 0.019092 2.950850 -0.386536 -0.055566 2.935841 -0.234816 -0.049351 2.946342 -0.379789 -0.533880 2.985861 -0.245528 -0.474841 2.786547 -0.354257 -0.837621 3.130638 -0.231187 -0.817953 2.563212 -0.354271 -0.889077 3.049345 -0.226432 -0.883173 2.472030 
-0.319510 0.605329 2.916553 -0.315288 0.437513 2.923594 -0.483050 0.320227 2.900772 -0.161492 0.335052 2.922288 -0.525704 0.053523 2.836136 -0.118512 0.068259 2.907182 -0.526851 -0.152479 2.907182 -0.095491 -0.167049 2.698200 -0.529619 -0.233432 2.663728 -0.093965 -0.254141 2.827718 -0.311715 0.088180 2.919799 -0.309493 0.022602 2.880962 -0.383945 -0.051297 2.868602 -0.233197 -0.046052 2.873155 -0.375068 -0.524746 2.878512 -0.247168 -0.474109 2.737698 -0.355856 -0.839290 3.059109 -0.230735 -0.817294 2.503737 -0.358381 -0.892069 2.990986 -0.225883 -0.882527 2.414094 
-0.317060 0.608329 2.855449 -0.312172 0.440689 2.862910 -0.478609 0.324260 2.841023 -0.158371 0.339180 2.858727 -0.522923 0.054468 2.785029 -0.116134 0.072095 2.828663 -0.524677 -0.151657 2.828663 -0.091224 -0.158156 2.655335 -0.527599 -0.231935 2.622112 -0.090338 -0.246238 2.720641 -0.309681 0.091169 2.858647 -0.307591 0.025997 2.817313 -0.381787 -0.047078 2.805935 -0.231970 -0.042862 2.807304 -0.370592 -0.514644 2.776090 -0.248636 -0.473513 2.693696 -0.356596 -0.840432 3.005428 -0.232581 -0.818727 2.454134 -0.358082 -0.895185 2.914551 -0.230314 -0.884187 2.368352 
-0.315094 0.611144 2.799119 -0.309218 0.443652 2.806551 -0.474651 0.327406 2.787483 -0.155413 0.342936 2.798154 -0.520511 0.055408 2.739967 -0.112957 0.075421 2.752996 -0.522736 -0.150896 2.752996 -0.087084 -0.148225 2.616878 -0.525820 -0.230582 2.584689 -0.087086 -0.236928 2.617625 -0.307756 0.093957 2.802973 -0.306063 0.029095 2.759764 -0.380054 -0.043265 2.750058 -0.231097 -0.040000 2.747688 -0.367639 -0.502511 2.679156 -0.249658 -0.473058 2.654930 -0.355317 -0.841199 2.905067 -0.235684 -0.821453 2.414997 -0.356921 -0.898654 2.825299 -0.235329 -0.885646 2.330966 
-0.313176 0.613683 2.745440 -0.306300 0.446268 2.753119 -0.471123 0.330108 2.737967 -0.152806 0.345280 2.743071 -0.518242 0.056576 2.698886 -0.109835 0.079597 2.683815 -0.521025 -0.150088 2.683815 -0.083461 -0.136490 2.581984 -0.524214 -0.229361 2.550824 -0.083681 -0.224862 2.520142 -0.305834 0.096173 2.750005 -0.304502 0.031566 2.705020 -0.378317 -0.040171 2.696566 -0.230162 -0.037718 2.691671 -0.365268 -0.491909 2.593047 -0.251588 -0.473369 2.616988 -0.353977 -0.843368 2.784515 -0.237964 -0.824676 2.387145 -0.358073 -0.903196 2.716606 -0.236901 -0.889217 2.309407 
-0.311339 0.615776 2.696489 -0.303587 0.448562 2.705277 -0.467780 0.332286 2.691652 -0.150401 0.347598 2.692571 -0.516283 0.057560 2.662111 -0.106360 0.083455 2.618224 -0.519483 -0.149375 2.618224 -0.080165 -0.125473 2.550521 -0.522904 -0.228288 2.520309 -0.081165 -0.212815 2.427984 -0.304100 0.098124 2.702763 -0.303073 0.033742 2.656288 -0.376712 -0.037395 2.648774 -0.229314 -0.035737 2.641764 -0.362689 -0.485186 2.514631 -0.253128 -0.473580 2.583706 -0.351565 -0.842125 2.656717 -0.240704 -0.828888 2.370924 -0.355422 -0.899188 2.583378 -0.238409 -0.893642 2.299800 
-0.309047 0.617630 2.649833 -0.300787 0.450377 2.658571 -0.464798 0.334333 2.649032 -0.148019 0.349368 2.646014 -0.514312 0.058669 2.627590 -0.103433 0.087173 2.560011 -0.518102 -0.148746 2.560011 -0.077501 -0.114384 2.521940 -0.521926 -0.227258 2.492993 -0.079080 -0.200050 2.343971 -0.302785 0.099980 2.657887 -0.302163 0.035786 2.610466 -0.375797 -0.034817 2.604357 -0.228941 -0.034032 2.594891 -0.360807 -0.476342 2.446612 -0.253751 -0.473295 2.554904 -0.348860 -0.837235 2.534442 -0.243550 -0.833430 2.364398 -0.352522 -0.891526 2.456425 -0.239916 -0.898570 2.300251 
-0.307055 0.618844 2.606975 -0.298200 0.451787 2.616733 -0.462029 0.335977 2.608824 -0.145702 0.350235 2.601850 -0.512638 0.059520 2.596474 -0.100521 0.090432 2.505421 -0.516911 -0.148228 2.505421 -0.075341 -0.103833 2.496015 -0.521133 -0.226400 2.468395 -0.077253 -0.188493 2.269269 -0.301555 0.101367 2.617245 -0.301347 0.037366 2.568831 -0.375052 -0.032735 2.563605 -0.228597 -0.032788 2.552409 -0.359135 -0.468897 2.388085 -0.254241 -0.473049 2.528843 -0.346140 -0.827541 2.420735 -0.246507 -0.838267 2.366503 -0.349711 -0.878977 2.338692 -0.241409 -0.903977 2.309420 
-0.305066 0.619406 2.566042 -0.295945 0.452620 2.576153 -0.459668 0.337083 2.570676 -0.143707 0.350795 2.561197 -0.511107 0.060393 2.566740 -0.098046 0.093463 2.456475 -0.515845 -0.147904 2.456475 -0.073521 -0.094350 2.472381 -0.520548 -0.226290 2.446002 -0.075702 -0.177528 2.200713 -0.300633 0.102338 2.578065 -0.300785 0.038538 2.528881 -0.374613 -0.031038 2.524457 -0.228438 -0.032000 2.511964 -0.357716 -0.462412 2.335182 -0.254580 -0.472846 2.505162 -0.343795 -0.817225 2.318503 -0.249320 -0.842905 2.374923 -0.346960 -0.866123 2.233204 -0.242850 -0.909458 2.324866 
-0.303372 0.619069 2.522951 -0.293906 0.452584 2.533626 -0.457422 0.337869 2.530235 -0.142371 0.350674 2.518769 -0.509802 0.061156 2.535805 -0.096769 0.095529 2.408594 -0.515027 -0.147661 2.408594 -0.072145 -0.085980 2.450085 -0.519880 -0.226115 2.424970 -0.074558 -0.167873 2.135355 -0.299851 0.102729 2.537160 -0.300379 0.039172 2.487426 -0.374245 -0.029682 2.483694 -0.228503 -0.031732 2.470266 -0.356787 -0.455563 2.282835 -0.254624 -0.472598 2.482866 -0.341317 -0.805876 2.224109 -0.251384 -0.846560 2.383932 -0.344108 -0.852474 2.136121 -0.244305 -0.915023 2.344474 
-0.301908 0.617757 2.481730 -0.292336 0.452085 2.494324 -0.454834 0.343400 2.490100 -0.141118 0.349538 2.478093 -0.508345 0.064349 2.505023 -0.095640 0.096555 2.362742 -0.514659 -0.148112 2.362742 -0.071124 -0.079602 2.428614 -0.519539 -0.226210 2.405405 -0.073675 -0.160399 2.077671 -0.299805 0.103077 2.498107 -0.300626 0.039977 2.447651 -0.374558 -0.028005 2.444111 -0.229370 -0.031607 2.429837 -0.355808 -0.449619 2.237117 -0.254468 -0.472387 2.461776 -0.339311 -0.796141 2.144500 -0.253225 -0.849189 2.394198 -0.341438 -0.840756 2.054373 -0.245425 -0.919534 2.366894 
-0.301421 0.616812 2.442698 -0.291297 0.451207 2.455200 -0.454143 0.343243 2.452007 -0.140328 0.347481 2.437881 -0.507637 0.064975 2.474557 -0.094679 0.096733 2.319881 -0.514695 -0.148788 2.319881 -0.070335 -0.074433 2.407697 -0.519631 -0.226978 2.386220 -0.073020 -0.154371 2.026070 -0.299553 0.102552 2.458771 -0.300746 0.039806 2.407738 -0.374974 -0.027734 2.404460 -0.229602 -0.032387 2.389289 -0.355012 -0.444505 2.193563 -0.254073 -0.472849 2.441730 -0.337484 -0.792468 2.077438 -0.254586 -0.851431 2.404122 -0.339334 -0.836172 1.985727 -0.246786 -0.921036 2.376012 
-0.301207 0.615830 2.405299 -0.290764 0.450360 2.417759 -0.453759 0.342951 2.416398 -0.140086 0.345553 2.399920 -0.507317 0.065559 2.443606 -0.094185 0.096474 2.279660 -0.515509 -0.149958 2.279660 -0.069700 -0.070220 2.384565 -0.520442 -0.228551 2.365376 -0.072383 -0.149174 1.980740 -0.299457 0.101941 2.420804 -0.301018 0.039529 2.369245 -0.375435 -0.027573 2.366180 -0.229962 -0.033150 2.350223 -0.354262 -0.440103 2.155117 -0.253220 -0.473833 2.420055 -0.335926 -0.789226 2.017471 -0.255249 -0.853005 2.412343 -0.337572 -0.832161 1.924131 -0.247725 -0.922062 2.383250 
-0.301547 0.615078 2.368798 -0.290836 0.449600 2.381359 -0.453902 0.342385 2.380267 -0.140327 0.343409 2.361759 -0.507740 0.065550 2.410541 -0.093858 0.095899 2.242656 -0.516585 -0.151269 2.242656 -0.069224 -0.066806 2.357733 -0.522207 -0.230230 2.342552 -0.071918 -0.144968 1.939998 -0.299732 0.101320 2.383660 -0.301617 0.039221 2.331643 -0.376260 -0.027546 2.328439 -0.230520 -0.033839 2.312371 -0.353646 -0.436035 2.119370 -0.252357 -0.474581 2.392974 -0.334592 -0.786306 1.963868 -0.255621 -0.853208 2.416891 -0.336072 -0.828568 1.869281 -0.248347 -0.921954 2.388189 
-0.302087 0.614622 2.334471 -0.291526 0.449067 2.345856 -0.454592 0.341543 2.345226 -0.140813 0.341427 2.325800 -0.508586 0.065358 2.376783 -0.094004 0.094867 2.207712 -0.517834 -0.153155 2.207712 -0.069142 -0.065076 2.325774 -0.524401 -0.232154 2.314834 -0.071755 -0.142071 1.903518 -0.300475 0.100762 2.347402 -0.302599 0.038923 2.294997 -0.377483 -0.027661 2.291330 -0.231372 -0.034455 2.275818 -0.353009 -0.432470 2.087413 -0.253487 -0.472811 2.356216 -0.333410 -0.783922 1.915593 -0.255947 -0.852180 2.418700 -0.334755 -0.825719 1.819913 -0.248720 -0.918520 2.389454 
-0.303484 0.614563 2.295917 -0.293382 0.449045 2.306388 -0.456218 0.341878 2.305628 -0.142620 0.341516 2.287063 -0.510470 0.064853 2.332613 -0.095038 0.093808 2.173970 -0.519661 -0.155262 2.173970 -0.069376 -0.064311 2.280131 -0.527657 -0.234501 2.270862 -0.072273 -0.141617 1.871887 -0.301886 0.100898 2.307836 -0.304074 0.039294 2.255281 -0.378977 -0.027263 2.251263 -0.232707 -0.034030 2.236488 -0.351704 -0.428909 2.056818 -0.254980 -0.468118 2.304111 -0.332603 -0.782207 1.872927 -0.254602 -0.848209 2.413821 -0.333904 -0.823637 1.776550 -0.247043 -0.910249 2.378914 
-0.305060 0.614873 2.259292 -0.295309 0.449353 2.268500 -0.458164 0.342353 2.267468 -0.144507 0.341673 2.250920 -0.512583 0.065725 2.285822 -0.096252 0.093912 2.143774 -0.522586 -0.156580 2.143774 -0.069971 -0.064617 2.229705 -0.531506 -0.235523 2.219586 -0.073279 -0.142902 1.845327 -0.303388 0.101274 2.270595 -0.305541 0.039812 2.218062 -0.380495 -0.026811 2.213531 -0.233992 -0.033443 2.200052 -0.350332 -0.425628 2.028914 -0.255800 -0.465044 2.266434 -0.332137 -0.781275 1.836048 -0.252032 -0.843662 2.401791 -0.333351 -0.822455 1.739240 -0.244443 -0.906613 2.371989 
-0.307366 0.615841 2.222986 -0.298455 0.450342 2.230652 -0.460799 0.342853 2.228627 -0.146692 0.342270 2.215809 -0.515211 0.067327 2.237715 -0.098018 0.095465 2.115501 -0.525649 -0.155362 2.115501 -0.071026 -0.066056 2.176619 -0.535344 -0.234266 2.163295 -0.074733 -0.145766 1.824046 -0.305198 0.102328 2.234324 -0.307044 0.040933 2.181989 -0.382024 -0.025800 2.176320 -0.235057 -0.032340 2.165521 -0.349017 -0.422491 2.003247 -0.255904 -0.465959 2.214767 -0.331762 -0.780890 1.805790 -0.250500 -0.834770 2.371805 -0.332711 -0.821933 1.708791 -0.240468 -0.898965 2.352935 
-0.309812 0.616938 2.187185 -0.301856 0.451468 2.194468 -0.463727 0.343579 2.191945 -0.149434 0.343571 2.182010 -0.517820 0.070486 2.188239 -0.099802 0.096738 2.090024 -0.529112 -0.152520 2.090024 -0.072723 -0.068777 2.118940 -0.538413 -0.231853 2.102343 -0.076760 -0.150091 1.808058 -0.306779 0.103860 2.199659 -0.308261 0.042580 2.147544 -0.383077 -0.024347 2.140640 -0.235794 -0.030613 2.132774 -0.348904 -0.420573 1.980461 -0.259058 -0.460730 2.156116 -0.330310 -0.781553 1.780951 -0.249133 -0.826687 2.345713 -0.330984 -0.822252 1.683807 -0.238905 -0.887684 2.320406 
-0.312310 0.618137 2.152240 -0.305522 0.452814 2.159268 -0.466977 0.344333 2.154789 -0.152392 0.344829 2.149421 -0.520569 0.073996 2.138990 -0.101949 0.097394 2.066427 -0.533096 -0.147888 2.066427 -0.074911 -0.072380 2.056177 -0.542269 -0.226908 2.034126 -0.079437 -0.155681 1.797153 -0.308332 0.105603 2.166430 -0.309256 0.044373 2.114704 -0.383796 -0.022833 2.106329 -0.236288 -0.028674 2.101983 -0.349305 -0.418131 1.959635 -0.262239 -0.450230 2.092205 -0.329337 -0.782185 1.760770 -0.249406 -0.808470 2.274704 -0.328986 -0.822955 1.664596 -0.239443 -0.862749 2.229766 
-0.314753 0.619579 2.118853 -0.309314 0.454425 2.124753 -0.470243 0.344975 2.119302 -0.155647 0.346494 2.117621 -0.523356 0.077921 2.089873 -0.104266 0.098908 2.044518 -0.536854 -0.141948 2.044518 -0.077636 -0.076472 1.991145 -0.545364 -0.220851 1.964929 -0.082509 -0.162219 1.790929 -0.309736 0.107684 2.134212 -0.310091 0.046443 2.083039 -0.384314 -0.021160 2.073383 -0.236573 -0.026322 2.072400 -0.349864 -0.416626 1.940972 -0.264829 -0.439804 2.032680 -0.328309 -0.783721 1.746011 -0.245604 -0.801536 2.216125 -0.327487 -0.824296 1.650160 -0.235181 -0.853301 2.160851 
-0.317586 0.621260 2.085498 -0.313122 0.456008 2.091559 -0.473784 0.345278 2.084219 -0.159306 0.348723 2.086354 -0.526098 0.082274 2.041605 -0.106718 0.100739 2.024335 -0.540085 -0.135035 2.024335 -0.080757 -0.081202 1.925122 -0.547371 -0.213891 1.894937 -0.086102 -0.169244 1.788149 -0.311176 0.109944 2.102994 -0.310924 0.048718 2.052398 -0.384857 -0.019341 2.041454 -0.236792 -0.023670 2.043779 -0.351164 -0.414527 1.923632 -0.267562 -0.429591 1.976948 -0.330998 -0.775136 1.742341 -0.241315 -0.794123 2.144200 -0.328049 -0.819623 1.638669 -0.230428 -0.843821 2.077941 
-0.320373 0.622776 2.052871 -0.317142 0.457330 2.059018 -0.477229 0.345449 2.050169 -0.163008 0.350979 2.056118 -0.528950 0.086609 1.993764 -0.109341 0.102282 2.005410 -0.542805 -0.127162 2.005410 -0.084155 -0.085953 1.861803 -0.548686 -0.205263 1.825207 -0.090025 -0.176150 1.787305 -0.312603 0.112196 2.072536 -0.311669 0.050989 2.022631 -0.385239 -0.017567 2.010383 -0.236891 -0.020935 2.016108 -0.352648 -0.412553 1.908081 -0.267860 -0.417705 1.917816 -0.335582 -0.768502 1.742726 -0.239472 -0.786936 2.069368 -0.325866 -0.803000 1.663454 -0.228579 -0.835033 1.993967 
-0.323102 0.623777 2.020397 -0.321260 0.458319 2.027005 -0.480717 0.344602 2.015370 -0.166962 0.353406 2.025928 -0.531505 0.090266 1.947917 -0.112174 0.103790 1.987359 -0.544806 -0.119281 1.987359 -0.087577 -0.090740 1.799794 -0.549061 -0.196519 1.758572 -0.093942 -0.182681 1.787268 -0.314134 0.114218 2.042381 -0.312434 0.053043 1.993244 -0.385595 -0.016059 1.979809 -0.237002 -0.018308 1.988752 -0.354663 -0.410747 1.893738 -0.268801 -0.408346 1.866460 -0.341131 -0.761309 1.747467 -0.238242 -0.779824 1.986795 -0.324880 -0.791654 1.672475 -0.226626 -0.826799 1.902400 
-0.325792 0.624478 1.988590 -0.325283 0.458961 1.995503 -0.483951 0.343612 1.982597 -0.170841 0.355382 1.996216 -0.533789 0.093401 1.903839 -0.115293 0.105829 1.969453 -0.546145 -0.112145 1.969453 -0.090979 -0.095486 1.740652 -0.548866 -0.188527 1.696097 -0.097836 -0.189101 1.787262 -0.315313 0.116048 2.012771 -0.312886 0.054898 1.964468 -0.385606 -0.014777 1.950053 -0.236747 -0.015778 1.961810 -0.356757 -0.409154 1.880118 -0.269444 -0.400192 1.819842 -0.348143 -0.754050 1.753781 -0.238058 -0.772988 1.904717 -0.327471 -0.777802 1.682432 -0.226001 -0.818899 1.811694 
-0.328467 0.624679 1.956900 -0.329259 0.459139 1.964211 -0.487040 0.342522 1.949932 -0.174717 0.356996 1.966307 -0.535547 0.095860 1.861342 -0.118524 0.107178 1.951839 -0.546994 -0.105936 1.951839 -0.094234 -0.099879 1.685350 -0.548316 -0.181569 1.637520 -0.101522 -0.195431 1.786645 -0.316569 0.117455 1.982644 -0.313411 0.056377 1.935102 -0.385640 -0.013841 1.919777 -0.236607 -0.013557 1.934073 -0.359413 -0.407729 1.867196 -0.268508 -0.392540 1.773180 -0.353017 -0.748389 1.756165 -0.241005 -0.767763 1.827947 -0.329955 -0.765284 1.690654 -0.229957 -0.813124 1.729485 
-0.331299 0.623932 1.920435 -0.333152 0.458152 1.927681 -0.490000 0.339371 1.911096 -0.178578 0.357668 1.931061 -0.536988 0.096904 1.815229 -0.122188 0.109050 1.929631 -0.547150 -0.101213 1.929631 -0.097085 -0.103856 1.629656 -0.547111 -0.176443 1.579448 -0.104658 -0.200786 1.783793 -0.318018 0.117692 1.946637 -0.314083 0.056706 1.899807 -0.385750 -0.014169 1.883180 -0.236707 -0.012381 1.900639 -0.363598 -0.406830 1.852660 -0.267735 -0.385979 1.721778 -0.357088 -0.743758 1.756286 -0.247168 -0.763992 1.748725 -0.333450 -0.752058 1.696849 -0.236975 -0.808949 1.646140 
-0.333689 0.622760 1.884609 -0.336673 0.456926 1.891972 -0.492510 0.336167 1.873310 -0.182007 0.357698 1.896458 -0.538009 0.097278 1.772199 -0.125999 0.110881 1.905760 -0.547075 -0.098329 1.905760 -0.099857 -0.107813 1.577984 -0.545903 -0.172637 1.527898 -0.107474 -0.205830 1.780349 -0.319598 0.117199 1.909792 -0.314976 0.056311 1.863234 -0.386089 -0.015222 1.845188 -0.237224 -0.011896 1.865385 -0.368848 -0.406317 1.837239 -0.267076 -0.380625 1.672041 -0.361033 -0.739635 1.755937 -0.254579 -0.761622 1.680075 -0.337091 -0.739771 1.701847 -0.244995 -0.805950 1.574792 
-0.335788 0.621143 1.848237 -0.339956 0.455338 1.854870 -0.494436 0.332798 1.833719 -0.184797 0.357567 1.860873 -0.538719 0.096790 1.729330 -0.129759 0.112496 1.878756 -0.547043 -0.096119 1.878756 -0.102707 -0.112153 1.532652 -0.544904 -0.169802 1.481903 -0.110246 -0.211152 1.775199 -0.321204 0.116582 1.870810 -0.315823 0.055923 1.824366 -0.386507 -0.016112 1.804394 -0.237596 -0.011585 1.827983 -0.375619 -0.405679 1.818892 -0.266308 -0.376280 1.625408 -0.364322 -0.735950 1.754680 -0.264543 -0.759149 1.611052 -0.340491 -0.728178 1.704924 -0.255877 -0.802909 1.503599 
-0.337139 0.618865 1.811369 -0.342724 0.453637 1.817867 -0.495940 0.329306 1.794084 -0.187170 0.356995 1.824384 -0.539101 0.095643 1.688017 -0.133493 0.113669 1.848592 -0.547021 -0.094617 1.848592 -0.105815 -0.118129 1.492459 -0.544052 -0.167509 1.441267 -0.113137 -0.217243 1.766151 -0.322527 0.115352 1.830637 -0.316471 0.054912 1.783870 -0.386861 -0.017341 1.762146 -0.237734 -0.012217 1.788175 -0.382712 -0.405553 1.796771 -0.265080 -0.373287 1.579881 -0.368473 -0.732279 1.752325 -0.276966 -0.756810 1.551841 -0.344007 -0.717451 1.706418 -0.269551 -0.799269 1.443025 
-0.337270 0.616567 1.774343 -0.344679 0.452077 1.779512 -0.496788 0.325717 1.753197 -0.188883 0.356162 1.787349 -0.539337 0.093467 1.647721 -0.136718 0.114426 1.815462 -0.547007 -0.094262 1.815462 -0.108895 -0.124346 1.456078 -0.543361 -0.165637 1.405338 -0.116031 -0.223867 1.750567 -0.323761 0.113943 1.790107 -0.317058 0.053588 1.743140 -0.387279 -0.018999 1.719571 -0.237942 -0.013071 1.748639 -0.389809 -0.406654 1.768816 -0.263748 -0.370972 1.537192 -0.371752 -0.730657 1.750636 -0.298640 -0.749653 1.495109 -0.347309 -0.713756 1.706564 -0.292486 -0.788404 1.385007 
-0.338660 0.614552 1.736484 -0.346539 0.450958 1.741384 -0.497175 0.322351 1.713136 -0.190120 0.355092 1.748776 -0.539368 0.091232 1.610617 -0.139580 0.115261 1.778962 -0.547018 -0.094192 1.778962 -0.111896 -0.126554 1.423708 -0.542825 -0.163993 1.373365 -0.118480 -0.226542 1.727889 -0.324709 0.112365 1.749111 -0.317493 0.052010 1.701637 -0.387411 -0.020578 1.677155 -0.238152 -0.014474 1.707209 -0.397574 -0.407988 1.732972 -0.263296 -0.369800 1.497865 -0.374686 -0.728129 1.742051 -0.307235 -0.744926 1.444842 -0.351204 -0.704174 1.701719 -0.301127 -0.777437 1.337526 
-0.337284 0.612798 1.692169 -0.347607 0.450481 1.697076 -0.496051 0.320544 1.668181 -0.190943 0.352587 1.702659 -0.539423 0.089181 1.572819 -0.142704 0.112019 1.729087 -0.547228 -0.094420 1.729087 -0.114642 -0.133008 1.393770 -0.542663 -0.163194 1.344183 -0.120463 -0.231126 1.679750 -0.325556 0.109881 1.701812 -0.318062 0.049190 1.653668 -0.387558 -0.022881 1.629004 -0.238994 -0.016904 1.658977 -0.401834 -0.411109 1.674505 -0.265968 -0.371153 1.460496 -0.379558 -0.734968 1.708773 -0.317555 -0.745596 1.397308 -0.357779 -0.714901 1.661643 -0.311725 -0.776175 1.289918 
-0.335173 0.611342 1.650263 -0.348097 0.450199 1.654444 -0.495275 0.318620 1.626478 -0.191879 0.349636 1.656275 -0.539457 0.087455 1.539121 -0.145231 0.108480 1.676183 -0.547489 -0.094675 1.676183 -0.117138 -0.138918 1.366981 -0.542765 -0.162637 1.317894 -0.122246 -0.234113 1.620376 -0.326202 0.107482 1.656989 -0.318838 0.046402 1.608208 -0.388018 -0.025112 1.584351 -0.240189 -0.019468 1.612159 -0.405868 -0.413746 1.611507 -0.268818 -0.372759 1.426268 -0.385069 -0.743271 1.662492 -0.327013 -0.746698 1.354432 -0.365910 -0.728849 1.606688 -0.321719 -0.775769 1.246904 
-0.331420 0.609699 1.606823 -0.348049 0.450172 1.611893 -0.494149 0.316947 1.585352 -0.193236 0.346586 1.608300 -0.539558 0.086036 1.508282 -0.147149 0.105541 1.620898 -0.547877 -0.095063 1.620898 -0.119119 -0.141061 1.342756 -0.543255 -0.162447 1.294204 -0.124025 -0.235109 1.552099 -0.326900 0.104937 1.612868 -0.320007 0.043364 1.563504 -0.388808 -0.027266 1.541455 -0.242129 -0.022215 1.565769 -0.409216 -0.415842 1.546184 -0.270832 -0.374343 1.394891 -0.390215 -0.752168 1.606344 -0.334286 -0.747843 1.316034 -0.374107 -0.744316 1.541383 -0.329685 -0.776125 1.208193 
-0.327342 0.607671 1.568102 -0.347399 0.450296 1.564490 -0.492979 0.316184 1.541055 -0.195556 0.347336 1.556320 -0.539973 0.085496 1.478121 -0.148627 0.103203 1.554910 -0.548516 -0.095636 1.554910 -0.121481 -0.139583 1.320463 -0.544479 -0.162591 1.272669 -0.126126 -0.231263 1.463461 -0.328038 0.103478 1.565331 -0.322008 0.041579 1.515596 -0.390251 -0.027891 1.496454 -0.245574 -0.023692 1.515074 -0.413174 -0.414144 1.470341 -0.271045 -0.375614 1.365708 -0.396759 -0.758612 1.531623 -0.340586 -0.746756 1.283058 -0.384202 -0.758062 1.457358 -0.335961 -0.768474 1.177381 
-0.323277 0.605718 1.531495 -0.346840 0.450467 1.520297 -0.491493 0.316362 1.499411 -0.197575 0.348245 1.507977 -0.540440 0.085231 1.450862 -0.149898 0.101170 1.491443 -0.549238 -0.096257 1.491443 -0.123813 -0.134826 1.300373 -0.546059 -0.163019 1.253489 -0.128551 -0.224363 1.373047 -0.329378 0.102379 1.521445 -0.324199 0.040206 1.471406 -0.391858 -0.028143 1.455252 -0.249275 -0.024699 1.468030 -0.417310 -0.411113 1.398574 -0.271200 -0.376653 1.339760 -0.404105 -0.763118 1.452236 -0.346288 -0.745701 1.253121 -0.394929 -0.769789 1.369789 -0.341310 -0.759985 1.150653 
