93
0.072831 0.788426 3.055215 0.100639 0.600664 3.077203 -0.077903 0.514489 3.132545 0.254362 0.512100 3.132085 -0.136726 0.259897 3.136808 0.320711 0.248669 3.151659 -0.201681 0.044405 3.151659 0.335664 0.018381 3.059898 -0.211457 -0.033075 3.048625 0.332229 -0.052126 3.057689 0.102950 0.286220 3.090736 0.103372 0.223341 3.095951 0.028519 0.146271 3.092882 0.179288 0.149170 3.100756 0.068550 -0.333307 3.094742 0.164993 -0.330665 3.016531 0.103333 -0.690030 3.129058 0.215167 -0.676405 2.982870 0.075731 -0.763192 3.115652 0.214928 -0.720482 2.900597 
0.075862 0.787014 3.038545 0.097406 0.598993 3.063954 -0.081006 0.515961 3.126425 0.252402 0.510976 3.117336 -0.139889 0.258851 3.109085 0.320053 0.246271 3.139648 -0.198115 0.037331 3.139648 0.339393 0.017082 3.048306 -0.205214 -0.052384 3.035613 0.322286 -0.050624 3.050733 0.100037 0.284594 3.078513 0.100548 0.221725 3.084111 0.025383 0.145010 3.080752 0.176996 0.146967 3.090388 0.065712 -0.343581 3.086393 0.163669 -0.346214 2.997498 0.102341 -0.705345 3.105351 0.213778 -0.701244 2.926024 0.072502 -0.770326 3.139850 0.219425 -0.766812 2.881618 
0.075968 0.787147 3.033301 0.099450 0.597239 3.057973 -0.080164 0.515576 3.097611 0.254560 0.511329 3.111052 -0.137530 0.255040 3.091747 0.321519 0.247170 3.127509 -0.187821 0.028362 3.127509 0.337828 0.018894 3.016611 -0.193901 -0.066309 3.013782 0.326642 -0.048370 3.044570 0.100160 0.282431 3.066802 0.100148 0.219472 3.070963 0.024293 0.142316 3.067277 0.175784 0.144358 3.073721 0.066739 -0.346777 3.078445 0.166400 -0.354840 2.978935 0.100976 -0.722569 3.099559 0.202870 -0.685998 2.873661 0.104230 -0.766146 3.017169 0.221189 -0.758030 2.796341 
0.076593 0.785057 3.019886 0.098497 0.592642 3.044645 -0.077929 0.507150 3.075317 0.254908 0.508495 3.094840 -0.134251 0.256366 3.080673 0.322031 0.248744 3.106846 -0.179789 0.033509 3.106846 0.341777 0.019540 3.011507 -0.184886 -0.061585 2.999835 0.317570 -0.049129 3.036150 0.097654 0.275364 3.053010 0.097434 0.211943 3.057411 0.022160 0.135381 3.053358 0.172387 0.138172 3.062354 0.062212 -0.357049 3.072851 0.166470 -0.362771 2.962452 0.087707 -0.708631 3.119859 0.196546 -0.690605 2.825604 0.092514 -0.752222 3.037494 0.208137 -0.752401 2.738643 
0.078267 0.783859 3.007891 0.098568 0.592741 3.032944 -0.076329 0.507208 3.068674 0.259097 0.505389 3.076202 -0.131264 0.256399 3.067192 0.320921 0.243748 3.082401 -0.175241 0.036138 3.082401 0.341150 0.012358 2.989336 -0.178826 -0.059424 2.966767 0.317667 -0.049875 3.032820 0.099267 0.274598 3.037964 0.099444 0.210965 3.041164 0.024249 0.133110 3.036103 0.175257 0.137949 3.044113 0.070652 -0.361229 3.052098 0.164739 -0.361493 2.946780 0.088043 -0.708717 3.121392 0.178747 -0.669787 2.776678 0.080069 -0.777366 3.082724 0.180524 -0.712953 2.694133 
0.079617 0.784262 2.998537 0.098664 0.594042 3.013948 -0.074917 0.506432 3.053340 0.258322 0.499770 3.056365 -0.126812 0.255833 3.054511 0.320548 0.240501 3.065090 -0.163963 0.035497 3.065090 0.342172 0.008870 2.973018 -0.170918 -0.053810 2.956081 0.360030 -0.063488 3.005891 0.099391 0.271627 3.021260 0.099553 0.207181 3.024751 0.024393 0.130322 3.022128 0.175159 0.134174 3.026971 0.067933 -0.364936 3.048605 0.170376 -0.358420 2.908768 0.088973 -0.708279 3.125099 0.179794 -0.666181 2.763743 0.074422 -0.774998 3.085167 0.188443 -0.719996 2.671637 
0.081232 0.783570 2.983050 0.097438 0.591556 2.995188 -0.072742 0.500486 3.032227 0.259593 0.500088 3.042109 -0.122964 0.252789 3.041217 0.322679 0.231133 3.047944 -0.155584 0.033097 3.047944 0.342326 -0.000214 2.955667 -0.160069 -0.056852 2.926510 0.359711 -0.061323 3.002406 0.097552 0.268097 3.004097 0.097615 0.203440 3.008115 0.022528 0.126171 3.007301 0.172809 0.131129 3.009036 0.065581 -0.370560 3.040090 0.167448 -0.357529 2.903107 0.090423 -0.707613 3.130312 0.178839 -0.665131 2.742908 0.074463 -0.770136 3.084723 0.181313 -0.721999 2.653914 
0.084436 0.785981 2.966863 0.103875 0.588685 2.968026 -0.073182 0.497536 3.023453 0.259586 0.492885 3.011445 -0.116515 0.245210 3.010260 0.323572 0.229948 3.038620 -0.146786 0.020905 3.038620 0.344812 -0.000302 2.939331 -0.152281 -0.056885 2.921434 0.319176 -0.054203 2.952690 0.098470 0.264605 2.983812 0.097556 0.199808 2.989059 0.021384 0.122512 2.991051 0.171814 0.127547 2.989695 0.064106 -0.375825 3.031304 0.177978 -0.371465 2.854124 0.089857 -0.710409 3.129153 0.176340 -0.671700 2.725528 0.073465 -0.772531 3.083277 0.179522 -0.733968 2.638808 
0.090552 0.779931 2.940331 0.107559 0.588833 2.959974 -0.072769 0.493919 3.002963 0.260317 0.488806 2.997829 -0.113770 0.240501 2.992185 0.327670 0.229447 3.019198 -0.138553 0.014713 3.019198 0.344294 0.001571 2.924710 -0.142593 -0.059451 2.907954 0.355771 -0.055292 2.946426 0.100173 0.262892 2.969058 0.098602 0.197612 2.972920 0.021388 0.119861 2.974064 0.172127 0.125318 2.971123 0.064039 -0.376985 3.011693 0.172003 -0.372468 2.851943 0.091404 -0.711626 3.127292 0.175212 -0.677419 2.716003 0.080132 -0.785785 3.051081 0.176591 -0.740930 2.629985 
0.093382 0.777059 2.928811 0.110496 0.587422 2.947490 -0.055312 0.513309 2.964868 0.265062 0.485017 2.979220 -0.111169 0.239240 2.980157 0.328163 0.223493 2.981523 -0.132736 0.013181 2.981523 0.345352 -0.007944 2.912408 -0.135220 -0.062813 2.878379 0.358281 -0.084764 2.933803 0.100670 0.259885 2.947044 0.098572 0.194370 2.947618 0.022617 0.119244 2.946878 0.169467 0.122399 2.943185 0.066970 -0.359090 2.955231 0.165824 -0.371314 2.839893 0.087707 -0.707801 3.123562 0.173919 -0.680076 2.710511 0.079869 -0.785845 3.050712 0.172317 -0.744791 2.625254 
0.095231 0.777078 2.921868 0.116720 0.583021 2.924612 -0.054759 0.512245 2.959880 0.271285 0.482808 2.957818 -0.108304 0.239160 2.968797 0.329055 0.220170 2.955851 -0.127974 0.013052 2.955851 0.348866 -0.011645 2.900539 -0.132386 -0.061963 2.869851 0.363248 -0.115907 2.909920 0.102796 0.258019 2.926644 0.099967 0.193046 2.927012 0.022561 0.118971 2.923521 0.170860 0.119733 2.926043 0.066656 -0.358171 2.950239 0.155592 -0.364312 2.830427 0.083061 -0.709615 3.123992 0.165685 -0.683781 2.698171 0.082607 -0.752288 3.041356 0.162511 -0.750807 2.614883 
0.100721 0.778281 2.897055 0.120906 0.585359 2.906834 -0.042800 0.529059 2.919969 0.275822 0.480710 2.935923 -0.105038 0.239043 2.948246 0.330717 0.217446 2.937241 -0.124828 0.013821 2.937241 0.354310 -0.011747 2.876337 -0.126532 -0.046790 2.854825 0.363523 -0.117019 2.890320 0.103912 0.258593 2.905552 0.100689 0.193354 2.903555 0.023263 0.120771 2.900877 0.170299 0.119807 2.900152 0.027559 -0.278008 2.962232 0.152678 -0.368630 2.806027 0.078103 -0.667137 3.106402 0.158603 -0.696044 2.682603 0.082676 -0.709496 3.023781 0.156823 -0.767294 2.602925 
0.100267 0.775329 2.880991 0.121446 0.586410 2.884662 -0.045661 0.522457 2.914487 0.278528 0.476439 2.912844 -0.102661 0.235821 2.932781 0.334757 0.220161 2.917923 -0.126993 0.010401 2.917923 0.357643 -0.006251 2.863263 -0.127742 -0.054292 2.851192 0.360782 -0.110958 2.837327 0.107757 0.260671 2.884028 0.105009 0.195762 2.880795 0.029072 0.121208 2.877864 0.174678 0.122235 2.877500 0.028267 -0.278559 2.959845 0.149054 -0.376571 2.794206 0.075298 -0.669813 3.100559 0.158000 -0.699491 2.681599 0.075249 -0.712032 3.017782 0.155275 -0.769812 2.602511 
0.105546 0.774688 2.847467 0.126068 0.586663 2.867837 -0.029863 0.504619 2.870714 0.279793 0.480356 2.885160 -0.099262 0.228639 2.896207 0.343408 0.224473 2.874953 -0.130395 -0.001507 2.874953 0.359818 -0.006673 2.856742 -0.130433 -0.059782 2.846980 0.361188 -0.111979 2.820741 0.112161 0.254410 2.861231 0.109811 0.188191 2.853953 0.035621 0.116642 2.847934 0.177918 0.118051 2.852059 0.033135 -0.336121 2.957739 0.149669 -0.377297 2.784771 0.081715 -0.716963 3.120102 0.158325 -0.700169 2.680671 0.085960 -0.758625 3.037208 0.154030 -0.771360 2.602034 
0.106638 0.773368 2.841494 0.132077 0.589392 2.850918 -0.033031 0.512170 2.868618 0.282333 0.485150 2.866164 -0.099682 0.230372 2.883123 0.342911 0.226949 2.857401 -0.136293 0.001097 2.857401 0.362226 0.001423 2.842960 -0.138532 -0.066899 2.838078 0.362603 -0.104552 2.786970 0.118314 0.260755 2.840740 0.115488 0.196038 2.829829 0.041019 0.123082 2.823129 0.183757 0.125500 2.824014 0.093818 -0.415256 2.887439 0.151830 -0.374696 2.770722 0.081201 -0.712626 3.113214 0.157557 -0.705722 2.678786 0.081033 -0.753780 3.030046 0.152003 -0.772404 2.599541 
0.111855 0.781186 2.824522 0.134608 0.594604 2.825923 -0.033404 0.522087 2.855493 0.286007 0.487960 2.840427 -0.098531 0.232199 2.868700 0.346861 0.228551 2.839395 -0.144579 0.006380 2.839395 0.367219 0.003356 2.816474 -0.147847 -0.065806 2.817222 0.362254 -0.100311 2.744989 0.121336 0.264819 2.819462 0.118098 0.200031 2.806859 0.043468 0.126658 2.802254 0.186608 0.128745 2.799955 0.114941 -0.385882 2.819999 0.169511 -0.380560 2.723758 0.081490 -0.699444 3.083940 0.157353 -0.710196 2.676790 0.078103 -0.740654 3.000910 0.148817 -0.778605 2.607187 
0.115325 0.788789 2.804289 0.139174 0.599756 2.802636 -0.033098 0.523442 2.837919 0.288850 0.489681 2.822634 -0.096125 0.239180 2.854320 0.349899 0.237313 2.803545 -0.144630 0.014658 2.803545 0.368688 0.009807 2.797842 -0.149878 -0.063246 2.784423 0.362564 -0.096245 2.737693 0.127919 0.267830 2.797183 0.125034 0.202860 2.782212 0.051452 0.129612 2.774662 0.193502 0.130676 2.777446 0.110079 -0.374537 2.807435 0.167910 -0.380272 2.724037 0.072131 -0.686253 3.051390 0.157055 -0.717522 2.678926 0.068731 -0.727355 2.968437 0.147969 -0.779479 2.609471 
0.117690 0.784457 2.785434 0.146191 0.603664 2.783881 -0.029360 0.517376 2.815895 0.291349 0.484618 2.792084 -0.092564 0.240755 2.837616 0.358210 0.228020 2.776226 -0.142654 0.018934 2.776226 0.369754 0.002159 2.770478 -0.151075 -0.060421 2.773903 0.363800 -0.074395 2.680671 0.132417 0.265948 2.778736 0.128433 0.200100 2.761171 0.053981 0.128938 2.753109 0.196501 0.126893 2.756748 0.101457 -0.376363 2.801528 0.162166 -0.376087 2.724093 0.072536 -0.715739 3.035393 0.157165 -0.717847 2.678684 0.066899 -0.756749 2.952439 0.147534 -0.781915 2.620584 
0.119830 0.783883 2.755503 0.147453 0.600175 2.768529 -0.021114 0.519241 2.786002 0.295689 0.488310 2.780358 -0.088617 0.245480 2.812524 0.359160 0.230190 2.753146 -0.142792 0.020976 2.753146 0.370254 0.004877 2.763069 -0.151526 -0.059701 2.755270 0.366195 -0.071071 2.663891 0.134730 0.265211 2.762798 0.132036 0.200384 2.742595 0.057712 0.130965 2.734419 0.200992 0.126098 2.736469 0.050079 -0.390794 2.814083 0.159214 -0.371747 2.717305 0.071617 -0.721191 3.033987 0.157019 -0.717899 2.677961 0.095905 -0.793349 3.013477 0.147684 -0.778891 2.612123 
0.123124 0.786942 2.749398 0.150722 0.601026 2.756257 -0.018173 0.514795 2.770728 0.300023 0.493162 2.760864 -0.085867 0.247388 2.797410 0.364302 0.230354 2.724722 -0.142905 0.025221 2.724722 0.367123 0.005292 2.739163 -0.146714 -0.057041 2.738197 0.361372 -0.073887 2.624575 0.137003 0.263842 2.748844 0.133633 0.199089 2.725316 0.058940 0.131009 2.717664 0.202161 0.124103 2.717504 0.044915 -0.365118 2.754417 0.153345 -0.369618 2.708270 0.064319 -0.704534 2.989474 0.156915 -0.717755 2.677821 0.064928 -0.777439 2.959832 0.146817 -0.779316 2.613842 
0.129643 0.793298 2.733904 0.156070 0.601254 2.722521 -0.015261 0.528721 2.755358 0.300564 0.491869 2.733987 -0.081462 0.245994 2.777198 0.365017 0.231261 2.707188 -0.139994 0.023235 2.707188 0.369406 0.010014 2.723824 -0.142428 -0.054264 2.701270 0.363217 -0.074506 2.593379 0.140793 0.267491 2.729230 0.136272 0.202401 2.707351 0.061944 0.135338 2.703253 0.203658 0.126342 2.700244 0.048161 -0.352354 2.718180 0.146182 -0.368848 2.693932 0.056827 -0.690279 2.929645 0.156915 -0.717755 2.677831 0.069229 -0.767933 2.906167 0.146260 -0.780673 2.618326 
0.134142 0.787308 2.700726 0.157679 0.599575 2.708203 -0.008038 0.520290 2.727029 0.302265 0.488750 2.714922 -0.078063 0.245967 2.767253 0.364732 0.226973 2.678882 -0.131975 0.025856 2.678882 0.364788 0.004528 2.696669 -0.138403 -0.051986 2.690225 0.359828 -0.075473 2.566338 0.141351 0.264101 2.712733 0.137244 0.199069 2.689796 0.063237 0.133816 2.685972 0.204040 0.123570 2.683493 0.055794 -0.341854 2.677057 0.143715 -0.370237 2.675815 0.048759 -0.687572 2.877877 0.157839 -0.716035 2.673882 0.032829 -0.764107 2.886957 0.146587 -0.780700 2.618611 
0.135858 0.791027 2.683371 0.158603 0.599835 2.693140 -0.010084 0.524234 2.721929 0.305442 0.490971 2.700323 -0.074100 0.248062 2.754791 0.366428 0.239095 2.662654 -0.124470 0.028080 2.662654 0.364062 0.015465 2.680666 -0.131278 -0.046239 2.657614 0.358122 -0.077153 2.528935 0.141871 0.267463 2.698017 0.136840 0.203348 2.673944 0.061054 0.137226 2.669056 0.204658 0.126309 2.667589 0.056425 -0.341662 2.649532 0.141883 -0.369978 2.661108 0.032487 -0.688075 2.826237 0.133670 -0.714285 2.700782 0.009981 -0.764988 2.834290 0.146488 -0.780739 2.618882 
0.137919 0.788860 2.667092 0.162944 0.599300 2.678696 -0.001032 0.514699 2.677025 0.303721 0.490146 2.675918 -0.067987 0.245144 2.727246 0.367826 0.236427 2.645401 -0.120047 0.023896 2.645401 0.364793 0.016714 2.659383 -0.127029 -0.047923 2.644858 0.355958 -0.075642 2.519882 0.142388 0.262716 2.681464 0.138319 0.197917 2.655387 0.063570 0.132728 2.651206 0.204276 0.124297 2.648341 0.066805 -0.343141 2.619461 0.150229 -0.376111 2.647720 0.050715 -0.708546 2.738520 0.147673 -0.715909 2.681773 0.013445 -0.777640 2.741922 0.145371 -0.780947 2.620722 
0.137901 0.789423 2.648571 0.162876 0.602042 2.656084 0.001468 0.522934 2.664479 0.306249 0.490435 2.664909 -0.065129 0.245753 2.710383 0.363569 0.239178 2.618827 -0.104908 0.025927 2.618827 0.361552 0.017057 2.628444 -0.106280 -0.045953 2.607070 0.354153 -0.072352 2.499489 0.141734 0.264840 2.667850 0.137749 0.199223 2.643349 0.063390 0.134005 2.641265 0.203317 0.125854 2.636068 0.070157 -0.351653 2.599517 0.157873 -0.351660 2.622102 0.059499 -0.724552 2.685685 0.147272 -0.719336 2.681898 -0.003153 -0.776723 2.693291 0.145531 -0.781059 2.620123 
0.137305 0.790696 2.630596 0.163489 0.605156 2.632058 -0.000079 0.526211 2.658977 0.305148 0.491903 2.644320 -0.062984 0.248211 2.697383 0.361534 0.240651 2.605472 -0.100620 0.026422 2.605472 0.360233 0.021539 2.620688 -0.103870 -0.050171 2.601315 0.350415 -0.069889 2.474136 0.141065 0.267602 2.648581 0.135447 0.201494 2.625977 0.061436 0.135544 2.627626 0.199892 0.128379 2.617533 0.068534 -0.360656 2.576714 0.161438 -0.371962 2.620423 0.050133 -0.712325 2.620798 0.143611 -0.720996 2.677006 0.028305 -0.779408 2.586302 0.105038 -0.777648 2.595825 
0.135548 0.791054 2.612024 0.164211 0.605766 2.619884 0.000203 0.521377 2.638494 0.308682 0.491552 2.632222 -0.063186 0.247672 2.685177 0.361847 0.239931 2.589196 -0.092360 0.026396 2.589196 0.355226 0.022559 2.602606 -0.096675 -0.049874 2.582567 0.348793 -0.073616 2.462368 0.141584 0.266515 2.633840 0.136674 0.200156 2.611087 0.061771 0.133510 2.610805 0.202042 0.126855 2.603800 0.064104 -0.359573 2.547424 0.167229 -0.374237 2.618233 0.032223 -0.716992 2.553866 0.141191 -0.716237 2.654347 0.060763 -0.787903 2.536459 0.154319 -0.775752 2.588980 
0.134693 0.788035 2.594398 0.159547 0.605310 2.602577 -0.000950 0.518300 2.626534 0.306656 0.491006 2.612570 -0.061883 0.246007 2.667889 0.358814 0.239434 2.573464 -0.091120 0.023689 2.573464 0.351975 0.021492 2.588773 -0.095215 -0.052349 2.568047 0.344837 -0.073783 2.450891 0.141150 0.263786 2.616665 0.136323 0.196963 2.594241 0.062240 0.130210 2.595173 0.202414 0.124530 2.586281 0.059428 -0.365438 2.524680 0.169628 -0.381132 2.613065 0.031535 -0.711735 2.480093 0.142491 -0.716836 2.652137 0.028004 -0.753313 2.397925 0.137103 -0.776472 2.579041 
0.136151 0.787659 2.581790 0.159041 0.603823 2.590608 -0.002836 0.516722 2.618090 0.308774 0.489268 2.600450 -0.064818 0.235180 2.640919 0.355805 0.238218 2.559655 -0.094834 0.010549 2.559655 0.350283 0.019379 2.570491 -0.095073 -0.066667 2.554464 0.340795 -0.074456 2.441180 0.140855 0.262817 2.603414 0.135775 0.196212 2.581038 0.060637 0.129267 2.579902 0.202714 0.122233 2.574042 0.051196 -0.369342 2.499725 0.164048 -0.389470 2.595135 0.024611 -0.704006 2.405987 0.145207 -0.719833 2.648657 0.020171 -0.745434 2.323932 0.138805 -0.779276 2.584364 
0.134372 0.783274 2.561090 0.161896 0.602068 2.566506 -0.007150 0.523371 2.601259 0.308122 0.487365 2.586420 -0.065121 0.245248 2.624442 0.353350 0.229919 2.540558 -0.095642 0.019711 2.540558 0.347016 0.008917 2.557927 -0.092890 -0.052585 2.533514 0.333858 -0.077442 2.426256 0.140087 0.262537 2.585004 0.134698 0.195626 2.564638 0.058793 0.128297 2.564844 0.201290 0.120498 2.558807 0.043509 -0.390517 2.464631 0.158554 -0.398439 2.579009 0.025572 -0.715021 2.341343 0.146853 -0.725274 2.649267 0.000141 -0.756149 2.279958 0.140171 -0.781138 2.584520 
0.133662 0.780171 2.550887 0.160073 0.595847 2.549845 -0.009990 0.524018 2.578351 0.310467 0.483335 2.567547 -0.068284 0.242378 2.608891 0.353049 0.229848 2.530819 -0.101377 0.017291 2.530819 0.343817 0.008174 2.542013 -0.098803 -0.060620 2.521279 0.330563 -0.093791 2.415275 0.138173 0.261272 2.566415 0.133092 0.195435 2.546480 0.056271 0.127950 2.545276 0.200160 0.118108 2.541217 0.042718 -0.386768 2.454417 0.165471 -0.402961 2.582025 0.031300 -0.690048 2.297605 0.147074 -0.727167 2.649490 0.010492 -0.735640 2.216368 0.142423 -0.783355 2.585514 
0.133521 0.779029 2.528698 0.155190 0.593731 2.536066 -0.014627 0.499463 2.558011 0.306433 0.481757 2.551269 -0.071168 0.242979 2.595719 0.349713 0.228698 2.518175 -0.104092 0.017563 2.518175 0.341674 0.006036 2.530356 -0.101674 -0.061297 2.518400 0.329058 -0.081799 2.410633 0.136250 0.257436 2.549032 0.132079 0.191452 2.528624 0.055775 0.123514 2.526657 0.200284 0.115307 2.523523 0.042563 -0.380557 2.430430 0.165964 -0.406783 2.578519 0.030434 -0.676725 2.268154 0.149091 -0.730273 2.647691 0.018766 -0.721192 2.187471 0.142744 -0.783909 2.584785 
0.136445 0.775067 2.511029 0.152473 0.591776 2.520136 -0.013088 0.503516 2.536040 0.305345 0.478332 2.536404 -0.074060 0.241079 2.570655 0.346463 0.226266 2.506679 -0.110771 0.015856 2.506679 0.341322 0.003422 2.507196 -0.115425 -0.062621 2.495897 0.327489 -0.085785 2.401716 0.135583 0.253883 2.533269 0.132364 0.187520 2.513238 0.057118 0.119885 2.508483 0.200601 0.111834 2.511038 0.041428 -0.380509 2.411682 0.168817 -0.408029 2.576717 0.032462 -0.668334 2.239746 0.149237 -0.730942 2.647194 0.024566 -0.713187 2.151803 0.143262 -0.783778 2.584880 
0.131099 0.774207 2.479959 0.145848 0.589486 2.494653 -0.014489 0.505134 2.520398 0.301384 0.475916 2.518172 -0.079555 0.237515 2.547379 0.343540 0.225576 2.490295 -0.117889 0.010423 2.490295 0.339518 0.000804 2.494725 -0.125391 -0.067475 2.483292 0.324524 -0.102621 2.390748 0.133488 0.252266 2.512560 0.130802 0.185595 2.494432 0.057249 0.119441 2.491188 0.198751 0.109253 2.492840 0.039926 -0.380009 2.380088 0.169245 -0.414798 2.563507 0.031954 -0.668993 2.218404 0.151235 -0.731074 2.646224 0.025083 -0.715880 2.144742 0.143727 -0.783779 2.584865 
0.127713 0.771554 2.468187 0.143734 0.583913 2.474875 -0.020045 0.505252 2.513198 0.297296 0.473792 2.502915 -0.081597 0.235208 2.533783 0.338804 0.215799 2.469410 -0.124405 0.011468 2.469410 0.338692 -0.010649 2.468817 -0.133005 -0.074745 2.466738 0.325077 -0.115274 2.380599 0.132273 0.250413 2.491432 0.129252 0.184530 2.473987 0.054692 0.116952 2.469427 0.198390 0.107728 2.473205 0.042241 -0.381192 2.362096 0.166056 -0.424108 2.547272 0.033205 -0.670475 2.214125 0.151690 -0.731121 2.645987 0.025012 -0.724640 2.137191 0.144113 -0.784169 2.584046 
0.121404 0.771112 2.454673 0.140561 0.582125 2.460103 -0.027749 0.509239 2.491191 0.289998 0.476290 2.479397 -0.088576 0.232637 2.511103 0.338258 0.217549 2.459807 -0.128972 0.005990 2.459807 0.336688 -0.008805 2.458055 -0.138907 -0.075623 2.456144 0.327049 -0.105272 2.376712 0.129117 0.251048 2.475882 0.126036 0.185649 2.459044 0.051626 0.118372 2.454105 0.195134 0.108826 2.459023 0.044371 -0.387000 2.334517 0.136862 -0.429446 2.479262 0.036819 -0.682624 2.202983 0.151751 -0.733892 2.643620 0.027098 -0.741224 2.123685 0.144328 -0.784069 2.583251 
0.116989 0.771875 2.428662 0.135798 0.583745 2.436001 -0.031311 0.503668 2.462270 0.285881 0.472385 2.461658 -0.094973 0.226539 2.483134 0.336043 0.216407 2.448998 -0.135511 -0.001799 2.448998 0.335503 -0.011103 2.441277 -0.143589 -0.077053 2.444488 0.328417 -0.105739 2.369624 0.123727 0.247380 2.451240 0.121316 0.180836 2.434866 0.047192 0.113570 2.428627 0.190391 0.105011 2.436648 0.044367 -0.385665 2.319773 0.149358 -0.425206 2.491018 0.044399 -0.703557 2.184225 0.143892 -0.838102 2.661005 0.029520 -0.749405 2.117987 0.163251 -0.787022 2.605356 
0.113475 0.766038 2.407923 0.132548 0.580750 2.411989 -0.036906 0.500791 2.449972 0.281712 0.471688 2.445449 -0.099867 0.226347 2.469340 0.334939 0.216166 2.432015 -0.139576 -0.000289 2.432015 0.334945 -0.013666 2.415624 -0.152231 -0.077420 2.413454 0.330444 -0.108506 2.357561 0.120798 0.246610 2.429475 0.118196 0.180271 2.414719 0.043561 0.112709 2.410370 0.187685 0.103708 2.415123 0.043928 -0.386673 2.301456 0.129436 -0.435684 2.442987 0.045238 -0.703819 2.182227 0.142139 -0.904187 2.678498 0.033572 -0.762838 2.100440 0.147456 -0.828002 2.605392 
0.104639 0.766690 2.385139 0.126189 0.581305 2.389913 -0.044799 0.496276 2.427835 0.274842 0.469835 2.425966 -0.108553 0.224052 2.443434 0.327877 0.213648 2.411433 -0.145600 -0.003595 2.411433 0.333801 -0.016192 2.393022 -0.150184 -0.079044 2.394577 0.328605 -0.110673 2.333746 0.114695 0.243441 2.404045 0.112331 0.176485 2.389083 0.038276 0.108839 2.386049 0.181565 0.100058 2.387585 0.045127 -0.391790 2.277759 0.186384 -0.485119 2.556390 0.051933 -0.720279 2.159312 0.142971 -0.912199 2.675626 0.035992 -0.774316 2.098209 0.122157 -0.892089 2.573879 
0.097578 0.765968 2.363015 0.124152 0.583212 2.374196 -0.047811 0.498135 2.400865 0.266485 0.469557 2.399981 -0.113607 0.224533 2.411967 0.323719 0.211407 2.396249 -0.148289 -0.005041 2.396249 0.333108 -0.018040 2.372539 -0.149872 -0.077592 2.371354 0.329691 -0.110534 2.327787 0.109093 0.244715 2.381882 0.106002 0.178102 2.365052 0.032133 0.111558 2.360378 0.173134 0.103057 2.361498 0.044391 -0.392176 2.264666 0.188155 -0.482246 2.550789 0.051519 -0.724881 2.157835 0.139222 -0.915953 2.662262 0.036437 -0.779405 2.095580 0.118625 -0.894328 2.560714 
0.094777 0.770594 2.345273 0.118208 0.585181 2.347827 -0.055366 0.501582 2.380457 0.261498 0.473218 2.381137 -0.116900 0.230573 2.396685 0.319875 0.214250 2.383176 -0.153875 0.003058 2.383176 0.332948 -0.015135 2.345462 -0.156999 -0.075623 2.348262 0.333167 -0.109747 2.311316 0.103204 0.249029 2.356650 0.100334 0.182850 2.339930 0.025902 0.116046 2.335747 0.168445 0.106760 2.337339 0.040703 -0.407239 2.245662 0.193529 -0.548771 2.577239 0.050949 -0.726716 2.156634 0.139765 -0.915505 2.661650 0.036077 -0.781869 2.095081 0.119297 -0.893702 2.560055 
0.086901 0.768628 2.324787 0.105066 0.587910 2.329100 -0.062732 0.497959 2.354669 0.243441 0.487093 2.347131 -0.127014 0.226813 2.361415 0.314733 0.220959 2.361469 -0.155788 -0.002886 2.361469 0.332285 -0.009509 2.316518 -0.159994 -0.074149 2.329175 0.333302 -0.107248 2.297933 0.093397 0.247034 2.333500 0.090524 0.180282 2.314509 0.018354 0.114881 2.309282 0.157788 0.106544 2.310347 0.038480 -0.400068 2.232397 0.081023 -0.391255 2.292318 0.050653 -0.726865 2.155597 0.136713 -0.706792 2.549096 0.036084 -0.783433 2.094267 0.112142 -0.725785 2.447783 
0.080923 0.775062 2.302210 0.097924 0.590252 2.309138 -0.070761 0.500004 2.335030 0.239952 0.485395 2.332206 -0.131425 0.227813 2.340968 0.307645 0.216949 2.339792 -0.162150 -0.000086 2.339792 0.330512 -0.012027 2.286426 -0.164308 -0.073318 2.285744 0.330877 -0.103099 2.281722 0.086173 0.249321 2.312142 0.083735 0.182836 2.291927 0.011400 0.117715 2.286615 0.151252 0.108076 2.287019 0.030226 -0.386246 2.212913 0.079890 -0.389111 2.284873 0.049572 -0.721297 2.152973 0.135608 -0.704805 2.541787 0.035937 -0.784988 2.094156 0.110982 -0.724731 2.440598 
0.074829 0.773088 2.283193 0.091153 0.590527 2.290903 -0.078249 0.496391 2.305783 0.236640 0.484628 2.316227 -0.138914 0.228773 2.315551 0.303190 0.214769 2.324589 -0.171835 0.002522 2.324589 0.325698 -0.014108 2.254233 -0.173483 -0.067238 2.260473 0.327392 -0.105712 2.260609 0.083114 0.248691 2.293774 0.082427 0.182228 2.271955 0.009729 0.115303 2.261429 0.151919 0.108092 2.270633 0.028725 -0.382857 2.206958 0.083669 -0.387277 2.273914 0.048836 -0.721640 2.150718 0.139417 -0.703141 2.530978 0.035865 -0.785922 2.094375 0.113018 -0.724615 2.430494 
0.069587 0.773243 2.262679 0.086068 0.591093 2.273948 -0.083833 0.497449 2.294004 0.230865 0.484525 2.295170 -0.145831 0.233136 2.291402 0.294164 0.220438 2.299015 -0.175914 0.007578 2.299015 0.323619 -0.008464 2.225323 -0.175888 -0.063787 2.210368 0.324428 -0.101318 2.240725 0.078070 0.250480 2.274843 0.076692 0.184715 2.251089 0.004217 0.116526 2.242247 0.145996 0.111052 2.247698 0.032002 -0.378617 2.202978 0.107646 -0.404464 2.284138 0.048575 -0.719531 2.150099 0.154589 -0.729487 2.532526 0.035868 -0.786046 2.094443 0.124662 -0.744794 2.431838 
0.066199 0.772832 2.248641 0.077432 0.595083 2.250301 -0.091471 0.502485 2.265559 0.229644 0.487568 2.284895 -0.148978 0.238774 2.273377 0.288602 0.221120 2.281354 -0.179577 0.014945 2.281354 0.316808 -0.006423 2.200781 -0.186216 -0.062611 2.187906 0.317724 -0.101222 2.210587 0.072398 0.255289 2.255098 0.073106 0.189512 2.230974 0.000155 0.118587 2.221878 0.144341 0.116643 2.228576 0.035573 -0.374648 2.195416 0.113478 -0.406394 2.273402 0.047739 -0.718128 2.149684 0.165326 -0.729154 2.523739 0.035904 -0.786314 2.094401 0.131898 -0.745320 2.424235 
0.060959 0.774188 2.229199 0.072642 0.593086 2.236636 -0.096541 0.503954 2.255213 0.221108 0.485225 2.258647 -0.156147 0.235878 2.242093 0.283946 0.221849 2.265412 -0.193037 0.014304 2.265412 0.315119 -0.005368 2.164870 -0.190328 -0.061313 2.152719 0.315339 -0.099715 2.194878 0.068372 0.255635 2.238049 0.067985 0.191023 2.211500 -0.005429 0.119065 2.200100 0.139665 0.119113 2.209013 0.040317 -0.373386 2.186489 0.116095 -0.397662 2.228035 0.047303 -0.716793 2.148551 0.167630 -0.707511 2.493115 0.035925 -0.786687 2.094640 0.130963 -0.730507 2.396070 
0.053399 0.774876 2.211341 0.062423 0.593351 2.214392 -0.103137 0.500113 2.224931 0.216990 0.486712 2.244916 -0.160351 0.237004 2.226187 0.279562 0.223228 2.246680 -0.199222 0.019480 2.246680 0.308398 -0.004355 2.137466 -0.200446 -0.064378 2.106241 0.309409 -0.098823 2.160279 0.061106 0.256265 2.221333 0.062753 0.191299 2.195148 -0.010015 0.118463 2.182758 0.135384 0.120410 2.195797 0.040773 -0.369992 2.170554 0.115874 -0.394909 2.203478 0.046791 -0.716694 2.147630 0.167337 -0.730414 2.438671 0.035736 -0.787189 2.095228 0.124951 -0.750575 2.343276 
0.053012 0.778385 2.195587 0.061049 0.592843 2.202034 -0.105166 0.504860 2.214469 0.213927 0.488951 2.229815 -0.165396 0.243111 2.209770 0.274313 0.222692 2.227023 -0.204932 0.028061 2.227023 0.301057 -0.002673 2.114683 -0.206749 -0.061471 2.088499 0.302193 -0.095398 2.143003 0.059287 0.256851 2.208265 0.060532 0.192320 2.181041 -0.012188 0.119169 2.169293 0.132953 0.121818 2.180717 0.043573 -0.373640 2.160316 0.118943 -0.395969 2.184612 0.045870 -0.716078 2.146958 0.189457 -0.725948 2.378755 0.035683 -0.787574 2.095462 0.132486 -0.751032 2.292494 
0.048135 0.779843 2.175152 0.057675 0.593143 2.175952 -0.108506 0.505144 2.195396 0.212480 0.486980 2.214671 -0.173277 0.244164 2.177677 0.269732 0.224010 2.211123 -0.212233 0.029184 2.211123 0.293273 -0.000976 2.082205 -0.214485 -0.051025 2.059442 0.294505 -0.095540 2.125937 0.053398 0.257787 2.188148 0.054599 0.192796 2.161963 -0.018779 0.119693 2.149831 0.126940 0.121211 2.164041 0.042319 -0.376196 2.147586 0.112183 -0.365160 2.126816 0.045361 -0.716135 2.146477 0.178765 -0.694301 2.305352 0.035126 -0.788851 2.096664 0.117402 -0.735718 2.228891 
0.044221 0.778437 2.158425 0.055574 0.593322 2.168836 -0.113990 0.504941 2.183114 0.209601 0.484925 2.200543 -0.176544 0.246883 2.164978 0.264871 0.228556 2.192387 -0.218972 0.036081 2.192387 0.283608 0.001517 2.061060 -0.222315 -0.047474 2.030694 0.279529 -0.092421 2.093115 0.051171 0.258714 2.177239 0.052226 0.194382 2.149675 -0.021600 0.121018 2.133322 0.124912 0.121548 2.153728 0.038240 -0.373455 2.130201 0.113035 -0.363291 2.105561 0.044496 -0.717334 2.145798 0.173590 -0.704935 2.237790 0.036354 -0.789661 2.099070 0.193169 -0.780604 2.204195 
0.041832 0.776905 2.142199 0.050920 0.593601 2.151056 -0.118457 0.502910 2.168375 0.206693 0.487047 2.186080 -0.182120 0.248375 2.147067 0.259780 0.228314 2.173270 -0.220966 0.039559 2.173270 0.276785 0.001533 2.037321 -0.223284 -0.045792 2.013968 0.272771 -0.091929 2.076479 0.047211 0.259327 2.161279 0.048388 0.194898 2.133881 -0.025081 0.121824 2.121855 0.121080 0.121096 2.134400 0.030882 -0.375581 2.121590 0.105849 -0.363217 2.078974 0.046025 -0.720862 2.146922 0.142221 -0.737705 2.160110 0.033577 -0.791437 2.103365 0.143895 -0.801194 2.113971 
0.037497 0.774654 2.122594 0.045248 0.591798 2.131885 -0.122221 0.502246 2.149544 0.200066 0.490376 2.164351 -0.183032 0.244920 2.124273 0.256434 0.231590 2.157249 -0.224481 0.034538 2.157249 0.268765 0.008172 2.019198 -0.224611 -0.042408 1.990885 0.261154 -0.089349 2.049181 0.043096 0.259771 2.144455 0.044229 0.195544 2.117478 -0.028833 0.123006 2.103622 0.117050 0.122018 2.121111 0.010713 -0.397760 2.119746 0.107466 -0.381661 2.051829 0.045026 -0.719768 2.144791 0.137266 -0.734268 2.097399 0.049323 -0.794470 2.103415 0.158217 -0.795111 2.052585 
0.032653 0.770870 2.107186 0.044783 0.589989 2.120188 -0.125220 0.500211 2.135141 0.197516 0.491480 2.152882 -0.184227 0.248688 2.112924 0.252539 0.233165 2.142504 -0.222751 0.041763 2.142504 0.266808 0.009295 1.999338 -0.224423 -0.041041 1.977248 0.259526 -0.086723 2.040031 0.041861 0.258873 2.131256 0.043126 0.195037 2.103824 -0.030054 0.121578 2.091191 0.115741 0.122844 2.105517 0.007597 -0.399072 2.117602 0.112155 -0.380495 2.019868 0.045491 -0.726170 2.140143 0.146230 -0.726460 2.021919 0.068359 -0.791644 2.080048 0.110164 -0.795916 2.018952 
0.029588 0.765463 2.089695 0.039806 0.587651 2.100594 -0.128418 0.498320 2.114274 0.197541 0.488549 2.138726 -0.185919 0.247690 2.096889 0.249966 0.231565 2.120952 -0.221996 0.040706 2.120952 0.263488 0.008965 1.982675 -0.220264 -0.043155 1.952422 0.254849 -0.083865 2.015589 0.038668 0.258615 2.114873 0.040871 0.194811 2.088376 -0.032549 0.120638 2.073832 0.114490 0.121859 2.093074 0.003677 -0.399064 2.115010 0.110405 -0.378492 1.996087 0.045917 -0.730815 2.137936 0.147777 -0.704169 1.938844 0.034212 -0.800448 2.103969 0.154098 -0.745544 1.856710 
0.026928 0.758675 2.067762 0.036568 0.585893 2.082681 -0.133184 0.494481 2.102897 0.193118 0.486751 2.113853 -0.187606 0.243037 2.080073 0.247831 0.232431 2.105767 -0.222669 0.033837 2.105767 0.261501 0.010885 1.970296 -0.220376 -0.041570 1.942486 0.252941 -0.080239 2.001882 0.036599 0.258058 2.097383 0.037711 0.194424 2.071353 -0.035727 0.119001 2.059226 0.111560 0.121966 2.074221 -0.000697 -0.395357 2.107655 0.106031 -0.368366 1.974298 0.045538 -0.731294 2.136485 0.137742 -0.674534 1.882187 0.031521 -0.801078 2.103638 0.140561 -0.715972 1.799845 
0.025286 0.753760 2.052961 0.035636 0.580843 2.066499 -0.134061 0.489149 2.078496 0.192514 0.483459 2.097928 -0.187558 0.241218 2.068251 0.245609 0.231783 2.086573 -0.220956 0.032170 2.086573 0.257234 0.009045 1.957767 -0.218802 -0.041915 1.932294 0.249092 -0.082324 1.984687 0.035250 0.255179 2.080707 0.037084 0.191999 2.054895 -0.036337 0.116023 2.042119 0.111038 0.120308 2.058290 -0.004128 -0.387806 2.095461 0.101973 -0.358671 1.959509 0.043373 -0.730317 2.133525 0.127600 -0.655301 1.832470 0.028549 -0.800452 2.102138 0.132552 -0.696641 1.750358 
0.024805 0.747803 2.035609 0.035023 0.578259 2.050320 -0.134774 0.487318 2.064818 0.190333 0.477117 2.073250 -0.186176 0.238964 2.056999 0.242717 0.229014 2.066619 -0.218278 0.028276 2.066619 0.251632 0.006776 1.949862 -0.216381 -0.044163 1.925341 0.242783 -0.084307 1.965435 0.033611 0.250059 2.062916 0.034181 0.186475 2.036786 -0.039997 0.111523 2.027704 0.108218 0.114628 2.036147 -0.006786 -0.383322 2.085297 0.097228 -0.343732 1.942153 0.041043 -0.729572 2.131820 0.115112 -0.634006 1.797414 0.024218 -0.799470 2.100828 0.117341 -0.675266 1.715097 
0.023213 0.739644 2.012701 0.032466 0.575488 2.030441 -0.134584 0.481497 2.042722 0.188520 0.473624 2.054807 -0.184346 0.232638 2.040059 0.244677 0.226938 2.048199 -0.216554 0.018404 2.048199 0.250681 0.003412 1.941530 -0.213399 -0.046710 1.918696 0.238910 -0.097595 1.949536 0.032169 0.246973 2.044970 0.033294 0.183128 2.019624 -0.040504 0.107822 2.011998 0.107423 0.113006 2.018754 -0.000675 -0.342645 2.039082 0.093400 -0.323215 1.927603 0.037204 -0.724987 2.130163 0.108371 -0.610857 1.776475 0.022504 -0.796054 2.101097 0.111501 -0.652214 1.694393 
0.022310 0.734838 1.999422 0.032869 0.570953 2.013031 -0.132354 0.478495 2.026263 0.190298 0.471622 2.037926 -0.181834 0.223725 2.022870 0.243922 0.221023 2.024217 -0.212887 0.005860 2.024217 0.251796 -0.004879 1.933735 -0.208795 -0.055950 1.910433 0.239746 -0.109599 1.932145 0.032411 0.242546 2.026807 0.033468 0.178763 2.001591 -0.041175 0.103232 1.993184 0.108314 0.109102 2.001106 0.006837 -0.340250 2.017509 0.090283 -0.319117 1.922202 0.030287 -0.714957 2.133071 0.103165 -0.600951 1.758556 0.018257 -0.796489 2.101569 0.106175 -0.642222 1.676546 
0.023071 0.726016 1.974072 0.035250 0.568235 1.993282 -0.131796 0.477440 2.012362 0.186035 0.463322 2.008880 -0.180821 0.221928 2.013628 0.244429 0.218818 2.007915 -0.211853 0.002383 2.007915 0.253114 -0.009256 1.929678 -0.206786 -0.062115 1.906822 0.241255 -0.107090 1.915584 0.032967 0.239056 2.007899 0.032265 0.174983 1.983151 -0.042364 0.100452 1.975815 0.105872 0.106180 1.982553 0.003894 -0.345726 2.008211 0.088003 -0.304962 1.869791 0.024959 -0.719980 2.130190 0.101830 -0.705742 1.703085 0.013204 -0.800441 2.100230 0.101124 -0.750480 1.619895 
0.020192 0.723342 1.959868 0.032481 0.562921 1.971444 -0.130986 0.473942 1.990785 0.191535 0.459313 1.995772 -0.179827 0.214676 1.993264 0.246942 0.207029 1.979890 -0.211058 -0.009299 1.979890 0.254959 -0.020207 1.925062 -0.206649 -0.065728 1.905176 0.244016 -0.111411 1.899138 0.030638 0.236815 1.988329 0.030785 0.173008 1.964819 -0.044576 0.098819 1.958077 0.105468 0.101471 1.963461 0.002965 -0.341309 1.980442 0.086113 -0.298836 1.859817 0.022727 -0.718765 2.130113 0.095508 -0.700780 1.696211 0.007374 -0.798729 2.110719 0.097211 -0.757174 1.609248 
0.022227 0.719693 1.936635 0.036603 0.559982 1.950311 -0.128196 0.469257 1.965888 0.193372 0.456221 1.969680 -0.180566 0.212522 1.980234 0.248283 0.203149 1.963443 -0.209656 -0.013739 1.963443 0.258509 -0.021742 1.921063 -0.204606 -0.083018 1.904794 0.250681 -0.119206 1.879823 0.032434 0.234446 1.964778 0.031988 0.170965 1.941198 -0.044228 0.097159 1.935029 0.106404 0.099954 1.939582 -0.038955 -0.327476 2.026658 0.080352 -0.298331 1.832012 0.003457 -0.692619 2.137003 0.088675 -0.708563 1.695468 -0.001210 -0.797593 2.127539 0.090625 -0.765829 1.609005 
0.020838 0.716825 1.919984 0.039615 0.556261 1.929773 -0.128152 0.462133 1.948113 0.195078 0.455381 1.950633 -0.180134 0.211526 1.965870 0.251294 0.200374 1.936467 -0.213394 -0.015351 1.936467 0.262741 -0.027441 1.913217 -0.207226 -0.087518 1.903087 0.255599 -0.122711 1.866317 0.035754 0.232153 1.943154 0.035236 0.169045 1.919621 -0.040813 0.095523 1.911350 0.109677 0.097126 1.918975 -0.039231 -0.327240 2.023367 0.074251 -0.299706 1.809507 -0.001950 -0.676464 2.130581 0.072283 -0.712619 1.683421 -0.001319 -0.717732 2.048670 0.073607 -0.770002 1.597535 
0.021634 0.713876 1.894513 0.039350 0.553791 1.906670 -0.123626 0.454258 1.916443 0.194916 0.450124 1.919091 -0.180023 0.207887 1.943803 0.254105 0.198217 1.918928 -0.216553 -0.020690 1.918928 0.265263 -0.030356 1.907248 -0.209875 -0.091580 1.901039 0.262734 -0.121821 1.846673 0.035312 0.231326 1.916056 0.034773 0.169023 1.891276 -0.041928 0.096797 1.885214 0.109844 0.098003 1.886838 -0.040839 -0.322806 2.003255 0.069421 -0.300727 1.788677 -0.012399 -0.617806 2.082717 0.062099 -0.716732 1.677658 -0.011749 -0.658748 2.000669 0.063660 -0.773946 1.592327 
0.024574 0.715831 1.875896 0.039142 0.553727 1.882566 -0.124374 0.450362 1.902701 0.195574 0.447094 1.898834 -0.180739 0.206181 1.930795 0.256208 0.196494 1.891410 -0.221181 -0.022081 1.891410 0.270567 -0.032528 1.898597 -0.215444 -0.092398 1.897578 0.264985 -0.125683 1.833715 0.035948 0.231205 1.893495 0.034965 0.168746 1.868930 -0.041504 0.097918 1.856566 0.109929 0.096049 1.870482 -0.000023 -0.310695 1.880411 0.068324 -0.301378 1.768434 -0.013035 -0.614984 2.079263 0.057599 -0.720190 1.673222 -0.018423 -0.720261 2.078332 0.057440 -0.777602 1.589444 
0.027417 0.716918 1.851274 0.041204 0.554995 1.859286 -0.119871 0.443354 1.872556 0.198693 0.445667 1.873462 -0.181477 0.200839 1.907807 0.260898 0.195594 1.868167 -0.225416 -0.027505 1.868167 0.275037 -0.033113 1.890507 -0.219669 -0.093528 1.893499 0.274987 -0.126012 1.802131 0.038292 0.229997 1.867947 0.037789 0.167276 1.842332 -0.038484 0.097251 1.832355 0.112717 0.093967 1.841853 -0.000780 -0.310482 1.876377 0.070740 -0.302935 1.739057 -0.012471 -0.612981 2.049654 0.056537 -0.725647 1.675831 -0.017857 -0.718222 2.048724 0.057077 -0.782402 1.594239 
0.028680 0.714376 1.827386 0.045831 0.553347 1.837800 -0.116776 0.439680 1.850891 0.203309 0.445040 1.853532 -0.182017 0.203350 1.895665 0.263654 0.191933 1.844127 -0.227672 -0.024484 1.844127 0.278937 -0.035843 1.874796 -0.226031 -0.091948 1.880601 0.278362 -0.122993 1.781180 0.039259 0.228415 1.844202 0.038114 0.166093 1.817203 -0.039051 0.095663 1.803256 0.112233 0.092376 1.818096 0.014475 -0.308209 1.824815 0.071245 -0.306875 1.727755 -0.013250 -0.615309 2.039921 0.058045 -0.729705 1.665853 -0.018635 -0.720510 2.038991 0.059320 -0.786490 1.584318 
0.032591 0.715463 1.801231 0.047945 0.554987 1.814463 -0.113454 0.432650 1.824074 0.208047 0.444983 1.827955 -0.182761 0.204085 1.876798 0.266413 0.195345 1.820858 -0.229357 -0.023448 1.820858 0.282098 -0.032465 1.855350 -0.230874 -0.089537 1.863141 0.284660 -0.120466 1.758236 0.041195 0.228786 1.820448 0.040107 0.166394 1.792476 -0.037038 0.095770 1.781523 0.114230 0.092405 1.790688 0.016669 -0.306805 1.812187 0.074820 -0.308140 1.708708 -0.002862 -0.661410 2.020720 0.058189 -0.731948 1.660235 -0.002262 -0.701947 1.938640 0.059513 -0.788519 1.579928 
0.032120 0.721147 1.772872 0.056175 0.564289 1.793866 -0.105658 0.449989 1.795280 0.210507 0.444145 1.804885 -0.183020 0.204957 1.858538 0.266223 0.193778 1.793211 -0.232654 -0.021621 1.793211 0.286426 -0.032824 1.831796 -0.234404 -0.086318 1.838595 0.286990 -0.117503 1.731043 0.044383 0.231660 1.801401 0.043195 0.168053 1.772668 -0.033723 0.099063 1.763101 0.115624 0.094356 1.769292 0.012914 -0.304353 1.790330 0.067186 -0.308149 1.710493 -0.004401 -0.658616 1.999809 0.063661 -0.730622 1.640269 -0.001857 -0.699206 1.917900 0.067464 -0.787157 1.556723 
0.033962 0.723464 1.755062 0.051414 0.564657 1.773355 -0.106838 0.437567 1.777695 0.206307 0.443883 1.779181 -0.182159 0.207150 1.833831 0.269376 0.195275 1.770444 -0.234025 -0.019124 1.770444 0.286120 -0.030337 1.812444 -0.234134 -0.080191 1.810487 0.288022 -0.112293 1.692739 0.044573 0.228733 1.780162 0.043370 0.164575 1.750517 -0.032086 0.095350 1.740862 0.116079 0.092853 1.748233 0.006153 -0.308294 1.771094 0.062386 -0.310110 1.704813 -0.008880 -0.666858 1.974241 0.069518 -0.732867 1.636956 -0.008758 -0.707370 1.892222 0.071127 -0.788747 1.553154 
0.037133 0.720496 1.731645 0.054734 0.563333 1.754682 -0.106791 0.430165 1.759867 0.206400 0.442603 1.759597 -0.182014 0.206546 1.815299 0.271034 0.196526 1.745357 -0.233387 -0.018710 1.745357 0.289301 -0.027792 1.779413 -0.232633 -0.076811 1.780565 0.290486 -0.101645 1.667952 0.046378 0.225714 1.761681 0.044570 0.161320 1.731256 -0.031100 0.092935 1.723546 0.116683 0.088896 1.726261 -0.004481 -0.312173 1.744165 0.056438 -0.313401 1.692600 -0.020242 -0.648974 1.978550 0.074294 -0.736996 1.636594 -0.020739 -0.689473 1.896496 0.076358 -0.792126 1.553235 
0.033437 0.717776 1.709365 0.061097 0.564699 1.739073 -0.103293 0.424913 1.738132 0.203233 0.438437 1.735525 -0.180675 0.206642 1.790825 0.274502 0.198176 1.723740 -0.229244 -0.018184 1.723740 0.289659 -0.024211 1.747185 -0.230601 -0.075379 1.740892 0.290021 -0.098939 1.632671 0.049697 0.220930 1.744617 0.046956 0.155477 1.712425 -0.027809 0.088940 1.704467 0.116805 0.084398 1.708283 -0.012896 -0.316752 1.720294 0.047956 -0.316398 1.680468 -0.020999 -0.662126 1.943854 0.083974 -0.739723 1.635466 -0.022197 -0.702508 1.861718 0.084861 -0.793482 1.552646 
0.031432 0.713452 1.687737 0.063837 0.563701 1.722892 -0.100799 0.419839 1.722034 0.204283 0.437867 1.721379 -0.178112 0.205830 1.769201 0.276349 0.200300 1.700981 -0.227239 -0.016824 1.700981 0.290482 -0.020129 1.713928 -0.229860 -0.072478 1.710870 0.289544 -0.097517 1.604759 0.049405 0.218616 1.730935 0.046289 0.152869 1.698700 -0.028908 0.086893 1.689444 0.115637 0.081774 1.695686 -0.016476 -0.318945 1.698539 0.042788 -0.319276 1.669141 -0.024473 -0.673632 1.908869 0.090873 -0.741950 1.635573 -0.025223 -0.714096 1.826879 0.091415 -0.793773 1.553340 
0.028710 0.710521 1.667636 0.066171 0.565689 1.710241 -0.100896 0.418225 1.713529 0.200926 0.434680 1.700535 -0.174875 0.204300 1.746385 0.277927 0.198583 1.680275 -0.220821 -0.015901 1.680275 0.288323 -0.019173 1.677699 -0.224950 -0.066170 1.670403 0.287062 -0.091280 1.567976 0.051480 0.216287 1.718049 0.046745 0.149847 1.684867 -0.028068 0.084723 1.678984 0.115010 0.079304 1.678396 -0.018700 -0.321366 1.673498 0.038948 -0.326640 1.657642 -0.031544 -0.686125 1.867767 0.095429 -0.748430 1.636335 -0.035700 -0.726525 1.785808 0.092004 -0.794288 1.554419 
0.030002 0.707989 1.649708 0.066051 0.563839 1.694346 -0.095718 0.468416 1.692981 0.201769 0.433904 1.689361 -0.172947 0.201193 1.723776 0.277423 0.198618 1.662705 -0.215278 -0.018092 1.662705 0.286183 -0.016488 1.649109 -0.217966 -0.067505 1.640923 0.284623 -0.086652 1.545005 0.048593 0.217806 1.706246 0.045048 0.151534 1.673588 -0.028978 0.087258 1.668577 0.112104 0.080570 1.667271 -0.026054 -0.318624 1.653686 0.038529 -0.332824 1.646004 -0.040766 -0.696960 1.823194 0.095643 -0.752805 1.638988 -0.041125 -0.737625 1.741245 0.095285 -0.793470 1.557039 
0.040951 0.705179 1.629128 0.066470 0.564692 1.683672 -0.095446 0.467897 1.690475 0.201264 0.431796 1.674304 -0.168979 0.200913 1.706171 0.278028 0.198795 1.646115 -0.206344 -0.014013 1.646115 0.283986 -0.014275 1.615345 -0.205574 -0.066111 1.604764 0.281861 -0.080545 1.516700 0.048641 0.217190 1.693908 0.043395 0.150991 1.660628 -0.029940 0.087182 1.655997 0.109132 0.080603 1.653723 -0.025647 -0.318302 1.636923 0.039334 -0.342761 1.636446 -0.043797 -0.653090 1.775647 0.094288 -0.753372 1.640937 -0.047584 -0.693601 1.693692 0.090502 -0.793882 1.558982 
0.032968 0.706195 1.621398 0.066919 0.563795 1.670198 -0.095237 0.466562 1.681476 0.199307 0.433075 1.662423 -0.163705 0.201877 1.687394 0.279041 0.201476 1.630538 -0.194817 -0.010475 1.630538 0.279703 -0.008271 1.587482 -0.195487 -0.083673 1.556758 0.278975 -0.074185 1.496369 0.048338 0.215226 1.682305 0.042515 0.148715 1.649265 -0.030266 0.084624 1.645660 0.107461 0.079974 1.642352 -0.024744 -0.331147 1.619217 0.041456 -0.344477 1.626893 -0.051908 -0.636153 1.712917 0.092301 -0.753253 1.646777 -0.056643 -0.676756 1.631050 0.087566 -0.793856 1.564909 
0.033575 0.701658 1.603996 0.069204 0.563265 1.658596 -0.094030 0.464680 1.670012 0.199702 0.434165 1.653171 -0.158793 0.202452 1.672828 0.277317 0.212379 1.616707 -0.185434 -0.007705 1.616707 0.275896 0.000613 1.566552 -0.188004 -0.080930 1.536149 0.272699 -0.072880 1.475025 0.050011 0.213853 1.671929 0.044296 0.147040 1.639158 -0.028142 0.082125 1.635816 0.108821 0.079584 1.632370 -0.025404 -0.333411 1.613281 0.048036 -0.342435 1.615111 -0.063875 -0.743622 1.690078 0.081943 -0.753275 1.653153 -0.068347 -0.786968 1.608876 0.077720 -0.793967 1.571295 
0.014314 0.704420 1.610608 0.070114 0.562334 1.648040 -0.093983 0.464904 1.660925 0.200862 0.433859 1.643438 -0.155389 0.214024 1.661432 0.277059 0.215512 1.607272 -0.177806 0.006669 1.607272 0.270561 0.006653 1.548317 -0.175629 -0.064292 1.513010 0.265995 -0.071584 1.457019 0.049932 0.214130 1.662741 0.043960 0.147366 1.630468 -0.029081 0.081946 1.628384 0.108724 0.079945 1.622685 -0.027250 -0.335267 1.598685 0.058666 -0.341799 1.606763 -0.069959 -0.752121 1.636968 0.071236 -0.753645 1.655179 -0.074561 -0.794765 1.555432 0.066826 -0.794426 1.573362 
0.009326 0.708651 1.615525 0.070846 0.561426 1.636924 -0.092475 0.463418 1.649706 0.201636 0.433912 1.633018 -0.150833 0.206261 1.641371 0.277329 0.215413 1.598624 -0.176067 0.001662 1.598624 0.266391 0.009675 1.523625 -0.170205 -0.043640 1.499451 0.259679 -0.069030 1.443728 0.049987 0.213650 1.652904 0.043967 0.146764 1.621353 -0.029122 0.081671 1.619419 0.108553 0.079351 1.614246 -0.027940 -0.333139 1.583366 0.063055 -0.342006 1.602064 -0.073518 -0.751925 1.598472 0.061371 -0.755192 1.647448 -0.078234 -0.796959 1.517085 0.057106 -0.796080 1.565668 
0.005232 0.708992 1.610542 0.072765 0.562453 1.627020 -0.091931 0.463279 1.640915 0.201082 0.433136 1.622698 -0.150805 0.212014 1.637126 0.278640 0.215423 1.588314 -0.174148 0.012259 1.588314 0.263222 0.008948 1.510300 -0.167442 -0.040417 1.482229 0.255801 -0.066813 1.434887 0.051173 0.213857 1.643594 0.044830 0.146681 1.612737 -0.028409 0.082056 1.609940 0.109266 0.079289 1.606930 -0.037258 -0.320279 1.557084 0.067359 -0.341207 1.598053 -0.112622 -0.735949 1.528229 0.056687 -0.754686 1.644298 -0.120125 -0.791513 1.446424 0.051965 -0.795637 1.562568 
0.001883 0.708264 1.601470 0.072146 0.562133 1.615698 -0.091353 0.464261 1.630599 0.199828 0.433100 1.613529 -0.150082 0.216657 1.630816 0.276323 0.215281 1.576508 -0.172670 0.019439 1.576508 0.259540 0.007663 1.499768 -0.165621 -0.040088 1.470416 0.251128 -0.068072 1.426407 0.051900 0.214394 1.632793 0.045962 0.147213 1.602681 -0.026532 0.083139 1.600099 0.110181 0.080007 1.597056 -0.037393 -0.319126 1.549557 0.072489 -0.340961 1.595539 -0.115559 -0.732184 1.490911 0.050043 -0.753387 1.640513 -0.123151 -0.788056 1.408004 0.045612 -0.794416 1.558803 
0.004657 0.707588 1.588610 0.071582 0.560819 1.605617 -0.079153 0.464484 1.597117 0.199407 0.432794 1.604724 -0.149800 0.215531 1.621202 0.275362 0.214690 1.572611 -0.173273 0.017807 1.572611 0.257576 0.007542 1.491410 -0.166124 -0.038858 1.462436 0.248628 -0.068561 1.423076 0.049443 0.212858 1.623588 0.046205 0.145246 1.594424 -0.025092 0.083061 1.591715 0.109691 0.079037 1.590138 -0.037880 -0.318509 1.537101 0.073904 -0.341079 1.592961 -0.127703 -0.719044 1.418805 0.047649 -0.752857 1.640540 -0.128822 -0.773593 1.333483 0.050324 -0.794129 1.558872 
0.001216 0.706508 1.583537 0.071234 0.559660 1.596449 -0.081306 0.464407 1.596718 0.200643 0.428958 1.594409 -0.149756 0.212727 1.612115 0.274347 0.210148 1.564630 -0.174923 0.014006 1.564630 0.255278 0.001987 1.484630 -0.167778 -0.040071 1.456940 0.246859 -0.069909 1.421216 0.050799 0.212884 1.613724 0.046674 0.145558 1.585133 -0.025161 0.082942 1.581583 0.110816 0.078256 1.581022 -0.037674 -0.318043 1.523805 0.077966 -0.343040 1.590844 -0.131178 -0.712239 1.387282 0.043455 -0.751659 1.640858 -0.135586 -0.765701 1.300977 0.043254 -0.792865 1.559112 
0.002114 0.706490 1.573455 0.069870 0.558396 1.586047 -0.081241 0.468255 1.591614 0.195025 0.436672 1.583528 -0.152436 0.209476 1.601341 0.269299 0.218097 1.558041 -0.176292 0.007517 1.558041 0.253536 0.006383 1.479553 -0.169634 -0.043291 1.454287 0.244552 -0.073331 1.420028 0.050034 0.211915 1.603420 0.045285 0.144572 1.575638 -0.025396 0.083412 1.571620 0.108549 0.079020 1.572670 -0.037413 -0.316784 1.508833 0.080611 -0.343157 1.588007 -0.129912 -0.702611 1.347818 0.041020 -0.749105 1.640455 -0.135694 -0.755180 1.260955 0.039000 -0.790331 1.558735 
0.001616 0.705182 1.560110 0.067066 0.556773 1.574998 -0.085307 0.466339 1.583815 0.192973 0.438724 1.575775 -0.153711 0.206329 1.592395 0.266145 0.219870 1.552253 -0.180765 0.001210 1.552253 0.252387 0.005923 1.477649 -0.178082 -0.049222 1.455592 0.242717 -0.077853 1.420712 0.048787 0.211285 1.593491 0.044301 0.143887 1.566844 -0.026040 0.082597 1.562441 0.107661 0.078582 1.564779 -0.037502 -0.316915 1.496146 0.082825 -0.343501 1.584510 -0.131894 -0.694356 1.316553 0.038360 -0.747248 1.640410 -0.138343 -0.745321 1.228530 0.036259 -0.788602 1.558757 
-0.001239 0.702533 1.553943 0.067169 0.554287 1.565553 -0.084242 0.474016 1.567383 0.190701 0.438814 1.566434 -0.155814 0.204993 1.582868 0.262066 0.219450 1.545309 -0.185334 -0.004233 1.545309 0.251598 0.003016 1.477710 -0.185188 -0.054287 1.457963 0.241833 -0.084058 1.423258 0.047599 0.209641 1.582734 0.043766 0.142405 1.556601 -0.025323 0.081856 1.550588 0.105923 0.077911 1.555954 -0.037859 -0.316930 1.481182 0.084478 -0.343775 1.580197 -0.133652 -0.689940 1.293984 0.036478 -0.745455 1.640108 -0.138359 -0.739974 1.205104 0.036624 -0.786798 1.558427 
0.000966 0.697351 1.537331 0.069900 0.552094 1.556748 -0.083931 0.474999 1.554085 0.188912 0.438323 1.557087 -0.157699 0.203279 1.574875 0.260309 0.218484 1.540251 -0.192518 -0.009372 1.540251 0.250703 0.000021 1.480053 -0.194332 -0.060692 1.465414 0.242687 -0.089903 1.426894 0.048049 0.208188 1.571965 0.044240 0.141208 1.545839 -0.024369 0.081149 1.537621 0.105282 0.077322 1.546700 -0.038268 -0.316846 1.464891 0.085621 -0.343399 1.574158 -0.130218 -0.691009 1.280082 0.035660 -0.743507 1.638900 -0.133665 -0.741569 1.190995 0.037082 -0.784757 1.557189 
-0.001357 0.694096 1.523868 0.068884 0.549887 1.544502 -0.083369 0.465095 1.534664 0.185990 0.436851 1.546016 -0.159849 0.202082 1.567731 0.258269 0.213962 1.533508 -0.199601 -0.013475 1.533508 0.250401 -0.006712 1.483543 -0.202287 -0.067183 1.474929 0.244215 -0.094774 1.431165 0.047334 0.205458 1.559353 0.044523 0.138290 1.533662 -0.023170 0.079057 1.527918 0.104915 0.075766 1.532701 -0.038667 -0.317888 1.450495 0.086919 -0.343488 1.567494 -0.127140 -0.693178 1.268412 0.032961 -0.742201 1.635178 -0.128125 -0.744532 1.179371 0.036819 -0.783499 1.553575 
-0.000684 0.691909 1.514877 0.070135 0.547805 1.535203 -0.083172 0.461460 1.522444 0.183362 0.434997 1.535488 -0.162872 0.200152 1.559406 0.257022 0.209832 1.528119 -0.209211 -0.018152 1.528119 0.251209 -0.012521 1.488961 -0.214356 -0.096263 1.477249 0.247961 -0.100603 1.435903 0.045901 0.203580 1.548410 0.042718 0.136557 1.522483 -0.024644 0.078776 1.515720 0.101940 0.074039 1.521814 -0.041593 -0.316839 1.432419 0.087591 -0.341300 1.558077 -0.123264 -0.701417 1.272607 0.033165 -0.739875 1.637175 -0.124069 -0.754723 1.184025 0.037595 -0.781081 1.555562 
-0.000467 0.690035 1.503317 0.070689 0.546036 1.523633 -0.083626 0.461147 1.509297 0.181173 0.434982 1.525326 -0.167365 0.197081 1.550385 0.255178 0.202305 1.519857 -0.216400 -0.023570 1.519857 0.252920 -0.021979 1.492517 -0.219834 -0.102309 1.485756 0.251071 -0.105988 1.439094 0.044507 0.202231 1.535773 0.041321 0.135360 1.509706 -0.026217 0.078466 1.500818 0.100260 0.072883 1.510764 -0.041940 -0.317919 1.423187 0.087317 -0.339783 1.548633 -0.122764 -0.703661 1.268517 0.034149 -0.736455 1.633874 -0.122929 -0.756813 1.179789 0.039319 -0.779375 1.552791 
-0.001103 0.687536 1.490872 0.070246 0.543574 1.511198 -0.076064 0.472691 1.494909 0.175479 0.435381 1.511073 -0.172005 0.197221 1.543476 0.253411 0.197188 1.513063 -0.222026 -0.024843 1.513063 0.255108 -0.028160 1.495265 -0.223890 -0.103809 1.492042 0.254193 -0.109294 1.440652 0.042041 0.200553 1.520610 0.038711 0.134157 1.493536 -0.026407 0.080224 1.484565 0.094815 0.073735 1.493897 -0.042118 -0.316830 1.412695 0.086500 -0.336828 1.537900 -0.121158 -0.707245 1.274178 0.035603 -0.730410 1.632229 -0.120345 -0.761255 1.186472 0.041311 -0.774164 1.551454 
