80
0.075629 0.788774 3.464323 0.077024 0.602517 3.516978 -0.092729 0.534940 3.560893 0.247455 0.501804 3.535091 -0.140540 0.256082 3.551123 0.293170 0.240144 3.520944 -0.149024 0.031059 3.520944 0.288533 0.005610 3.501402 -0.137547 -0.054109 3.493092 0.295337 -0.071439 3.440234 0.075102 0.269910 3.528949 0.073882 0.203454 3.523211 -0.002224 0.127341 3.530723 0.148772 0.123563 3.510694 0.057735 -0.344561 3.527977 0.139762 -0.351376 3.430573 0.060902 -0.702126 3.643967 0.146140 -0.660364 3.255205 0.083575 -0.711670 3.539132 0.140010 -0.703446 3.172294 
0.075800 0.787574 3.459272 0.078239 0.603708 3.506775 -0.089696 0.517637 3.530337 0.240316 0.501745 3.515028 -0.140260 0.254483 3.543119 0.295195 0.242995 3.506918 -0.148267 0.031911 3.506918 0.293035 0.007627 3.480555 -0.143334 -0.049844 3.474843 0.298055 -0.070137 3.437707 0.076153 0.262548 3.511922 0.075190 0.194097 3.503677 0.000067 0.117945 3.506726 0.149120 0.120130 3.496779 0.060864 -0.349838 3.512951 0.141032 -0.349170 3.417845 0.060968 -0.701884 3.643876 0.147568 -0.652460 3.247081 0.083489 -0.711308 3.538829 0.143914 -0.695003 3.163587 
0.084722 0.781282 3.438665 0.083116 0.592819 3.475950 -0.093166 0.515445 3.518665 0.243585 0.502518 3.508197 -0.139520 0.254308 3.539383 0.300482 0.240627 3.492935 -0.147932 0.032632 3.492935 0.299953 0.016705 3.472970 -0.142908 -0.054446 3.450673 0.295873 -0.067737 3.433282 0.076950 0.261495 3.493285 0.075600 0.194369 3.488522 -0.001566 0.116605 3.491554 0.150366 0.119009 3.483021 0.062091 -0.355367 3.501412 0.139611 -0.350205 3.399085 0.062597 -0.698477 3.638201 0.146141 -0.657342 3.218252 0.080621 -0.703461 3.531819 0.143640 -0.701017 3.135138 
0.078714 0.779625 3.431026 0.080025 0.598022 3.452343 -0.093588 0.515292 3.518058 0.252007 0.485953 3.473241 -0.139182 0.251564 3.527916 0.300614 0.237042 3.477079 -0.149531 0.030642 3.477079 0.300020 0.015633 3.459144 -0.142511 -0.055431 3.449865 0.301260 -0.066470 3.390553 0.075609 0.261797 3.470474 0.073553 0.194278 3.467672 -0.004259 0.115246 3.481240 0.149910 0.115651 3.451868 0.062194 -0.350009 3.484492 0.139923 -0.347037 3.373115 0.062118 -0.701166 3.641181 0.145419 -0.652219 3.211724 0.080043 -0.705464 3.534575 0.141583 -0.719428 3.127030 
0.083156 0.780596 3.409744 0.079455 0.600244 3.437919 -0.090424 0.520400 3.506412 0.251707 0.483465 3.456386 -0.136619 0.246137 3.507758 0.300580 0.229353 3.450080 -0.150188 0.023849 3.450080 0.300707 0.005178 3.445430 -0.144263 -0.056416 3.435990 0.291022 -0.069382 3.372216 0.075482 0.259873 3.455600 0.073448 0.191641 3.453529 -0.004738 0.113852 3.464940 0.149820 0.113478 3.442707 0.061652 -0.348117 3.471102 0.134294 -0.341735 3.359160 0.062143 -0.704570 3.638652 0.145526 -0.650683 3.209058 0.079604 -0.708156 3.531760 0.138052 -0.712031 3.120039 
0.084602 0.779461 3.400931 0.081472 0.599076 3.420860 -0.091248 0.525612 3.498628 0.246478 0.487173 3.432604 -0.131331 0.248244 3.480156 0.303706 0.229206 3.422945 -0.148249 0.024370 3.422945 0.302008 0.003112 3.426553 -0.143279 -0.055882 3.431121 0.289456 -0.067169 3.363777 0.076217 0.259063 3.438210 0.073662 0.190979 3.437136 -0.004259 0.112805 3.450218 0.148772 0.113958 3.425065 0.071696 -0.346950 3.422996 0.129820 -0.344201 3.355953 0.072563 -0.716738 3.579137 0.144812 -0.655470 3.194562 0.090570 -0.718270 3.472143 0.137368 -0.719956 3.107611 
0.088547 0.770887 3.363209 0.082410 0.598783 3.413193 -0.087753 0.520280 3.473920 0.250360 0.485284 3.421624 -0.128011 0.246267 3.456397 0.303721 0.226957 3.409549 -0.148031 0.019893 3.409549 0.306058 -0.000485 3.423072 -0.143506 -0.056511 3.429406 0.304794 -0.073345 3.345381 0.078388 0.257027 3.420933 0.076429 0.188747 3.417056 -0.001317 0.110635 3.426555 0.152150 0.110769 3.402695 0.074538 -0.340307 3.412887 0.132562 -0.331560 3.308478 0.050003 -0.675652 3.625854 0.142913 -0.655217 3.190233 0.070748 -0.687155 3.519857 0.137151 -0.723846 3.106239 
0.087647 0.771601 3.351438 0.085254 0.595680 3.393190 -0.078128 0.516458 3.446007 0.261303 0.483510 3.401752 -0.125237 0.248288 3.445273 0.306423 0.218479 3.382973 -0.146613 0.022453 3.382973 0.313519 -0.005724 3.407313 -0.144488 -0.057954 3.422959 0.302550 -0.067043 3.302081 0.079058 0.256957 3.400916 0.076765 0.189367 3.397278 -0.001662 0.111728 3.406994 0.152041 0.110797 3.384143 0.079580 -0.343767 3.383784 0.130175 -0.327596 3.308678 0.048931 -0.666096 3.614269 0.140106 -0.678070 3.172852 0.070080 -0.681078 3.508602 0.135506 -0.731118 3.112220 
0.091458 0.777145 3.336889 0.101962 0.599870 3.365124 -0.074245 0.516002 3.424536 0.263145 0.485506 3.383624 -0.121320 0.247233 3.424499 0.311767 0.230226 3.370107 -0.145192 0.020544 3.370107 0.315080 0.006598 3.401182 -0.139423 -0.054804 3.407083 0.303789 -0.063582 3.296506 0.090376 0.261076 3.371659 0.087067 0.193613 3.367106 0.008487 0.115985 3.371175 0.160377 0.117705 3.357630 0.086486 -0.343470 3.366701 0.126636 -0.326738 3.309755 0.050538 -0.658188 3.606700 0.140676 -0.672241 3.170710 0.072691 -0.676487 3.501607 0.134908 -0.733966 3.111437 
0.089161 0.777031 3.324190 0.108047 0.603395 3.349775 -0.074297 0.517627 3.420978 0.264782 0.487322 3.360137 -0.117080 0.246724 3.412315 0.315553 0.242388 3.345801 -0.141446 0.021144 3.345801 0.314469 0.022272 3.375800 -0.134738 -0.051691 3.382336 0.312539 -0.066211 3.253880 0.093928 0.262384 3.352123 0.089288 0.194643 3.345564 0.009099 0.116903 3.354990 0.162395 0.117604 3.328305 0.084680 -0.333777 3.342782 0.125251 -0.329014 3.294186 0.051344 -0.649111 3.583443 0.140795 -0.673939 3.166475 0.074165 -0.670243 3.478854 0.126061 -0.716723 3.083077 
0.099763 0.783074 3.300391 0.115759 0.609079 3.311129 -0.072204 0.523002 3.407131 0.271614 0.496474 3.336936 -0.114308 0.251300 3.398542 0.318486 0.237262 3.304235 -0.135922 0.028418 3.304235 0.315490 0.007937 3.341883 -0.134489 -0.047993 3.354892 0.311305 -0.066374 3.248129 0.100481 0.268753 3.321708 0.095408 0.200894 3.317128 0.014262 0.123009 3.323560 0.168390 0.122151 3.307702 0.076275 -0.336439 3.345193 0.129661 -0.332231 3.269584 0.051470 -0.676058 3.556052 0.139190 -0.674214 3.163277 0.075513 -0.692198 3.450723 0.122283 -0.717647 3.080508 
0.101588 0.784448 3.296848 0.118987 0.609689 3.308199 -0.066846 0.523689 3.354984 0.276545 0.495121 3.324615 -0.107650 0.252734 3.358468 0.319408 0.236139 3.287347 -0.130332 0.027818 3.287347 0.313878 0.001319 3.314691 -0.130749 -0.045936 3.307210 0.319474 -0.072610 3.228240 0.103385 0.268893 3.310119 0.099160 0.201256 3.301226 0.016840 0.124497 3.300101 0.173135 0.121440 3.291164 0.071407 -0.326675 3.314311 0.138907 -0.320091 3.230894 0.041699 -0.657708 3.537297 0.139153 -0.674134 3.162807 0.067810 -0.678534 3.433149 0.125376 -0.742401 3.121759 
0.099545 0.787487 3.255957 0.125719 0.616200 3.288139 -0.062298 0.517967 3.336236 0.274778 0.498071 3.295620 -0.104399 0.249474 3.347338 0.321831 0.256877 3.261592 -0.126707 0.025017 3.261592 0.311920 -0.000966 3.300811 -0.131201 -0.045088 3.300325 0.323803 -0.068505 3.177125 0.112395 0.267080 3.288029 0.108076 0.197938 3.278172 0.027990 0.122038 3.279031 0.180772 0.121620 3.269767 0.067541 -0.317001 3.284084 0.138783 -0.327224 3.225905 0.046223 -0.643514 3.514858 0.140318 -0.675432 3.161974 0.071443 -0.670469 3.411736 0.127714 -0.742176 3.117923 
0.101112 0.788498 3.246344 0.128336 0.617816 3.276387 -0.061308 0.517722 3.331327 0.284733 0.501350 3.283353 -0.095594 0.248779 3.315654 0.334559 0.235893 3.247097 -0.118142 0.023961 3.247097 0.331008 0.014210 3.271574 -0.124405 -0.044782 3.273077 0.317940 -0.081462 3.153199 0.114112 0.269404 3.271801 0.109059 0.200960 3.258552 0.026867 0.124652 3.259771 0.183756 0.121157 3.244517 0.063695 -0.317374 3.265612 0.138134 -0.328420 3.219817 0.048343 -0.648106 3.492436 0.140345 -0.676243 3.161333 0.074956 -0.675079 3.389478 0.130385 -0.743534 3.117194 
0.106914 0.786345 3.226218 0.130892 0.616727 3.264562 -0.059419 0.518123 3.317410 0.284737 0.496285 3.263400 -0.094509 0.248829 3.309262 0.338956 0.235873 3.237953 -0.113654 0.025738 3.237953 0.325410 0.016620 3.252758 -0.122186 -0.046179 3.255205 0.316304 -0.082847 3.146036 0.115360 0.266538 3.258069 0.109403 0.198156 3.241888 0.027374 0.122886 3.243962 0.183139 0.118083 3.226638 0.042129 -0.308123 3.217238 0.127591 -0.333864 3.202728 0.035912 -0.632435 3.453949 0.140590 -0.676178 3.159113 0.069338 -0.668023 3.355494 0.130893 -0.744729 3.116631 
0.112523 0.786405 3.216040 0.132610 0.614413 3.246425 -0.039342 0.525117 3.265243 0.287490 0.494916 3.242017 -0.091148 0.244760 3.281186 0.342037 0.242304 3.215937 -0.105552 0.027326 3.215937 0.326703 0.015246 3.200467 -0.113800 -0.046393 3.197763 0.314011 -0.080783 3.117421 0.116199 0.264604 3.239954 0.111563 0.196661 3.220905 0.031109 0.124277 3.218729 0.184480 0.118535 3.209018 0.038247 -0.298520 3.199785 0.125373 -0.330554 3.189162 0.036264 -0.647376 3.404004 0.142026 -0.676514 3.157431 0.074146 -0.681509 3.306516 0.130807 -0.745581 3.116000 
0.117354 0.787696 3.204520 0.135598 0.614054 3.222548 -0.044966 0.524712 3.270544 0.287874 0.491073 3.217578 -0.088615 0.252943 3.272838 0.344605 0.236064 3.180221 -0.105231 0.038431 3.180221 0.329437 0.011879 3.183762 -0.110577 -0.032869 3.176009 0.312713 -0.084867 3.105910 0.117554 0.266649 3.226832 0.110779 0.198676 3.208546 0.029569 0.124621 3.213458 0.183813 0.119603 3.190574 0.040713 -0.293839 3.172501 0.124009 -0.328872 3.175912 0.022233 -0.652403 3.361121 0.139428 -0.676957 3.153250 0.066460 -0.683975 3.265301 0.131756 -0.748195 3.114580 
0.122762 0.788537 3.189089 0.138378 0.619868 3.199535 -0.044317 0.526682 3.261999 0.290847 0.490998 3.198860 -0.086339 0.257613 3.262868 0.345629 0.235932 3.169942 -0.099566 0.045209 3.169942 0.334897 0.012653 3.167497 -0.105522 -0.032856 3.165358 0.313220 -0.064138 3.084635 0.124576 0.268139 3.204906 0.117700 0.199386 3.186427 0.036089 0.125273 3.189519 0.191370 0.120558 3.173962 0.038953 -0.315439 3.146708 0.130790 -0.330729 3.161736 0.022296 -0.673858 3.291198 0.138679 -0.676486 3.155041 -0.020745 -0.741329 3.304548 0.132046 -0.746732 3.114985 
0.126153 0.788700 3.164640 0.144139 0.618803 3.185696 -0.038965 0.525561 3.222399 0.291989 0.493153 3.188093 -0.079241 0.264655 3.241639 0.346117 0.242204 3.156260 -0.093303 0.055567 3.156260 0.338010 0.022138 3.135504 -0.093036 -0.022342 3.110944 0.312404 -0.059776 3.072886 0.125843 0.268389 3.192112 0.119908 0.199911 3.172675 0.037421 0.126211 3.175480 0.193550 0.122251 3.160104 0.044140 -0.320807 3.126774 0.141450 -0.331468 3.150370 0.014597 -0.684223 3.253694 0.134794 -0.679546 3.157179 0.006319 -0.726876 3.168590 0.131931 -0.747967 3.113509 
0.128730 0.785403 3.149529 0.148327 0.619397 3.177516 -0.038227 0.525064 3.219111 0.297463 0.490998 3.182553 -0.075525 0.264706 3.222452 0.349183 0.239974 3.142931 -0.091112 0.055148 3.142931 0.339787 0.020279 3.120872 -0.089169 -0.019407 3.091549 0.312709 -0.075093 3.051753 0.130908 0.269444 3.179836 0.124871 0.201605 3.158006 0.041401 0.126767 3.159559 0.199651 0.123336 3.143995 0.044481 -0.323576 3.099905 0.151283 -0.304888 3.128429 0.025658 -0.698910 3.169807 0.128466 -0.686133 3.155394 0.017059 -0.741261 3.084455 0.132914 -0.752213 3.108210 
0.129944 0.786972 3.138099 0.145196 0.617312 3.165272 -0.031268 0.523284 3.188679 0.304290 0.493708 3.161849 -0.074268 0.264991 3.201665 0.351023 0.239634 3.133377 -0.083179 0.050958 3.133377 0.339584 0.020365 3.087354 -0.082049 -0.022380 3.074883 0.308072 -0.063626 3.044077 0.131097 0.267767 3.164759 0.126449 0.200501 3.140267 0.043490 0.126020 3.139371 0.202832 0.122441 3.126571 0.045534 -0.322018 3.081086 0.152530 -0.306763 3.124946 0.028720 -0.694721 3.117741 0.122959 -0.693067 3.143021 0.034696 -0.762309 3.072778 0.129333 -0.763938 3.103495 
0.133778 0.791770 3.122026 0.144623 0.619570 3.144565 -0.033421 0.522383 3.180554 0.304812 0.494118 3.145328 -0.072721 0.267874 3.186884 0.350963 0.240918 3.117437 -0.083681 0.052565 3.117437 0.341187 0.021630 3.076033 -0.081490 -0.019957 3.059872 0.310380 -0.061639 3.029603 0.132638 0.268900 3.148538 0.127475 0.201243 3.123869 0.044022 0.126008 3.124844 0.204695 0.122952 3.110278 0.048414 -0.328444 3.061440 0.158878 -0.328909 3.118057 0.004034 -0.683727 3.044858 0.119265 -0.696178 3.129854 0.052501 -0.746908 3.062112 0.153302 -0.769801 3.137579 
0.135177 0.794900 3.110488 0.143030 0.614564 3.119597 -0.034081 0.521896 3.165119 0.302764 0.496628 3.131628 -0.073400 0.269084 3.176354 0.352799 0.243006 3.098151 -0.083755 0.054339 3.098151 0.342476 0.021785 3.065278 -0.081518 -0.016687 3.043672 0.309903 -0.058691 3.018433 0.132481 0.266933 3.132675 0.127588 0.199034 3.109632 0.044384 0.124036 3.111881 0.204979 0.121749 3.098285 0.049940 -0.336167 3.036523 0.161651 -0.341290 3.114729 0.003119 -0.681205 2.974531 0.111867 -0.697299 3.088296 -0.004993 -0.724158 2.889347 0.103755 -0.740252 3.003112 
0.136670 0.794354 3.098143 0.144226 0.612086 3.103287 -0.037099 0.519165 3.148838 0.302300 0.494897 3.116423 -0.072918 0.267699 3.162572 0.353110 0.239868 3.082833 -0.084166 0.050816 3.082833 0.340970 0.017771 3.050968 -0.083215 -0.021264 3.033445 0.311613 -0.055296 2.994177 0.132222 0.263234 3.116973 0.127205 0.195072 3.094548 0.043881 0.119968 3.096039 0.204238 0.117041 3.084759 0.045569 -0.343415 3.017107 0.160651 -0.350747 3.111016 0.004073 -0.674186 2.936544 0.112760 -0.697787 3.088365 -0.009840 -0.739356 2.863988 0.146105 -0.758663 3.130483 
0.135082 0.791771 3.084810 0.145807 0.612632 3.095864 -0.035028 0.517748 3.138625 0.302000 0.493246 3.105785 -0.075075 0.262287 3.149084 0.349482 0.237558 3.070544 -0.086073 0.048577 3.070544 0.340556 0.014937 3.044431 -0.086487 -0.023262 3.026273 0.311000 -0.056231 2.988427 0.132411 0.260760 3.105018 0.126954 0.192271 3.080929 0.043930 0.118058 3.079880 0.203000 0.114633 3.071745 0.045886 -0.344223 3.006417 0.158301 -0.355381 3.100256 0.002762 -0.661106 2.873257 0.130686 -0.699178 3.117807 -0.002841 -0.726359 2.802114 0.122837 -0.741614 3.032935 
0.137222 0.786227 3.059092 0.146256 0.612843 3.077145 -0.029378 0.515903 3.102426 0.303429 0.494986 3.087529 -0.073114 0.263060 3.125334 0.346755 0.231790 3.053165 -0.088287 0.047676 3.053165 0.339480 0.008276 3.034605 -0.090945 -0.023466 3.014346 0.310682 -0.057584 2.973260 0.132311 0.258937 3.087924 0.128270 0.189989 3.064071 0.046217 0.116432 3.061905 0.203859 0.113012 3.057053 0.044182 -0.358742 2.983338 0.160372 -0.359841 3.094075 0.003440 -0.656465 2.857374 0.131239 -0.699840 3.118935 -0.001471 -0.715951 2.765554 0.127838 -0.742445 3.033834 
0.136445 0.786278 3.042684 0.140483 0.610005 3.059042 -0.034386 0.518842 3.100405 0.304978 0.492950 3.076183 -0.075910 0.255335 3.099629 0.345574 0.230917 3.046028 -0.092047 0.037093 3.046028 0.338106 0.008142 3.024631 -0.096777 -0.027244 3.009104 0.309962 -0.054524 2.969545 0.130824 0.260541 3.073418 0.126795 0.192093 3.050391 0.044465 0.117481 3.048336 0.203777 0.112172 3.043966 0.041337 -0.365354 2.963233 0.162506 -0.362300 3.089721 0.019402 -0.671350 2.787643 0.132304 -0.701067 3.119393 0.003491 -0.727489 2.709339 0.126636 -0.743807 3.034724 
0.138287 0.783167 3.028839 0.140051 0.607792 3.050488 -0.032422 0.517924 3.080034 0.304549 0.490256 3.061213 -0.077641 0.255263 3.082775 0.346486 0.229940 3.041147 -0.095839 0.037119 3.041147 0.335459 0.008995 3.008075 -0.099543 -0.030472 2.999706 0.309343 -0.056308 2.963562 0.129683 0.256845 3.060157 0.126061 0.188600 3.035861 0.044597 0.115857 3.031495 0.202378 0.108638 3.030133 0.041662 -0.362080 2.948464 0.164824 -0.365961 3.080979 0.011509 -0.638036 2.776149 0.132752 -0.701686 3.119913 0.007280 -0.680562 2.691000 0.170064 -0.775868 3.171078 
0.134090 0.780284 3.016454 0.139428 0.606643 3.039659 -0.037098 0.517621 3.073380 0.304363 0.490742 3.050102 -0.079792 0.250119 3.066754 0.340991 0.230205 3.027532 -0.098202 0.030397 3.027532 0.335239 0.008203 2.998034 -0.103753 -0.042754 2.990020 0.309911 -0.057105 2.949581 0.129700 0.256825 3.046176 0.125864 0.189309 3.020362 0.043498 0.115524 3.015246 0.203237 0.108197 3.012913 0.040254 -0.353150 2.929272 0.165512 -0.366286 3.073292 0.021410 -0.643310 2.756469 0.133780 -0.701007 3.121829 0.016180 -0.685476 2.671432 0.129528 -0.777658 3.096620 
0.135121 0.780319 3.007184 0.138426 0.600824 3.012641 -0.029347 0.499088 3.021094 0.302600 0.488485 3.032993 -0.082598 0.247108 3.050228 0.339932 0.230332 3.014729 -0.099593 0.025759 3.014729 0.335446 0.007776 2.988166 -0.101536 -0.047952 2.981597 0.318568 -0.089134 2.936640 0.127990 0.249193 3.024063 0.127021 0.180841 2.998959 0.046328 0.109278 2.996398 0.203382 0.102616 2.993573 0.041558 -0.360230 2.913465 0.162899 -0.375600 3.057306 0.018860 -0.663104 2.741794 0.131057 -0.707470 3.116199 0.011782 -0.719984 2.667321 0.131698 -0.785914 3.096514 
0.127431 0.775324 2.976195 0.137472 0.597850 2.994000 -0.030606 0.498252 3.019092 0.302377 0.484926 3.017367 -0.084922 0.248851 3.038791 0.340180 0.226339 2.994468 -0.102200 0.028513 2.994468 0.334320 0.002265 2.972783 -0.106491 -0.045527 2.968409 0.321058 -0.095977 2.927344 0.128409 0.247771 3.009019 0.126481 0.179354 2.985040 0.046214 0.107672 2.982309 0.202609 0.100233 2.979332 0.043304 -0.370885 2.892147 0.168457 -0.396425 3.060708 0.018892 -0.677267 2.735109 0.132425 -0.703875 3.117346 0.012604 -0.728367 2.662960 0.121398 -0.768759 3.070586 
0.123786 0.776067 2.954510 0.131959 0.598794 2.979311 -0.039834 0.499190 3.013243 0.297346 0.484965 2.999451 -0.088401 0.248206 3.012212 0.333590 0.226130 2.974200 -0.104748 0.024447 2.974200 0.331928 0.001685 2.963512 -0.111850 -0.049576 2.958995 0.321661 -0.098426 2.920470 0.124105 0.249189 2.989641 0.121403 0.181370 2.964384 0.041039 0.108268 2.963225 0.198032 0.100939 2.954877 0.039415 -0.371632 2.868505 0.170681 -0.407990 3.059861 0.021103 -0.682764 2.733032 0.136088 -0.706600 3.118497 0.018603 -0.740950 2.657367 0.132930 -0.748975 3.033584 
0.124621 0.776580 2.943175 0.132073 0.599489 2.964039 -0.042229 0.511760 2.987755 0.296628 0.484329 2.988608 -0.095072 0.243609 2.994502 0.328709 0.222443 2.958577 -0.109587 0.018807 2.958577 0.331366 -0.003083 2.951988 -0.115232 -0.055631 2.950357 0.323734 -0.103218 2.907253 0.120878 0.250939 2.973663 0.118885 0.183427 2.947833 0.037494 0.111697 2.943756 0.195403 0.102234 2.940767 0.040822 -0.368976 2.860198 0.165673 -0.416220 3.043326 0.026750 -0.683322 2.730197 0.138263 -0.707084 3.115923 0.022329 -0.743925 2.653862 0.165532 -0.780010 3.095283 
0.117962 0.776002 2.925084 0.126761 0.597012 2.946450 -0.044154 0.513376 2.974183 0.285956 0.481667 2.963423 -0.098233 0.243674 2.976444 0.325169 0.224793 2.945360 -0.118608 0.019652 2.945360 0.330532 -0.000638 2.931473 -0.120911 -0.049856 2.933051 0.323532 -0.099046 2.881562 0.116724 0.249672 2.953954 0.113931 0.182767 2.926901 0.034139 0.112611 2.921893 0.189163 0.103258 2.920108 0.041260 -0.366709 2.841867 0.168642 -0.418731 3.043181 0.036229 -0.699342 2.721951 0.139382 -0.707217 3.116954 0.024337 -0.747820 2.656159 0.164406 -0.777022 3.085325 
0.112865 0.779370 2.910208 0.124075 0.599132 2.923304 -0.045948 0.514974 2.952144 0.283415 0.481178 2.945311 -0.102595 0.245662 2.961880 0.324538 0.224334 2.935858 -0.123380 0.025402 2.935858 0.328954 0.003403 2.896993 -0.124045 -0.048904 2.886442 0.322854 -0.096639 2.853558 0.111547 0.250210 2.934978 0.108643 0.182638 2.908487 0.029356 0.113014 2.905615 0.182491 0.103401 2.901116 0.041150 -0.364576 2.832320 0.164226 -0.414184 3.016441 0.038124 -0.702714 2.713293 0.139571 -0.700567 3.110338 0.024526 -0.752495 2.651263 0.158855 -0.774529 3.084485 
0.110976 0.779204 2.899162 0.120452 0.599416 2.902868 -0.055849 0.512512 2.931375 0.278782 0.479021 2.925658 -0.107989 0.246645 2.939120 0.323807 0.225626 2.923776 -0.125869 0.025210 2.923776 0.324702 0.004492 2.878401 -0.127920 -0.049776 2.872469 0.323111 -0.095092 2.837426 0.107652 0.252743 2.911427 0.104813 0.186027 2.883735 0.024284 0.114754 2.877712 0.179604 0.106389 2.877879 0.039720 -0.358584 2.820753 0.158058 -0.374074 2.969976 0.037264 -0.701158 2.711068 0.140212 -0.700417 3.109236 0.025040 -0.753739 2.650996 0.153903 -0.774106 3.079148 
0.101764 0.779913 2.872973 0.107387 0.603220 2.883600 -0.061941 0.514820 2.919111 0.266284 0.490425 2.901894 -0.112481 0.245531 2.899049 0.315254 0.235531 2.892057 -0.136092 0.021455 2.892057 0.319978 0.010968 2.856814 -0.136202 -0.053721 2.850845 0.316566 -0.088634 2.822950 0.103927 0.254333 2.891547 0.101540 0.187385 2.862652 0.023655 0.116644 2.857501 0.176952 0.109022 2.854630 0.036699 -0.351543 2.797076 0.156573 -0.376752 2.964043 0.037339 -0.702962 2.706563 0.142702 -0.699663 3.102269 0.025833 -0.757618 2.648130 0.149332 -0.770343 3.063611 
0.097585 0.782259 2.846487 0.103324 0.606127 2.868391 -0.065979 0.515485 2.890145 0.266052 0.491012 2.891771 -0.119463 0.242580 2.879370 0.311833 0.232956 2.868766 -0.145842 0.019330 2.868766 0.318018 0.007428 2.833191 -0.147354 -0.056178 2.832154 0.308570 -0.089789 2.798641 0.097663 0.254974 2.872620 0.096934 0.187991 2.841906 0.019173 0.117115 2.834543 0.172433 0.109461 2.835139 0.033154 -0.360988 2.777496 0.153686 -0.377273 2.938102 0.036648 -0.706198 2.702442 0.143554 -0.700085 3.085463 0.027861 -0.766333 2.633312 0.139451 -0.771596 3.047849 
0.094353 0.784321 2.831909 0.097180 0.608436 2.852555 -0.071716 0.517450 2.872134 0.258272 0.489642 2.859896 -0.126135 0.246167 2.863096 0.307516 0.234004 2.856846 -0.151979 0.027961 2.856846 0.309460 0.010723 2.792015 -0.155516 -0.047523 2.791537 0.301859 -0.089269 2.781603 0.092548 0.256422 2.854800 0.090594 0.189825 2.821941 0.012987 0.119237 2.814662 0.165863 0.111286 2.813470 0.030576 -0.362484 2.765446 0.155116 -0.401543 2.935890 0.036215 -0.710344 2.698986 0.140116 -0.698395 3.073825 0.027901 -0.768875 2.629647 0.145308 -0.778838 3.066188 
0.089497 0.785043 2.820554 0.087592 0.609452 2.828623 -0.076028 0.523426 2.860531 0.248993 0.489366 2.842239 -0.135096 0.243096 2.843316 0.302749 0.234172 2.839647 -0.153800 0.023547 2.839647 0.305593 0.012510 2.774338 -0.156139 -0.058114 2.759983 0.296578 -0.087945 2.758095 0.086719 0.256319 2.834645 0.084760 0.189343 2.801373 0.009429 0.119644 2.796254 0.158901 0.111934 2.792374 0.027766 -0.362096 2.749619 0.149527 -0.369645 2.874081 0.036121 -0.710971 2.696568 0.137652 -0.693993 3.055504 0.028368 -0.769577 2.628384 0.143364 -0.774486 3.063114 
0.087017 0.786250 2.802766 0.082900 0.610281 2.814790 -0.079949 0.507401 2.809920 0.246641 0.489781 2.829403 -0.142489 0.242939 2.804426 0.293037 0.231423 2.813196 -0.157635 0.019982 2.813196 0.300877 0.008217 2.749697 -0.157761 -0.059998 2.746416 0.286443 -0.090617 2.733567 0.078534 0.254912 2.811282 0.080370 0.188828 2.773840 0.003953 0.118603 2.760671 0.155950 0.113272 2.767019 0.032004 -0.352291 2.736752 0.145450 -0.361716 2.841888 0.035269 -0.708404 2.694919 0.141710 -0.693439 3.048558 0.029840 -0.766991 2.638545 0.130667 -0.773709 3.044361 
0.080036 0.783765 2.783243 0.074117 0.608865 2.797024 -0.084368 0.506741 2.800965 0.241340 0.490940 2.810529 -0.146263 0.241669 2.787657 0.290872 0.228855 2.797598 -0.166357 0.025801 2.797598 0.296811 0.006755 2.706118 -0.171931 -0.049357 2.692363 0.282387 -0.090859 2.706609 0.076148 0.253691 2.797131 0.077949 0.187705 2.758798 0.002299 0.116751 2.748075 0.154701 0.112592 2.751192 0.034539 -0.349216 2.729386 0.141413 -0.362427 2.803709 0.034801 -0.698626 2.691096 0.146822 -0.693799 3.027579 0.030313 -0.765097 2.640217 0.123467 -0.770929 3.037658 
0.078144 0.781753 2.768267 0.071469 0.608362 2.781383 -0.089183 0.502870 2.777015 0.238613 0.486973 2.798146 -0.151456 0.245424 2.770877 0.282234 0.224324 2.770107 -0.168063 0.029715 2.770107 0.292895 0.002193 2.687966 -0.172374 -0.047466 2.679780 0.281144 -0.096248 2.680829 0.071284 0.250459 2.780160 0.074259 0.184377 2.740091 -0.001990 0.111998 2.727901 0.151413 0.110370 2.733628 0.039862 -0.351668 2.717100 0.147272 -0.374793 2.787969 0.034311 -0.699906 2.690372 0.150474 -0.699255 3.021327 0.030190 -0.766335 2.636591 0.107012 -0.741396 2.967067 
0.073378 0.779533 2.752248 0.063558 0.607513 2.764708 -0.092207 0.501918 2.770133 0.235278 0.487129 2.782669 -0.156201 0.248842 2.747803 0.276409 0.223181 2.753572 -0.170108 0.035265 2.753572 0.288991 0.003413 2.658158 -0.176730 -0.046600 2.626779 0.276715 -0.096784 2.660158 0.067939 0.250232 2.767460 0.070664 0.184183 2.726549 -0.004873 0.111070 2.715072 0.148379 0.110431 2.719936 0.044072 -0.354390 2.704122 0.145744 -0.365370 2.734811 0.034062 -0.698127 2.689294 0.156385 -0.692046 2.965715 0.030453 -0.765712 2.637063 0.130944 -0.767106 2.984172 
0.068179 0.782084 2.729751 0.058392 0.604689 2.741485 -0.100354 0.505965 2.750827 0.225109 0.484284 2.759044 -0.157739 0.242951 2.720681 0.272092 0.227853 2.739975 -0.177862 0.030593 2.739975 0.281723 0.009499 2.629112 -0.177932 -0.049187 2.605878 0.271874 -0.091455 2.643360 0.064762 0.250098 2.748836 0.067473 0.184269 2.707666 -0.007050 0.111229 2.696279 0.145003 0.110881 2.702536 0.042202 -0.353618 2.686559 0.139675 -0.338213 2.690785 0.034224 -0.697240 2.688717 0.161996 -0.662255 2.924875 0.030328 -0.765404 2.639771 0.165006 -0.703962 2.838982 
0.067192 0.787366 2.712369 0.056039 0.609346 2.724011 -0.101043 0.510073 2.736618 0.225806 0.486325 2.753322 -0.159146 0.247436 2.703504 0.267704 0.232276 2.724598 -0.179412 0.035885 2.724598 0.278597 0.013893 2.609922 -0.181928 -0.045347 2.582484 0.267822 -0.082869 2.614280 0.060591 0.253819 2.733685 0.064232 0.187708 2.692263 -0.010833 0.114571 2.679291 0.142109 0.113618 2.689437 0.042876 -0.356254 2.677761 0.138640 -0.339812 2.673513 0.034103 -0.700255 2.688432 0.167406 -0.683066 2.868118 0.030227 -0.766632 2.642116 0.209150 -0.751655 2.878748 
0.062030 0.785879 2.700547 0.054541 0.607831 2.709741 -0.107939 0.504294 2.716875 0.213983 0.482312 2.723585 -0.162455 0.247822 2.684114 0.261644 0.228491 2.700595 -0.179641 0.035827 2.700595 0.265071 0.011914 2.591162 -0.181750 -0.041663 2.551156 0.263761 -0.090011 2.600937 0.058221 0.250066 2.719189 0.060259 0.183646 2.676799 -0.015190 0.110967 2.662976 0.137780 0.110390 2.675250 0.042310 -0.361427 2.667784 0.136406 -0.342893 2.638388 0.033976 -0.699976 2.688082 0.108723 -0.693196 2.752507 0.028630 -0.771944 2.651419 0.185958 -0.756114 2.783062 
0.058365 0.786277 2.680913 0.050375 0.605980 2.696580 -0.110789 0.505081 2.704301 0.216014 0.482568 2.721051 -0.164226 0.251411 2.671625 0.255495 0.228670 2.685396 -0.179481 0.044362 2.685396 0.259436 0.011864 2.566464 -0.179712 -0.043944 2.535929 0.255392 -0.058282 2.574633 0.054433 0.252039 2.707555 0.058001 0.186400 2.664809 -0.018550 0.112891 2.650845 0.137207 0.111581 2.662753 0.034081 -0.353895 2.654124 0.136207 -0.355152 2.625454 0.034133 -0.700804 2.688660 0.167524 -0.709587 2.756582 0.026706 -0.774159 2.655840 0.219124 -0.767516 2.734334 
0.056223 0.783855 2.667221 0.052058 0.603844 2.677248 -0.111598 0.506428 2.691123 0.216588 0.484613 2.708961 -0.168523 0.251905 2.648819 0.256274 0.229519 2.676487 -0.178703 0.040873 2.676487 0.255940 0.014167 2.552590 -0.179173 -0.040960 2.527217 0.254682 -0.047461 2.571603 0.052259 0.252751 2.693388 0.055304 0.186899 2.651725 -0.021905 0.113578 2.640093 0.133937 0.111931 2.648880 0.025944 -0.355568 2.651147 0.129353 -0.363327 2.607324 0.071979 -0.722533 2.696507 0.144398 -0.727821 2.689843 0.024289 -0.782264 2.670421 0.171327 -0.788436 2.643764 
0.055753 0.784898 2.650221 0.048206 0.607279 2.661308 -0.111279 0.514335 2.671090 0.212489 0.486039 2.690199 -0.169037 0.252869 2.631632 0.254461 0.231164 2.663654 -0.177462 0.042984 2.663654 0.258378 0.015465 2.532440 -0.174957 -0.041692 2.518558 0.253696 -0.045543 2.556898 0.047656 0.255584 2.677459 0.050812 0.189566 2.636261 -0.025461 0.118136 2.624258 0.128149 0.114655 2.634507 0.019756 -0.364217 2.646914 0.123174 -0.358736 2.581175 0.059706 -0.723753 2.686744 0.140723 -0.718602 2.619553 0.018466 -0.791772 2.672435 0.169424 -0.784278 2.582205 
0.052471 0.789468 2.636223 0.043348 0.609058 2.641074 -0.115278 0.515328 2.657109 0.209866 0.488582 2.673691 -0.170509 0.249193 2.615342 0.253682 0.244893 2.651862 -0.175404 0.039004 2.651862 0.257786 0.029460 2.516779 -0.172205 -0.033488 2.474549 0.253372 -0.045885 2.533274 0.045041 0.257388 2.662715 0.048027 0.190505 2.623471 -0.027845 0.118779 2.613974 0.125539 0.115375 2.621714 0.017052 -0.371575 2.643456 0.127400 -0.361990 2.551517 0.056008 -0.730489 2.673278 0.152672 -0.718097 2.548616 0.013567 -0.799282 2.676178 0.193152 -0.772445 2.504461 
0.052790 0.785210 2.622161 0.043425 0.607888 2.627815 -0.113676 0.516243 2.637086 0.208983 0.490515 2.661567 -0.170199 0.251992 2.607293 0.255681 0.240282 2.636678 -0.172138 0.043031 2.636678 0.257074 0.025698 2.505753 -0.166780 -0.035208 2.474156 0.251083 -0.045172 2.527333 0.044087 0.255810 2.648438 0.047940 0.188786 2.610212 -0.027222 0.117113 2.599269 0.124773 0.114643 2.610521 0.020600 -0.382017 2.629528 0.127695 -0.369675 2.532880 0.051761 -0.727501 2.670174 0.165785 -0.719084 2.462569 0.016618 -0.799543 2.679002 0.192683 -0.783368 2.415622 
0.050190 0.782893 2.606372 0.041781 0.605505 2.615227 -0.117663 0.507630 2.622721 0.208356 0.488967 2.644670 -0.171065 0.249887 2.596228 0.255854 0.232275 2.617543 -0.169955 0.040961 2.617543 0.259794 0.014666 2.494691 -0.162299 -0.037460 2.469326 0.251113 -0.045780 2.518381 0.044537 0.253805 2.634277 0.048316 0.186942 2.596420 -0.027036 0.114199 2.586669 0.126128 0.112879 2.594440 0.018850 -0.384917 2.624463 0.128072 -0.381984 2.508457 0.050289 -0.736990 2.647631 0.158563 -0.701727 2.409284 0.014546 -0.798078 2.685943 0.174516 -0.767606 2.334335 
0.049257 0.782395 2.588579 0.040979 0.605841 2.591306 -0.117315 0.511411 2.609225 0.209353 0.488820 2.628084 -0.170018 0.250404 2.584343 0.256228 0.230138 2.603008 -0.167046 0.040410 2.603008 0.256266 0.012336 2.485469 -0.156973 -0.043542 2.463872 0.247271 -0.060703 2.505716 0.041030 0.253535 2.616854 0.043830 0.185492 2.581701 -0.031394 0.112395 2.574671 0.120456 0.111539 2.579940 0.023124 -0.395448 2.610015 0.125599 -0.396586 2.491136 0.042132 -0.738331 2.659324 0.153510 -0.715562 2.351199 0.008778 -0.808255 2.638125 0.171646 -0.762320 2.266587 
0.044655 0.777544 2.566144 0.040430 0.603939 2.579973 -0.117804 0.510101 2.598029 0.209780 0.485920 2.607377 -0.171292 0.245688 2.567612 0.256884 0.225870 2.589766 -0.162778 0.032153 2.589766 0.258656 0.006293 2.478397 -0.152940 -0.047424 2.461358 0.250743 -0.092091 2.488921 0.040696 0.251216 2.601353 0.042198 0.183364 2.566762 -0.033302 0.110145 2.561632 0.118497 0.109019 2.562305 0.023726 -0.399697 2.601188 0.124019 -0.395275 2.478666 0.039093 -0.740749 2.666029 0.139816 -0.698384 2.311772 0.030134 -0.783998 2.588505 0.158641 -0.742196 2.213980 
0.047139 0.777817 2.557839 0.040986 0.600482 2.563296 -0.116055 0.509565 2.580734 0.212200 0.484871 2.592408 -0.168494 0.240328 2.555946 0.256673 0.223922 2.571096 -0.158342 0.025047 2.571096 0.262590 0.002227 2.471977 -0.150973 -0.049265 2.460465 0.254113 -0.097468 2.484348 0.041865 0.250624 2.585095 0.043689 0.183056 2.551831 -0.032179 0.109257 2.546355 0.120558 0.108916 2.548343 0.027447 -0.398272 2.584748 0.123413 -0.387569 2.457783 0.037300 -0.741705 2.667234 0.129884 -0.683826 2.281699 0.001444 -0.810946 2.686224 0.149417 -0.735389 2.199221 
0.047979 0.779110 2.540152 0.042833 0.597111 2.550299 -0.112294 0.512327 2.566319 0.210449 0.483989 2.573597 -0.167018 0.240516 2.548450 0.256938 0.223028 2.554208 -0.156040 0.023882 2.554208 0.266875 -0.000129 2.468750 -0.148492 -0.053430 2.457529 0.262537 -0.100836 2.478819 0.043014 0.247141 2.568787 0.044170 0.179825 2.535625 -0.030582 0.106636 2.530939 0.119264 0.107522 2.530826 0.043991 -0.417856 2.538414 0.123497 -0.386070 2.440361 0.035996 -0.741945 2.666373 0.125959 -0.682989 2.260323 -0.002265 -0.810875 2.681010 0.133557 -0.724129 2.160229 
0.053110 0.775621 2.522166 0.046456 0.595165 2.534169 -0.110025 0.513189 2.550475 0.215184 0.483547 2.557038 -0.165787 0.241602 2.539969 0.257514 0.221739 2.537009 -0.155623 0.024213 2.537009 0.271619 -0.001116 2.462520 -0.148197 -0.059432 2.453064 0.261898 -0.102583 2.467231 0.044381 0.246915 2.552335 0.045003 0.179860 2.519804 -0.030427 0.106129 2.513432 0.119873 0.107020 2.516108 0.044227 -0.416892 2.530241 0.122426 -0.390556 2.416608 0.035154 -0.742284 2.665806 0.123924 -0.680707 2.253362 -0.003227 -0.811897 2.675572 0.131862 -0.727841 2.156116 
0.050328 0.775218 2.499944 0.051201 0.593879 2.510205 -0.111876 0.509270 2.536795 0.213737 0.474762 2.524776 -0.162547 0.238693 2.527717 0.258317 0.219987 2.519566 -0.156746 0.018902 2.519566 0.271973 -0.002492 2.458386 -0.148436 -0.063063 2.451490 0.264278 -0.105120 2.456749 0.046445 0.245343 2.532094 0.044426 0.177668 2.501505 -0.032053 0.104067 2.499366 0.118865 0.104157 2.495184 -0.018800 -0.427485 2.627156 0.115446 -0.385216 2.390200 0.041501 -0.723621 2.652685 0.121608 -0.682783 2.247967 0.006851 -0.793723 2.669498 0.126906 -0.735039 2.153353 
0.050329 0.772565 2.483908 0.050994 0.591392 2.493835 -0.112103 0.502803 2.521775 0.215452 0.476120 2.513924 -0.162308 0.233073 2.515484 0.261656 0.218540 2.501874 -0.158158 0.011386 2.501874 0.273267 -0.003439 2.453947 -0.149374 -0.063375 2.450454 0.265861 -0.106141 2.437669 0.047107 0.243643 2.512556 0.045680 0.176337 2.482335 -0.030998 0.101111 2.481596 0.120655 0.103670 2.474048 -0.018922 -0.427450 2.623644 0.110493 -0.382944 2.380165 0.039900 -0.722959 2.651517 0.119794 -0.683696 2.244538 0.006562 -0.794298 2.665023 0.117952 -0.737766 2.150959 
0.051677 0.770586 2.459487 0.052844 0.589349 2.474776 -0.110059 0.499144 2.502987 0.216652 0.468370 2.486590 -0.159183 0.223509 2.498507 0.266283 0.211216 2.471945 -0.163910 0.000210 2.471945 0.278146 -0.013863 2.444932 -0.156722 -0.072589 2.444601 0.269737 -0.116390 2.425887 0.047549 0.240238 2.493974 0.044903 0.172469 2.464761 -0.032180 0.097858 2.464784 0.119316 0.099702 2.456734 -0.019401 -0.428261 2.618133 0.105727 -0.389665 2.363897 0.039357 -0.722732 2.649154 0.107629 -0.698109 2.225060 0.005803 -0.793072 2.666308 0.111787 -0.754577 2.133136 
0.054872 0.767999 2.443336 0.058372 0.587154 2.457286 -0.106516 0.493275 2.482809 0.220613 0.469380 2.472882 -0.159864 0.216649 2.486207 0.268286 0.211164 2.458784 -0.169590 -0.007119 2.458784 0.280707 -0.011080 2.435994 -0.163857 -0.077714 2.437700 0.276654 -0.113968 2.398475 0.049317 0.239683 2.473636 0.046574 0.172488 2.444292 -0.031399 0.097914 2.442711 0.120309 0.099343 2.436127 -0.019277 -0.425205 2.608150 0.104414 -0.387313 2.343248 0.038656 -0.717520 2.647669 0.103662 -0.711354 2.212543 0.005470 -0.789932 2.652176 0.111650 -0.757535 2.131263 
0.058009 0.768398 2.425529 0.062365 0.589127 2.439028 -0.101301 0.494127 2.463228 0.226282 0.471060 2.451384 -0.159903 0.216481 2.477556 0.271572 0.217620 2.436787 -0.173643 -0.007351 2.436787 0.277869 -0.004222 2.428780 -0.173243 -0.077365 2.427073 0.274552 -0.107092 2.373392 0.050553 0.240209 2.453884 0.047058 0.172816 2.424581 -0.031343 0.098779 2.422350 0.120000 0.099397 2.417001 -0.019106 -0.421592 2.598384 0.103056 -0.385183 2.329096 0.033873 -0.714311 2.638110 0.103025 -0.714156 2.209861 0.005867 -0.786862 2.655645 0.111452 -0.764143 2.128312 
0.062081 0.767736 2.407146 0.065396 0.588828 2.420369 -0.100386 0.494248 2.451322 0.229267 0.470226 2.434203 -0.157790 0.217877 2.464128 0.276832 0.215898 2.409913 -0.175574 -0.005795 2.409913 0.281580 -0.008089 2.415890 -0.180004 -0.073410 2.413323 0.279317 -0.110920 2.356521 0.052911 0.240422 2.432921 0.048740 0.173409 2.403138 -0.030068 0.099277 2.401286 0.121552 0.099151 2.393995 -0.019444 -0.421716 2.578298 0.103105 -0.383553 2.315483 0.044189 -0.715764 2.595623 0.103106 -0.716249 2.206748 0.008265 -0.777104 2.633973 0.111415 -0.767350 2.128373 
0.065010 0.769262 2.393014 0.068694 0.590763 2.403975 -0.097384 0.495806 2.432904 0.229675 0.470561 2.405690 -0.154485 0.226834 2.445937 0.279147 0.223773 2.389370 -0.178688 0.003618 2.389370 0.282673 0.001778 2.398782 -0.185102 -0.074191 2.404467 0.279713 -0.100176 2.315259 0.059961 0.240962 2.412290 0.055525 0.174197 2.380908 -0.022207 0.100448 2.377525 0.128762 0.100976 2.371356 0.021716 -0.349754 2.418587 0.105752 -0.381989 2.297908 0.019562 -0.667075 2.602734 0.103408 -0.717007 2.204691 0.013145 -0.708623 2.518536 0.110020 -0.778646 2.115979 
0.070220 0.770895 2.375605 0.072937 0.591996 2.384922 -0.089675 0.499021 2.409455 0.233957 0.468489 2.391132 -0.153337 0.225962 2.426276 0.282855 0.220246 2.371168 -0.182507 0.001895 2.371168 0.283795 0.000528 2.390419 -0.189346 -0.071900 2.391280 0.283937 -0.102092 2.294486 0.061647 0.241945 2.391781 0.057613 0.175463 2.359132 -0.020167 0.102503 2.354959 0.130016 0.102216 2.349608 -0.030427 -0.293490 2.447358 0.106225 -0.384066 2.286196 0.015146 -0.675215 2.568766 0.104745 -0.717814 2.202225 0.011188 -0.716564 2.484510 0.110466 -0.781532 2.115176 
0.073854 0.773668 2.357369 0.078379 0.594848 2.367853 -0.086111 0.501815 2.392686 0.239298 0.468723 2.374956 -0.152962 0.227748 2.415303 0.286265 0.223922 2.345033 -0.185743 0.004987 2.345033 0.286558 -0.001106 2.372527 -0.190380 -0.070899 2.378243 0.290064 -0.103518 2.264520 0.069012 0.243624 2.372514 0.065479 0.177377 2.338008 -0.011618 0.104810 2.331439 0.138125 0.103248 2.329299 -0.021371 -0.488390 2.529596 0.107535 -0.387796 2.269281 0.021777 -0.804889 2.608704 0.105229 -0.722667 2.198381 -0.035486 -0.854546 2.633259 0.108365 -0.787166 2.112072 
0.074846 0.776094 2.339068 0.082975 0.598399 2.350230 -0.085319 0.502898 2.376496 0.241019 0.471701 2.354496 -0.150455 0.235272 2.398170 0.287240 0.225049 2.325016 -0.186770 0.014537 2.325016 0.294464 -0.036528 2.345985 -0.190002 -0.072331 2.356907 0.286866 -0.112290 2.242590 0.077197 0.245806 2.352821 0.073833 0.179839 2.316202 -0.003386 0.107173 2.309331 0.148027 0.105859 2.306449 -0.010848 -0.414086 2.491492 0.102391 -0.391129 2.271376 0.034513 -0.701267 2.553826 0.105432 -0.724940 2.197627 0.029805 -0.742102 2.469790 0.108394 -0.789660 2.111739 
0.075225 0.777567 2.320974 0.086073 0.599638 2.336023 -0.083310 0.501815 2.360333 0.242102 0.480489 2.334148 -0.145370 0.237944 2.377894 0.291576 0.229981 2.308481 -0.185554 0.017181 2.308481 0.294488 -0.036304 2.329990 -0.188097 -0.072044 2.333637 0.284571 -0.109676 2.204933 0.080127 0.246671 2.340202 0.075918 0.180789 2.302467 -0.001146 0.108715 2.297602 0.149465 0.106828 2.290909 0.048696 -0.395089 2.317370 0.110001 -0.384151 2.252952 0.023247 -0.711677 2.553139 0.104985 -0.726288 2.196445 0.017125 -0.752561 2.469128 0.109242 -0.791702 2.111022 
0.076850 0.776813 2.308014 0.093876 0.601700 2.316404 -0.078610 0.504464 2.341804 0.247069 0.486303 2.325055 -0.140230 0.239068 2.357634 0.295940 0.233331 2.284722 -0.180469 0.018292 2.284722 0.301760 0.011115 2.309899 -0.184183 -0.069534 2.308192 0.288505 -0.090320 2.183735 0.084613 0.250004 2.322444 0.080847 0.184451 2.283695 0.003627 0.113958 2.276397 0.153539 0.108611 2.274684 0.013615 -0.409560 2.341164 0.107913 -0.380777 2.247538 0.017375 -0.734306 2.568365 0.105158 -0.718585 2.195161 0.017585 -0.813934 2.570325 0.107039 -0.788292 2.117466 
0.081327 0.777077 2.295120 0.096816 0.600679 2.300327 -0.075443 0.504212 2.328487 0.253206 0.485596 2.308233 -0.136076 0.241968 2.340996 0.299575 0.234108 2.269642 -0.177067 0.024132 2.269642 0.301192 0.010820 2.278734 -0.178571 -0.062664 2.269596 0.285503 -0.087799 2.158078 0.087638 0.249133 2.308638 0.083371 0.183544 2.269449 0.005868 0.114451 2.261485 0.156189 0.105610 2.261502 0.024424 -0.404294 2.300094 0.102873 -0.378552 2.236112 0.012358 -0.722727 2.535382 0.105149 -0.719688 2.194840 0.007724 -0.763783 2.451186 0.106667 -0.788745 2.119986 
0.084763 0.775690 2.277533 0.099399 0.600248 2.286526 -0.072456 0.502312 2.314311 0.256824 0.481773 2.287833 -0.132032 0.232664 2.314743 0.302982 0.231048 2.250166 -0.171718 0.013019 2.250166 0.299647 0.010987 2.260077 -0.175478 -0.062730 2.257844 0.284729 -0.089317 2.142133 0.088481 0.247801 2.295333 0.083000 0.182183 2.255381 0.004845 0.114392 2.250173 0.155455 0.102499 2.244523 0.021682 -0.380578 2.265284 0.093327 -0.391955 2.225628 0.001260 -0.702847 2.495705 0.105101 -0.719688 2.194792 -0.004911 -0.743821 2.411715 0.105593 -0.788056 2.121415 
0.084946 0.774850 2.261719 0.099854 0.599665 2.274331 -0.069472 0.500073 2.297997 0.258330 0.485345 2.279958 -0.128260 0.232302 2.298281 0.303378 0.231708 2.231251 -0.152660 0.014299 2.231251 0.298159 0.014800 2.226650 -0.154479 -0.061854 2.213555 0.284822 -0.083751 2.119827 0.087587 0.247861 2.284579 0.082849 0.182307 2.244224 0.004748 0.115091 2.239782 0.155011 0.102381 2.233362 0.014529 -0.375645 2.247023 0.088440 -0.385806 2.214733 -0.013999 -0.710786 2.459779 0.104084 -0.717197 2.193125 -0.051606 -0.780424 2.467171 0.106282 -0.788198 2.128513 
0.089143 0.775158 2.244441 0.102494 0.597418 2.258431 -0.066816 0.498476 2.281218 0.262131 0.481799 2.261192 -0.123392 0.236062 2.280547 0.307191 0.225985 2.212857 -0.144570 0.018313 2.212857 0.294378 0.009081 2.206813 -0.149739 -0.061361 2.198940 0.283544 -0.091295 2.102675 0.086800 0.246705 2.271655 0.081182 0.181064 2.231549 0.002156 0.114184 2.229414 0.152889 0.100414 2.218858 0.007213 -0.365242 2.215061 0.088786 -0.392933 2.206637 -0.019437 -0.703409 2.393908 0.103855 -0.717145 2.192884 -0.075252 -0.783550 2.407338 0.106148 -0.788005 2.128597 
0.094025 0.775665 2.228605 0.105781 0.598984 2.246317 -0.064110 0.500763 2.272502 0.262770 0.481381 2.248829 -0.118800 0.238750 2.265472 0.307221 0.223479 2.197399 -0.133448 0.018169 2.197399 0.295110 0.007478 2.174602 -0.134794 -0.056416 2.157247 0.283703 -0.092018 2.092042 0.090204 0.247768 2.257774 0.084043 0.182364 2.217022 0.004908 0.115222 2.214584 0.155571 0.103076 2.204509 0.005985 -0.359877 2.194937 0.088177 -0.400445 2.199144 -0.004988 -0.708368 2.333558 0.103277 -0.716940 2.191671 -0.058307 -0.775214 2.352887 0.106066 -0.787868 2.128639 
0.096397 0.774900 2.216934 0.105742 0.598047 2.232361 -0.059740 0.503334 2.259531 0.264743 0.481689 2.236346 -0.113523 0.239887 2.249675 0.306042 0.223436 2.185308 -0.125242 0.027117 2.185308 0.295399 0.007949 2.158330 -0.125692 -0.047599 2.137187 0.284411 -0.091356 2.073891 0.092394 0.248703 2.245281 0.086718 0.183551 2.204470 0.008406 0.115483 2.200559 0.158412 0.105855 2.193532 0.014613 -0.360593 2.174390 0.090225 -0.386906 2.182616 0.003359 -0.714139 2.258109 0.101966 -0.718381 2.191676 -0.077081 -0.784917 2.268963 0.106099 -0.785872 2.131225 
0.097646 0.774584 2.204616 0.110413 0.599334 2.219899 -0.057853 0.504027 2.249201 0.266066 0.479925 2.221200 -0.109601 0.238568 2.233661 0.305251 0.221460 2.168550 -0.112497 0.030415 2.168550 0.293596 0.005561 2.130044 -0.113815 -0.041217 2.111553 0.283906 -0.088932 2.060848 0.095481 0.249202 2.233449 0.088837 0.183887 2.192698 0.009750 0.115039 2.190418 0.160485 0.107388 2.180634 0.016360 -0.388514 2.161356 0.090757 -0.382992 2.175232 0.005214 -0.718130 2.204175 0.099169 -0.725759 2.189041 -0.042223 -0.790175 2.158915 0.085946 -0.789265 2.134854 
0.098329 0.776689 2.192738 0.111775 0.599457 2.206423 -0.057358 0.507289 2.237166 0.266974 0.478449 2.208488 -0.107272 0.240418 2.222466 0.304981 0.221808 2.159034 -0.109219 0.033982 2.159034 0.291997 0.005008 2.114992 -0.106012 -0.033129 2.087916 0.283541 -0.088349 2.054068 0.097809 0.250871 2.221652 0.091299 0.185611 2.181329 0.012026 0.115724 2.179239 0.163366 0.109575 2.169851 0.016163 -0.396759 2.150965 0.092228 -0.381289 2.168398 -0.020142 -0.727316 2.149170 0.098131 -0.728275 2.186970 -0.059265 -0.792880 2.099255 0.028358 -0.789116 2.131738 
0.099648 0.776362 2.180691 0.112693 0.597734 2.192910 -0.058019 0.508127 2.225285 0.268663 0.478093 2.197462 -0.105962 0.242729 2.213087 0.306095 0.223938 2.149343 -0.105244 0.039208 2.149343 0.292310 0.004621 2.099521 -0.099779 -0.032277 2.072856 0.282399 -0.088581 2.045205 0.099321 0.251438 2.210556 0.093076 0.186190 2.171133 0.013463 0.115357 2.167778 0.165594 0.109971 2.161590 0.013142 -0.405537 2.133915 0.093253 -0.383262 2.162438 -0.043192 -0.731765 2.072603 0.094546 -0.734492 2.188881 -0.049647 -0.773182 1.988719 0.035648 -0.788526 2.116489 
0.098943 0.773978 2.163167 0.113058 0.597098 2.181953 -0.059947 0.507086 2.217792 0.268565 0.476859 2.185596 -0.105227 0.246197 2.204377 0.304165 0.225730 2.140507 -0.102385 0.044263 2.140507 0.292618 0.006807 2.087817 -0.095050 -0.028628 2.062231 0.281652 -0.091431 2.035205 0.101036 0.251603 2.199149 0.094525 0.186523 2.160202 0.014678 0.114976 2.156693 0.167634 0.110021 2.150961 0.012052 -0.402774 2.116887 0.110390 -0.411729 2.161635 -0.043648 -0.715001 2.018805 0.092001 -0.734929 2.186290 -0.070996 -0.766203 1.964382 0.101336 -0.791981 2.131613 
