81
0.056459 0.068767 3.719911 0.056165 -0.120044 3.718178 -0.083832 -0.228447 3.682555 0.227340 -0.218336 3.731449 -0.144406 -0.479117 3.681751 0.283019 -0.481153 3.619334 -0.152988 -0.684610 3.619334 0.283279 -0.689375 3.612536 -0.152998 -0.762224 3.577542 0.274381 -0.748809 3.541677 0.073511 -0.446098 3.694998 0.084817 -0.497967 3.640147 0.021067 -0.564852 3.615322 0.159141 -0.568145 3.631211 0.019025 -0.970653 3.477189 0.123928 -1.013736 3.652650 0.014971 -1.216089 3.323980 0.108042 -1.341647 3.670243 0.025039 -1.236612 3.251959 0.091478 -1.332291 3.585454 
0.060069 0.068859 3.702896 0.059793 -0.120201 3.710321 -0.083020 -0.228816 3.671701 0.232062 -0.217658 3.716737 -0.143404 -0.478841 3.666828 0.285800 -0.481206 3.607623 -0.152530 -0.678463 3.607623 0.281851 -0.686411 3.578607 -0.151001 -0.713675 3.574807 0.277259 -0.727486 3.515974 0.072940 -0.445979 3.684148 0.082440 -0.497349 3.628361 0.015758 -0.563138 3.603672 0.156832 -0.569769 3.616645 0.021315 -0.964766 3.476934 0.124179 -1.013730 3.652621 0.017361 -1.204372 3.313869 0.109416 -1.332862 3.677359 0.026470 -1.224778 3.241466 0.092966 -1.322112 3.592465 
0.056475 0.064166 3.672757 0.061754 -0.119101 3.702453 -0.081977 -0.230243 3.653773 0.232376 -0.222503 3.679775 -0.142827 -0.477210 3.645252 0.289372 -0.496696 3.580957 -0.144775 -0.675479 3.580957 0.282813 -0.707188 3.551834 -0.151564 -0.725662 3.562329 0.278458 -0.728213 3.497657 0.074891 -0.448352 3.669341 0.081263 -0.499762 3.612072 0.014302 -0.564710 3.588298 0.154683 -0.572252 3.598946 0.025168 -0.962902 3.476682 0.142415 -1.037089 3.667659 0.007060 -1.184757 3.287139 0.113278 -1.347202 3.690726 0.012380 -1.204868 3.214042 0.098269 -1.333733 3.605685 
0.053598 0.067982 3.647898 0.061522 -0.119375 3.674990 -0.081286 -0.227093 3.636376 0.232390 -0.228751 3.660552 -0.142473 -0.471090 3.630456 0.291370 -0.492247 3.575752 -0.144824 -0.672627 3.575752 0.279136 -0.697499 3.544838 -0.153805 -0.732780 3.529917 0.277066 -0.730809 3.466864 0.072404 -0.450439 3.648504 0.078766 -0.503145 3.592596 0.011136 -0.565149 3.566799 0.152432 -0.578083 3.583591 0.028658 -0.963722 3.470710 0.128657 -1.044024 3.628140 0.007922 -1.182706 3.278924 0.125751 -1.383139 3.724660 0.013416 -1.203330 3.205758 0.109912 -1.365064 3.640373 
0.058097 0.073108 3.636268 0.061948 -0.114385 3.648594 -0.083928 -0.218334 3.608798 0.235270 -0.230250 3.647133 -0.141406 -0.489778 3.593269 0.292456 -0.493112 3.567884 -0.154484 -0.691450 3.567884 0.282763 -0.697190 3.507826 -0.156701 -0.751864 3.491451 0.274221 -0.768375 3.443718 0.067869 -0.442172 3.622564 0.075951 -0.494232 3.567021 0.006927 -0.558008 3.540273 0.150170 -0.571518 3.559412 0.034377 -0.945290 3.453240 0.120252 -0.997161 3.577665 0.012025 -1.178566 3.268148 0.107358 -1.260331 3.682015 0.020928 -1.199257 3.195140 0.094046 -1.259565 3.595169 
0.057128 0.077999 3.618342 0.056150 -0.107700 3.618880 -0.087377 -0.213713 3.579905 0.233382 -0.228740 3.628586 -0.143612 -0.465485 3.544269 0.287314 -0.483616 3.545585 -0.161972 -0.676162 3.545585 0.282030 -0.689188 3.492754 -0.152996 -0.703508 3.491330 0.274146 -0.724695 3.447268 0.063929 -0.434501 3.593601 0.074156 -0.486418 3.538479 0.005487 -0.548934 3.505607 0.149475 -0.565711 3.535604 0.037749 -0.944467 3.436812 0.127449 -0.972602 3.574548 0.016115 -1.177432 3.257831 0.127863 -1.293019 3.693828 0.027276 -1.198209 3.184971 0.114190 -1.288496 3.606943 
0.058515 0.082518 3.607570 0.060116 -0.107556 3.606049 -0.086700 -0.215234 3.553892 0.235952 -0.219092 3.591773 -0.148955 -0.467043 3.532863 0.281386 -0.473475 3.515982 -0.162521 -0.677626 3.515982 0.282716 -0.669670 3.478120 -0.155107 -0.703154 3.473424 0.275844 -0.709878 3.398740 0.073757 -0.434794 3.568170 0.083033 -0.484588 3.510293 0.015638 -0.547315 3.477727 0.159225 -0.563331 3.501020 0.018048 -0.907754 3.389720 0.138088 -1.001693 3.576757 0.015045 -1.177232 3.232758 0.129566 -1.265095 3.681257 0.023416 -1.197224 3.159152 0.115143 -1.264590 3.594205 
0.061033 0.085025 3.575207 0.063207 -0.102146 3.578641 -0.089631 -0.212742 3.526747 0.232907 -0.211705 3.583940 -0.155935 -0.459440 3.509797 0.283542 -0.458839 3.481597 -0.161987 -0.667134 3.481597 0.283287 -0.667590 3.440765 -0.157778 -0.699309 3.433453 0.273296 -0.706969 3.393176 0.074816 -0.426667 3.543676 0.086406 -0.476526 3.487309 0.020007 -0.540996 3.451423 0.161685 -0.554421 3.483407 0.016651 -0.898627 3.366252 0.139002 -1.004871 3.573407 0.015681 -1.173551 3.226271 0.129689 -1.267006 3.671820 0.027715 -1.193774 3.153068 0.114967 -1.266097 3.584633 
0.058226 0.093938 3.557359 0.064500 -0.094373 3.561882 -0.092389 -0.199226 3.506658 0.228268 -0.211046 3.531394 -0.157802 -0.450847 3.493242 0.278094 -0.462669 3.444832 -0.158357 -0.644891 3.444832 0.283961 -0.675001 3.386984 -0.162115 -0.705189 3.371270 0.278507 -0.703519 3.375821 0.072147 -0.422515 3.519035 0.077890 -0.472072 3.459999 0.009154 -0.536061 3.426430 0.150624 -0.549144 3.449453 0.016299 -0.898240 3.348737 0.120321 -0.971113 3.496494 0.018662 -1.169759 3.218821 0.142217 -1.292596 3.659557 0.024900 -1.189638 3.144567 0.125528 -1.287972 3.572575 
0.052185 0.098205 3.505825 0.064150 -0.080913 3.529889 -0.092678 -0.194891 3.477309 0.231190 -0.209262 3.503978 -0.156626 -0.442339 3.442873 0.281244 -0.457066 3.434636 -0.167731 -0.648632 3.434636 0.281267 -0.665327 3.368841 -0.171826 -0.663667 3.352355 0.278320 -0.699722 3.339991 0.070056 -0.412188 3.487540 0.076244 -0.462754 3.429478 0.005889 -0.528356 3.394590 0.150844 -0.539870 3.422642 0.014937 -0.886491 3.318239 0.127145 -0.971109 3.476862 0.020932 -1.154611 3.212540 0.121709 -1.252751 3.608978 0.027665 -1.174645 3.138225 0.107253 -1.253889 3.521318 
0.052115 0.100943 3.504891 0.062478 -0.071486 3.505215 -0.094881 -0.190377 3.444541 0.230905 -0.198740 3.489782 -0.162808 -0.427630 3.408167 0.282666 -0.448643 3.411661 -0.171675 -0.636541 3.411661 0.287168 -0.652457 3.343262 -0.173479 -0.662110 3.336456 0.281079 -0.693875 3.326084 0.070910 -0.403909 3.451030 0.080507 -0.452625 3.390590 0.010989 -0.518087 3.351726 0.157317 -0.528561 3.380891 0.019325 -0.879976 3.306523 0.134584 -0.958929 3.432556 0.022223 -1.158114 3.197270 0.128368 -1.265939 3.580609 0.032432 -1.177678 3.123036 0.113108 -1.266011 3.492865 
0.047180 0.115045 3.480084 0.060929 -0.064803 3.480044 -0.097171 -0.187330 3.421236 0.225262 -0.183293 3.457417 -0.163953 -0.429401 3.394957 0.283005 -0.432157 3.394672 -0.176694 -0.631468 3.394672 0.284932 -0.636293 3.308389 -0.174801 -0.645934 3.283079 0.278552 -0.705344 3.264683 0.073707 -0.397942 3.430257 0.081945 -0.447609 3.370896 0.012964 -0.514652 3.335036 0.158638 -0.521687 3.361885 0.027090 -0.876114 3.291175 0.141057 -0.957570 3.393233 0.023792 -1.158857 3.191815 0.135551 -1.271729 3.569679 0.031405 -1.178645 3.117073 0.118876 -1.271188 3.481906 
0.045345 0.120971 3.454078 0.056991 -0.061666 3.445056 -0.100459 -0.182968 3.401329 0.223018 -0.187973 3.430325 -0.167468 -0.422261 3.374146 0.281911 -0.425209 3.341022 -0.178598 -0.608510 3.341022 0.286858 -0.634278 3.253720 -0.178114 -0.640801 3.245868 0.281457 -0.676886 3.259647 0.071550 -0.393351 3.400500 0.079428 -0.443367 3.341685 0.010290 -0.509946 3.309224 0.156843 -0.517949 3.330976 0.038088 -0.876993 3.263554 0.139955 -0.945446 3.331563 0.024305 -1.158856 3.190112 0.135704 -1.258157 3.510820 0.031014 -1.178895 3.115122 0.116356 -1.260040 3.423358 
0.036401 0.124836 3.421672 0.053559 -0.059475 3.421561 -0.103989 -0.181256 3.377923 0.219205 -0.184995 3.404643 -0.169249 -0.417315 3.346133 0.275348 -0.429741 3.316267 -0.182101 -0.609236 3.316267 0.287922 -0.641628 3.236414 -0.181192 -0.633919 3.227413 0.286784 -0.663265 3.236604 0.066561 -0.392590 3.376093 0.073719 -0.442856 3.317179 0.003928 -0.508452 3.284319 0.150973 -0.518088 3.307357 0.042340 -0.877992 3.248693 0.146267 -0.950252 3.313406 0.027730 -1.162655 3.180452 0.139400 -1.259408 3.498622 0.033886 -1.182692 3.105377 0.138090 -1.344688 3.476436 
0.038466 0.130916 3.385550 0.052560 -0.048140 3.406861 -0.107679 -0.177792 3.349815 0.214340 -0.167173 3.373787 -0.169150 -0.399085 3.299967 0.276265 -0.427345 3.305123 -0.185674 -0.597497 3.305123 0.283982 -0.631258 3.205047 -0.182538 -0.610851 3.160824 0.287107 -0.658828 3.215168 0.065431 -0.389377 3.355378 0.071302 -0.440760 3.294696 0.001415 -0.508705 3.263641 0.147716 -0.512175 3.280441 0.052706 -0.882430 3.219834 0.150038 -0.932585 3.237624 0.027135 -1.163157 3.176384 0.132259 -1.252023 3.406657 0.048663 -1.238509 3.132717 0.136895 -1.271901 3.331364 
0.039090 0.135586 3.374184 0.047123 -0.036478 3.378238 -0.107356 -0.162893 3.311767 0.217324 -0.169515 3.351003 -0.173570 -0.401007 3.282524 0.278044 -0.420471 3.285250 -0.188869 -0.597311 3.285250 0.281730 -0.625012 3.182432 -0.184755 -0.606704 3.149057 0.288955 -0.654249 3.188623 0.063297 -0.381210 3.329188 0.073096 -0.433708 3.269820 0.005177 -0.501316 3.224972 0.150013 -0.508618 3.267446 0.051087 -0.884707 3.200920 0.148846 -0.932520 3.212687 0.071850 -1.217274 3.229309 0.136030 -1.233052 3.348665 0.058381 -1.240496 3.143602 0.144971 -1.253120 3.273721 
0.037755 0.137855 3.341919 0.043447 -0.037260 3.347478 -0.107924 -0.157706 3.301100 0.215801 -0.156307 3.328049 -0.174567 -0.400025 3.260572 0.276761 -0.410868 3.268634 -0.183412 -0.575480 3.268634 0.281052 -0.612342 3.123109 -0.179598 -0.601047 3.110469 0.288358 -0.654124 3.183090 0.063626 -0.371118 3.303941 0.071915 -0.421566 3.244706 0.005355 -0.494277 3.212117 0.148534 -0.490373 3.232649 0.044859 -0.882216 3.184310 0.144394 -0.922536 3.180232 0.078059 -1.218885 3.217965 0.157884 -1.270217 3.291738 0.075143 -1.259749 3.148047 0.163755 -1.290331 3.216541 
0.042708 0.148658 3.328434 0.045608 -0.029715 3.333698 -0.103086 -0.146844 3.276793 0.217516 -0.147756 3.317321 -0.176029 -0.384881 3.229367 0.277388 -0.400848 3.243989 -0.183486 -0.577280 3.243989 0.283962 -0.604999 3.119767 -0.180184 -0.592531 3.101016 0.290776 -0.638709 3.133372 0.062670 -0.363189 3.287383 0.072718 -0.413353 3.228550 0.005986 -0.482077 3.189269 0.149121 -0.485384 3.223157 0.037455 -0.876030 3.166672 0.140165 -0.902973 3.121920 0.060926 -1.220985 3.157461 0.149832 -1.250351 3.199294 0.078531 -1.269434 3.115401 0.109295 -1.278545 3.154705 
0.034009 0.155521 3.285202 0.044256 -0.028223 3.311931 -0.106643 -0.140347 3.264568 0.214359 -0.146869 3.289653 -0.177791 -0.376760 3.222620 0.275220 -0.404852 3.219319 -0.190985 -0.556290 3.219319 0.287354 -0.610945 3.091244 -0.183336 -0.579672 3.076271 0.289853 -0.640229 3.122918 0.061846 -0.361275 3.266835 0.069816 -0.411495 3.207867 0.003061 -0.480446 3.172025 0.146044 -0.484063 3.200709 0.029473 -0.877808 3.157653 0.138577 -0.876702 3.093223 0.060542 -1.218372 3.150716 0.156310 -1.236121 3.145252 0.077657 -1.264632 3.105822 0.099685 -1.251159 3.113378 
0.034806 0.158538 3.268079 0.042539 -0.022670 3.296230 -0.109919 -0.141925 3.225743 0.214694 -0.145358 3.270437 -0.178625 -0.366346 3.189466 0.272625 -0.401707 3.198125 -0.191715 -0.553369 3.198125 0.287650 -0.609580 3.070338 -0.180693 -0.575611 3.055372 0.288401 -0.638811 3.112780 0.054687 -0.358791 3.243475 0.064382 -0.408704 3.183372 -0.004120 -0.477981 3.147047 0.140629 -0.480890 3.173293 0.023285 -0.892794 3.146686 0.136000 -0.861316 3.066721 0.064352 -1.216191 3.142785 0.149367 -1.203641 3.089395 0.068526 -1.265079 3.097381 0.122570 -1.264795 3.086050 
0.032896 0.158206 3.252998 0.043993 -0.017543 3.258498 -0.111641 -0.139224 3.220322 0.213544 -0.141582 3.247195 -0.176616 -0.376427 3.162328 0.271598 -0.401723 3.181000 -0.193890 -0.563478 3.181000 0.285711 -0.603610 3.043675 -0.179223 -0.580081 3.016355 0.298510 -0.664001 3.086844 0.057897 -0.352923 3.218384 0.065171 -0.404510 3.159940 -0.003483 -0.476573 3.125303 0.141617 -0.475661 3.152456 0.016382 -0.865604 3.128336 0.131977 -0.847640 3.036307 0.063255 -1.208462 3.135455 0.164659 -1.166187 3.001733 0.022288 -1.215491 3.082910 0.170782 -1.186732 2.925885 
0.034781 0.162314 3.227479 0.041842 -0.014599 3.242640 -0.113816 -0.135487 3.184147 0.214555 -0.139200 3.230517 -0.177766 -0.379414 3.146812 0.271881 -0.399807 3.164979 -0.191714 -0.565113 3.164979 0.285704 -0.600912 3.025096 -0.180100 -0.578294 3.013040 0.289522 -0.638184 3.045867 0.057804 -0.350764 3.196282 0.068780 -0.401438 3.137244 0.000929 -0.474822 3.101505 0.147022 -0.471631 3.128819 0.012833 -0.889682 3.115153 0.129107 -0.844904 3.020381 0.064150 -1.200909 3.117685 0.166136 -1.136225 2.936338 0.009511 -1.232473 3.094824 0.176364 -1.156506 2.860717 
0.034872 0.163334 3.206652 0.043180 -0.015713 3.215450 -0.114101 -0.133478 3.175631 0.213997 -0.135576 3.199310 -0.180299 -0.375152 3.133235 0.272029 -0.398292 3.134856 -0.190857 -0.559686 3.134856 0.283117 -0.599681 3.008972 -0.181666 -0.575632 2.993976 0.289160 -0.659750 3.030893 0.059582 -0.348654 3.177550 0.066992 -0.399989 3.119402 -0.001383 -0.473027 3.083608 0.144713 -0.471160 3.113536 0.010927 -0.893983 3.106764 0.130137 -0.839429 2.992173 0.054694 -1.203574 3.122026 0.176670 -1.179825 2.843752 0.024214 -1.248729 3.082700 0.182069 -1.200501 2.767648 
0.038593 0.164345 3.176345 0.041823 -0.017869 3.190240 -0.107884 -0.139452 3.138662 0.211333 -0.139245 3.172439 -0.176685 -0.379750 3.107101 0.271486 -0.392744 3.109841 -0.190188 -0.570169 3.109841 0.279956 -0.599496 2.993465 -0.181444 -0.572988 2.973377 0.290321 -0.659616 3.025180 0.058106 -0.353254 3.150040 0.067043 -0.404720 3.091903 -0.000094 -0.476913 3.057206 0.143532 -0.473511 3.088009 0.009410 -0.896431 3.097886 0.129614 -0.833243 2.973588 0.050650 -1.203020 3.122099 0.169008 -1.165390 2.782597 0.030209 -1.251244 3.079907 0.176592 -1.186003 2.706580 
0.037261 0.164531 3.142946 0.041477 -0.018436 3.161322 -0.109237 -0.140769 3.123318 0.214236 -0.141127 3.145624 -0.173946 -0.379113 3.079794 0.270230 -0.400900 3.078119 -0.190341 -0.573062 3.078119 0.285137 -0.610112 2.973427 -0.181514 -0.573873 2.961935 0.299809 -0.637191 2.999501 0.058894 -0.352679 3.124057 0.066107 -0.404335 3.066070 -0.001514 -0.477685 3.031196 0.142839 -0.473788 3.059510 0.009907 -0.889097 3.081602 0.128310 -0.825086 2.964141 0.050367 -1.213886 3.131470 0.169112 -1.147349 2.753540 0.035346 -1.249206 3.076170 0.175173 -1.175880 2.672812 
0.038727 0.163575 3.129576 0.048227 -0.019364 3.129910 -0.108635 -0.145031 3.090677 0.221107 -0.144079 3.126463 -0.174578 -0.382586 3.053510 0.273341 -0.399809 3.064205 -0.189982 -0.582215 3.064205 0.287295 -0.603137 2.959697 -0.181256 -0.587001 2.943264 0.283835 -0.644903 2.948009 0.060095 -0.351096 3.098466 0.068340 -0.403080 3.041539 -0.000997 -0.477910 3.008492 0.145570 -0.474058 3.035506 0.008014 -0.862561 3.051245 0.135283 -0.824437 2.910531 0.049437 -1.212149 3.130287 0.166250 -1.155394 2.714496 0.045053 -1.258207 3.081251 0.174340 -1.180150 2.636556 
0.046032 0.162745 3.111345 0.048347 -0.017501 3.104948 -0.104898 -0.142938 3.062390 0.222713 -0.143057 3.087448 -0.173074 -0.384807 3.039057 0.274743 -0.401849 3.035065 -0.189174 -0.584285 3.035065 0.286222 -0.605651 2.944844 -0.181914 -0.594520 2.930534 0.286332 -0.639912 2.943393 0.063242 -0.352482 3.071162 0.070377 -0.404886 3.013733 0.001579 -0.478235 2.981334 0.147399 -0.476130 3.008395 0.007405 -0.858887 3.039389 0.132907 -0.821148 2.900299 0.049333 -1.211376 3.126003 0.164729 -1.145681 2.693133 0.073614 -1.273838 3.118042 0.171477 -1.176723 2.610820 
0.049446 0.164073 3.073956 0.050443 -0.018900 3.083351 -0.103991 -0.139661 3.043082 0.219190 -0.145025 3.048465 -0.171370 -0.385294 3.021924 0.277640 -0.397933 2.996449 -0.184261 -0.584205 2.996449 0.287832 -0.606960 2.925645 -0.183500 -0.596897 2.917082 0.291928 -0.666180 2.913370 0.065227 -0.353625 3.040581 0.069237 -0.404552 2.981354 0.000503 -0.476401 2.949117 0.144496 -0.474182 2.970618 0.009321 -0.849810 3.011965 0.132867 -0.818065 2.860510 0.047524 -1.197865 3.117018 0.159871 -1.152545 2.671875 0.049293 -1.218452 3.040262 0.163923 -1.183348 2.587488 
0.052980 0.160425 3.044418 0.052560 -0.017076 3.057976 -0.099447 -0.140533 3.015962 0.221658 -0.142237 3.036234 -0.169077 -0.386055 2.985842 0.278645 -0.399229 2.970444 -0.182166 -0.593582 2.970444 0.295992 -0.604438 2.913806 -0.182972 -0.600831 2.910073 0.293001 -0.637501 2.865705 0.066528 -0.351426 3.012912 0.072741 -0.401914 2.953738 0.004883 -0.474362 2.919409 0.147847 -0.470312 2.945652 0.007564 -0.842248 2.991693 0.134726 -0.814400 2.838941 0.051148 -1.187907 3.101010 0.155389 -1.150321 2.652623 0.055940 -1.208390 3.024248 0.161858 -1.181310 2.568662 
0.055979 0.164825 3.026671 0.062137 -0.009703 3.004060 -0.096667 -0.136394 2.975140 0.224525 -0.138717 2.991692 -0.167518 -0.384885 2.959224 0.279383 -0.391075 2.938036 -0.180008 -0.597378 2.938036 0.291686 -0.596050 2.908035 -0.181983 -0.602262 2.899020 0.296827 -0.656477 2.848585 0.069550 -0.343377 2.975547 0.074083 -0.396475 2.919229 0.004550 -0.469677 2.890066 0.148549 -0.464953 2.912875 0.011579 -0.832009 2.956546 0.134366 -0.808682 2.807450 0.049796 -1.173461 3.077623 0.157741 -1.152743 2.639823 0.053791 -1.194956 3.000971 0.163317 -1.185924 2.557272 
0.058076 0.170589 2.999588 0.065637 -0.006979 2.996840 -0.090314 -0.127350 2.952364 0.231946 -0.134417 2.966504 -0.165462 -0.382074 2.945448 0.283946 -0.380813 2.908405 -0.173961 -0.593246 2.908405 0.295780 -0.587641 2.886290 -0.178368 -0.598154 2.857838 0.299405 -0.625366 2.818896 0.070056 -0.341422 2.948893 0.073058 -0.391231 2.887177 0.002600 -0.461567 2.853126 0.144514 -0.460062 2.872154 0.010585 -0.850832 2.927415 0.136730 -0.804410 2.770611 0.044424 -1.187675 3.059267 0.159319 -1.162910 2.645223 0.048258 -1.208020 2.982212 0.164616 -1.196474 2.564294 
0.065031 0.174903 2.962934 0.067481 -0.000511 2.969623 -0.084316 -0.120276 2.925272 0.235025 -0.126313 2.931570 -0.161019 -0.376656 2.922040 0.287569 -0.379716 2.868207 -0.170987 -0.584084 2.868207 0.298766 -0.588628 2.848050 -0.176872 -0.598523 2.847628 0.302659 -0.620093 2.787680 0.075694 -0.335140 2.916669 0.078416 -0.384973 2.856974 0.009826 -0.454940 2.823594 0.149999 -0.453654 2.847395 0.012645 -0.849884 2.889718 0.137961 -0.797582 2.746748 0.041257 -1.179445 3.036731 0.157707 -1.157221 2.625882 0.004850 -1.235533 3.025054 0.161057 -1.190716 2.545061 
0.064340 0.189911 2.935452 0.069310 0.012251 2.932147 -0.085639 -0.114407 2.896674 0.233167 -0.119805 2.897624 -0.154171 -0.367483 2.876135 0.289553 -0.369773 2.849319 -0.169390 -0.578772 2.849319 0.299806 -0.571850 2.818269 -0.172714 -0.579807 2.808969 0.302764 -0.614340 2.750856 0.077504 -0.325799 2.879144 0.079591 -0.375762 2.817610 0.009485 -0.445450 2.785559 0.153466 -0.443334 2.802686 0.017220 -0.830304 2.828201 0.134600 -0.793844 2.738755 0.038030 -1.156860 2.981352 0.158890 -1.145856 2.594575 0.038897 -1.177117 2.904045 0.161080 -1.177377 2.512591 
0.062705 0.196449 2.912501 0.068315 0.015980 2.912678 -0.086012 -0.102523 2.866405 0.235303 -0.113054 2.867783 -0.151957 -0.358653 2.852467 0.291792 -0.354096 2.796485 -0.164784 -0.569447 2.796485 0.300848 -0.565935 2.791437 -0.168724 -0.569440 2.771098 0.305116 -0.606689 2.719600 0.074665 -0.319293 2.856403 0.076784 -0.368448 2.795415 0.005995 -0.437081 2.763048 0.150722 -0.437924 2.781559 0.027605 -0.813519 2.771227 0.131069 -0.786819 2.710896 0.037554 -1.134276 2.934979 0.160042 -1.146927 2.596443 0.038901 -1.154353 2.857829 0.163048 -1.179481 2.515792 
0.069051 0.203635 2.882334 0.073533 0.020689 2.882256 -0.085518 -0.097832 2.851503 0.237021 -0.103607 2.836483 -0.151850 -0.355926 2.835015 0.290050 -0.353961 2.776152 -0.161232 -0.563500 2.776152 0.303948 -0.554176 2.760647 -0.166825 -0.618657 2.736008 0.310504 -0.588802 2.677237 0.081364 -0.313580 2.828074 0.080813 -0.362739 2.767062 0.010510 -0.431399 2.737324 0.153759 -0.432311 2.750196 0.026815 -0.796612 2.722372 0.125412 -0.787745 2.692546 0.035002 -1.113276 2.892550 0.172276 -1.148104 2.588179 0.032421 -1.133468 2.815386 0.170502 -1.174503 2.509645 
0.070525 0.208163 2.864106 0.070833 0.031084 2.857507 -0.087526 -0.088442 2.829434 0.232327 -0.095694 2.807681 -0.147106 -0.340673 2.788821 0.295865 -0.350151 2.749400 -0.162201 -0.547986 2.749400 0.305008 -0.551207 2.716400 -0.158489 -0.549512 2.707845 0.309448 -0.583816 2.645715 0.081160 -0.305339 2.802370 0.080025 -0.354987 2.741340 0.010523 -0.421481 2.712752 0.152793 -0.425691 2.724216 0.030609 -0.776858 2.676805 0.118533 -0.793953 2.670253 0.038397 -1.089188 2.811960 0.177586 -1.150125 2.594567 0.034425 -1.109408 2.734848 0.173613 -1.170345 2.517455 
0.070144 0.219211 2.826509 0.073556 0.036445 2.835485 -0.085579 -0.082911 2.799775 0.233962 -0.090906 2.789394 -0.148005 -0.338120 2.768790 0.298252 -0.343000 2.702159 -0.161076 -0.545450 2.702159 0.303986 -0.547234 2.695456 -0.160290 -0.547004 2.675649 0.304221 -0.577414 2.603513 0.079795 -0.300296 2.776573 0.079737 -0.349336 2.714801 0.009577 -0.414151 2.686224 0.151972 -0.421085 2.695934 0.029838 -0.771645 2.639626 0.109894 -0.799671 2.642456 0.038933 -1.069037 2.749795 0.178345 -1.145221 2.620359 0.037531 -1.089090 2.672469 0.176944 -1.165273 2.543032 
0.069013 0.219618 2.810033 0.077922 0.038878 2.805672 -0.086127 -0.079932 2.782487 0.235341 -0.081938 2.759016 -0.149335 -0.332669 2.747318 0.297110 -0.337819 2.686210 -0.151967 -0.524706 2.686210 0.302361 -0.536390 2.635892 -0.159355 -0.532955 2.640425 0.301403 -0.562654 2.573675 0.084881 -0.295266 2.753139 0.082507 -0.344737 2.692428 0.011955 -0.410986 2.666784 0.154750 -0.415882 2.672439 0.031369 -0.772076 2.601155 0.116600 -0.793616 2.624267 0.043263 -1.050860 2.682937 0.146844 -1.142140 2.647923 0.038562 -1.071126 2.606003 0.142144 -1.162405 2.570989 
0.069084 0.228781 2.779866 0.081335 0.048774 2.778655 -0.085395 -0.075653 2.756742 0.232329 -0.078605 2.729455 -0.148853 -0.321185 2.721382 0.292073 -0.331927 2.649886 -0.153618 -0.520630 2.649886 0.303051 -0.530405 2.625839 -0.156437 -0.523908 2.603576 0.299449 -0.549854 2.538677 0.086245 -0.292051 2.727160 0.082838 -0.343171 2.666459 0.011932 -0.408794 2.643438 0.154358 -0.413851 2.646761 0.031576 -0.764677 2.562499 0.123767 -0.789628 2.607743 0.034712 -1.110046 2.653794 0.133756 -1.140328 2.641076 0.029168 -1.130468 2.576895 0.128212 -1.160750 2.564177 
0.062279 0.232170 2.753144 0.077959 0.054964 2.756586 -0.086758 -0.072705 2.732031 0.233478 -0.071807 2.702705 -0.151390 -0.314793 2.690508 0.294889 -0.325798 2.626559 -0.153076 -0.507245 2.626559 0.300033 -0.519212 2.580604 -0.159434 -0.519262 2.573084 0.296989 -0.543857 2.515268 0.084094 -0.286466 2.700866 0.080444 -0.337251 2.639721 0.009479 -0.404371 2.620066 0.152372 -0.406846 2.613127 0.028044 -0.756387 2.531612 0.131409 -0.780679 2.593277 0.028346 -1.113346 2.591969 0.123749 -1.137066 2.608444 0.022158 -1.133586 2.515233 0.117561 -1.157305 2.531708 
0.060783 0.234480 2.726496 0.076362 0.056172 2.725635 -0.089262 -0.070368 2.711445 0.229099 -0.070408 2.673250 -0.151697 -0.316960 2.674465 0.288611 -0.316877 2.592772 -0.153635 -0.507288 2.592772 0.299141 -0.517282 2.560379 -0.155520 -0.513641 2.545619 0.293155 -0.534160 2.477363 0.083877 -0.282774 2.678110 0.078993 -0.334246 2.618166 0.008062 -0.401083 2.600727 0.150925 -0.404495 2.593217 0.012267 -0.735346 2.481759 0.132547 -0.777499 2.582183 0.029702 -1.094875 2.530595 0.122070 -1.134930 2.584278 0.021914 -1.119489 2.456728 0.113963 -1.155556 2.507757 
0.059244 0.237243 2.696935 0.073301 0.059249 2.704978 -0.089769 -0.067374 2.683368 0.228676 -0.063513 2.655690 -0.150651 -0.308559 2.650002 0.287661 -0.313745 2.571468 -0.154255 -0.495341 2.571468 0.291625 -0.499951 2.529499 -0.155730 -0.507325 2.516432 0.288660 -0.528550 2.454146 0.080480 -0.279512 2.656229 0.077086 -0.330678 2.596141 0.006792 -0.396297 2.577023 0.148789 -0.401919 2.572519 0.006681 -0.730317 2.458901 0.137665 -0.776042 2.574989 0.000191 -1.096369 2.425748 0.126690 -1.129960 2.585355 -0.006116 -1.127988 2.349100 0.120604 -1.150494 2.508562 
0.059541 0.239618 2.679940 0.078654 0.063764 2.675969 -0.087078 -0.062847 2.659740 0.226984 -0.061131 2.623315 -0.151580 -0.300153 2.612624 0.286068 -0.308700 2.544395 -0.152592 -0.495347 2.544395 0.287427 -0.500669 2.509091 -0.157375 -0.506499 2.495731 0.282735 -0.515483 2.422925 0.082979 -0.277590 2.626912 0.077578 -0.329282 2.566723 0.006617 -0.394401 2.549533 0.148212 -0.399203 2.542548 0.003410 -0.728239 2.432409 0.140148 -0.777082 2.566494 -0.016376 -1.085216 2.334510 0.128051 -1.122961 2.587091 -0.025418 -1.119309 2.255903 0.120093 -1.143551 2.510451 
0.060068 0.244756 2.651080 0.073328 0.065392 2.655480 -0.091374 -0.060343 2.635478 0.224338 -0.056851 2.600425 -0.148872 -0.303425 2.597461 0.281976 -0.307464 2.516625 -0.153743 -0.497408 2.516625 0.279869 -0.498102 2.492387 -0.158111 -0.504918 2.476841 0.276720 -0.509768 2.400201 0.078293 -0.275139 2.606221 0.073193 -0.326619 2.546100 0.002229 -0.391301 2.528846 0.144012 -0.397620 2.520680 0.003755 -0.722216 2.404237 0.141255 -0.775973 2.555823 -0.029657 -1.069650 2.277270 0.130755 -1.117271 2.585367 -0.039175 -1.103430 2.196918 0.123016 -1.137851 2.508667 
0.055734 0.244225 2.622912 0.066526 0.064152 2.619945 -0.091461 -0.058200 2.604265 0.223133 -0.055831 2.583296 -0.152034 -0.307496 2.577060 0.277996 -0.307385 2.489436 -0.157893 -0.497619 2.489436 0.273618 -0.495842 2.465124 -0.161758 -0.503963 2.457017 0.269278 -0.511787 2.367312 0.072811 -0.274283 2.579282 0.070270 -0.326494 2.520126 0.000026 -0.389972 2.501781 0.141617 -0.398384 2.499038 -0.000253 -0.720612 2.377732 0.141860 -0.777647 2.541280 -0.036732 -1.060357 2.232249 0.133014 -1.113264 2.582792 -0.043104 -1.094269 2.150668 0.128430 -1.134181 2.505888 
0.053329 0.242005 2.596455 0.065892 0.064296 2.600528 -0.094047 -0.057437 2.585107 0.220942 -0.059980 2.547968 -0.152327 -0.303085 2.537746 0.278119 -0.305850 2.468831 -0.165026 -0.501349 2.468831 0.269662 -0.493579 2.445136 -0.167496 -0.557049 2.422706 0.261568 -0.507132 2.343283 0.074527 -0.275365 2.552218 0.070076 -0.326825 2.492123 -0.000510 -0.390131 2.472587 0.142115 -0.399556 2.469291 -0.007099 -0.723965 2.360129 0.141100 -0.776799 2.527204 -0.021963 -1.053080 2.187506 0.131629 -1.109268 2.573253 -0.030517 -1.085794 2.104198 0.123816 -1.129910 2.496518 
0.050027 0.241556 2.558417 0.065831 0.063077 2.572293 -0.097687 -0.057902 2.553806 0.219982 -0.056932 2.529997 -0.153976 -0.306888 2.524608 0.275284 -0.305953 2.440679 -0.167993 -0.504012 2.440679 0.260592 -0.489919 2.430503 -0.172792 -0.557783 2.404287 0.251497 -0.504500 2.307011 0.068175 -0.275817 2.528614 0.064625 -0.327608 2.469007 -0.006883 -0.392155 2.451209 0.135788 -0.399818 2.445545 -0.015019 -0.725535 2.339131 0.139610 -0.769710 2.503357 0.018613 -1.028371 2.122829 0.129193 -1.100994 2.575776 0.016674 -1.055431 2.035912 0.124121 -1.121759 2.498833 
0.048073 0.240822 2.541860 0.059632 0.063175 2.532483 -0.099859 -0.058846 2.525940 0.218531 -0.061233 2.503042 -0.157403 -0.310571 2.494533 0.269609 -0.307476 2.407984 -0.169627 -0.509647 2.407984 0.256957 -0.495147 2.404758 -0.168719 -0.524179 2.393875 0.250128 -0.505209 2.284277 0.063726 -0.274628 2.495740 0.060750 -0.327232 2.437301 -0.011216 -0.391323 2.415253 0.132986 -0.400643 2.420655 -0.025012 -0.724095 2.303377 0.137691 -0.769854 2.490856 0.037069 -1.039105 2.116246 0.127353 -1.099505 2.560385 0.038738 -1.067492 2.031138 0.122686 -1.120649 2.483467 
0.041059 0.240161 2.506233 0.058247 0.062645 2.515439 -0.106185 -0.062384 2.493056 0.213927 -0.062994 2.467151 -0.160746 -0.313441 2.459714 0.267840 -0.307199 2.385076 -0.171860 -0.518084 2.385076 0.253428 -0.493947 2.387408 -0.170404 -0.525543 2.387227 0.246991 -0.505796 2.260938 0.059563 -0.276618 2.472217 0.055379 -0.328549 2.412648 -0.016914 -0.393128 2.396502 0.126518 -0.402370 2.386402 -0.024531 -0.723660 2.278370 0.137685 -0.768329 2.464187 0.064323 -0.969710 2.006817 0.124083 -1.090674 2.556906 0.066649 -0.980244 1.919809 0.118691 -1.111483 2.479927 
0.038713 0.240358 2.481997 0.050169 0.065702 2.478962 -0.108708 -0.058566 2.464578 0.205417 -0.058462 2.440386 -0.162897 -0.310831 2.441432 0.258479 -0.304796 2.349390 -0.179359 -0.514109 2.349390 0.249603 -0.494830 2.367046 -0.172805 -0.527417 2.366382 0.244439 -0.505080 2.235814 0.053292 -0.274461 2.439566 0.049721 -0.327201 2.380750 -0.021844 -0.390209 2.363314 0.121406 -0.400156 2.360979 -0.026536 -0.717574 2.236912 0.134611 -0.765044 2.442219 0.009794 -1.031114 2.040229 0.117772 -1.086433 2.535498 0.008895 -1.060712 1.953539 0.112598 -1.107480 2.458544 
0.029332 0.244139 2.442324 0.044264 0.065753 2.449870 -0.110861 -0.057086 2.434984 0.200870 -0.055078 2.408824 -0.169607 -0.304922 2.401289 0.256418 -0.302150 2.325390 -0.180286 -0.512996 2.325390 0.247468 -0.491095 2.345819 -0.178365 -0.531060 2.332225 0.242130 -0.502402 2.216245 0.050236 -0.272222 2.408968 0.046794 -0.324203 2.349801 -0.023825 -0.387116 2.334741 0.118239 -0.396152 2.324705 -0.027529 -0.717029 2.217341 0.128563 -0.759671 2.412831 0.022028 -1.047354 2.060446 0.115182 -1.076384 2.515779 0.022906 -1.078756 1.976728 0.109404 -1.097336 2.438823 
0.027183 0.253004 2.420021 0.041918 0.074764 2.417137 -0.112847 -0.049141 2.395552 0.197388 -0.047686 2.381776 -0.173099 -0.299499 2.385442 0.252019 -0.298440 2.291119 -0.182402 -0.503480 2.291119 0.244850 -0.494385 2.314460 -0.181481 -0.527102 2.314531 0.239299 -0.498173 2.188639 0.044032 -0.265171 2.375662 0.041980 -0.317500 2.316365 -0.029201 -0.378599 2.295485 0.113371 -0.390399 2.298573 -0.033270 -0.712618 2.193603 0.124155 -0.767006 2.387930 0.040694 -1.018893 1.996608 0.117587 -1.060581 2.509523 0.047434 -1.041583 1.907712 0.114614 -1.081483 2.432365 
0.021868 0.261328 2.384627 0.035547 0.081162 2.388615 -0.119811 -0.044844 2.372260 0.190953 -0.040074 2.341522 -0.179213 -0.296730 2.345557 0.245912 -0.291260 2.261831 -0.192191 -0.504312 2.261831 0.243910 -0.489507 2.291708 -0.190556 -0.518240 2.275750 0.237271 -0.494871 2.170597 0.039299 -0.258246 2.343251 0.034469 -0.309894 2.283479 -0.035724 -0.373057 2.269060 0.104155 -0.381349 2.256039 -0.035299 -0.705254 2.161859 0.114087 -0.761196 2.340948 0.053179 -1.050902 2.098471 0.123683 -1.051500 2.463301 0.052286 -1.081344 2.022907 0.116671 -1.072276 2.386332 
0.014526 0.269110 2.356089 0.029340 0.092923 2.356416 -0.125686 -0.034725 2.335034 0.186839 -0.031352 2.317194 -0.183558 -0.285958 2.321306 0.238411 -0.280395 2.232344 -0.195283 -0.490726 2.232344 0.242345 -0.479966 2.256471 -0.195048 -0.509834 2.255304 0.235566 -0.494865 2.152131 0.031021 -0.249238 2.310138 0.028103 -0.301373 2.250053 -0.042769 -0.363158 2.230290 0.098678 -0.374189 2.229403 -0.039247 -0.699464 2.140544 0.111150 -0.753821 2.302815 0.075384 -1.037098 2.077316 0.121341 -1.045067 2.427788 0.077038 -1.066425 2.000095 0.117349 -1.065776 2.350587 
0.013407 0.274657 2.332355 0.022704 0.101076 2.326715 -0.129850 -0.024428 2.308608 0.181218 -0.017008 2.282188 -0.191795 -0.274278 2.278457 0.236432 -0.273282 2.208174 -0.199866 -0.480223 2.208174 0.241233 -0.474609 2.217134 -0.203977 -0.495940 2.206010 0.232336 -0.488897 2.124463 0.030050 -0.239870 2.281212 0.026537 -0.291896 2.221283 -0.043222 -0.355005 2.201052 0.097585 -0.363023 2.200763 -0.043321 -0.692840 2.118593 0.132297 -0.800025 2.282141 0.107140 -1.018279 2.093071 0.153142 -1.062444 2.313681 0.105468 -1.043452 2.017100 0.146923 -1.083247 2.236599 
0.009101 0.282487 2.301954 0.015629 0.109856 2.293244 -0.134474 -0.017871 2.269520 0.176588 -0.013958 2.254254 -0.197463 -0.269626 2.258285 0.232630 -0.270012 2.178902 -0.208669 -0.471224 2.178902 0.238983 -0.471558 2.182831 -0.206641 -0.490892 2.179206 0.232873 -0.528710 2.087192 0.023592 -0.233713 2.245789 0.022338 -0.286059 2.185450 -0.045980 -0.350469 2.169075 0.092890 -0.355240 2.161267 -0.046064 -0.690309 2.098218 0.113123 -0.778315 2.217443 0.057770 -1.033260 2.066031 0.126708 -1.062395 2.238730 0.057788 -1.063547 1.988809 0.123237 -1.083096 2.161418 
0.004534 0.291244 2.276124 0.013547 0.116890 2.268012 -0.136496 -0.009856 2.246360 0.172143 -0.009514 2.224814 -0.203631 -0.260004 2.205495 0.230572 -0.264290 2.158355 -0.215510 -0.462897 2.158355 0.236810 -0.465942 2.135863 -0.219237 -0.520495 2.121846 0.231770 -0.479826 2.075259 0.021841 -0.227863 2.218803 0.019721 -0.280267 2.158201 -0.048886 -0.342354 2.136425 0.090388 -0.350730 2.138570 -0.054508 -0.689943 2.075133 0.103443 -0.730770 2.150940 0.126562 -0.981329 2.128784 0.111300 -1.037733 2.257743 0.121881 -1.001988 2.051522 0.106618 -1.058392 2.180480 
-0.000478 0.300288 2.246237 0.012739 0.124173 2.247707 -0.143581 -0.001305 2.219276 0.167321 -0.004814 2.201448 -0.209350 -0.257692 2.182764 0.226521 -0.256952 2.132243 -0.223824 -0.455074 2.132243 0.235850 -0.459028 2.097810 -0.226172 -0.462096 2.084854 0.235426 -0.516166 2.044831 0.017051 -0.219713 2.191017 0.014937 -0.270686 2.129117 -0.053918 -0.335197 2.113532 0.084396 -0.338673 2.099319 -0.057940 -0.686647 2.061315 0.102584 -0.707616 2.100311 0.145097 -0.960194 2.107014 0.106994 -1.032283 2.190952 0.141593 -0.980483 2.029593 0.103491 -1.052572 2.113530 
-0.002756 0.304566 2.218190 0.008005 0.131520 2.209541 -0.147216 0.006619 2.191536 0.163652 -0.000115 2.175174 -0.218468 -0.247798 2.144898 0.223079 -0.253352 2.110189 -0.232016 -0.443945 2.110189 0.234617 -0.455278 2.057514 -0.234685 -0.496727 2.030925 0.235890 -0.511275 2.020753 0.016050 -0.215641 2.165727 0.014942 -0.269147 2.105604 -0.053041 -0.335217 2.084732 0.084802 -0.336980 2.085656 -0.049186 -0.696892 2.047838 0.097097 -0.707750 2.055712 0.097304 -1.002465 2.096930 0.108491 -1.051356 2.014819 0.094286 -1.023382 2.019654 0.105473 -1.072273 1.937543 
-0.004323 0.307516 2.191904 0.001922 0.136519 2.189146 -0.151773 0.010991 2.164938 0.160292 0.004846 2.148736 -0.224930 -0.243740 2.110269 0.218883 -0.247234 2.086617 -0.237763 -0.434098 2.086617 0.233064 -0.449835 2.009895 -0.242040 -0.497551 1.980661 0.237300 -0.506436 2.004417 0.011167 -0.212620 2.138071 0.010586 -0.265830 2.077090 -0.057521 -0.332452 2.055868 0.081782 -0.333557 2.057387 -0.044278 -0.700349 2.033314 0.094034 -0.702477 2.007626 -0.031808 -1.046777 1.999136 0.105398 -1.044628 1.948355 -0.034780 -1.067388 1.921766 0.102425 -1.065238 1.870986 
-0.008452 0.312914 2.162553 0.000553 0.140436 2.161967 -0.157353 0.014911 2.140646 0.158480 0.008891 2.125449 -0.224491 -0.231689 2.076740 0.218039 -0.244179 2.071000 -0.246242 -0.419201 2.071000 0.231885 -0.444624 1.972827 -0.242875 -0.421581 1.960822 0.236735 -0.501435 1.983524 0.008402 -0.204953 2.112950 0.007700 -0.257489 2.052250 -0.061765 -0.327490 2.031616 0.079647 -0.322971 2.030401 -0.028763 -0.698132 2.005316 0.085199 -0.690304 1.967206 0.001572 -1.038830 1.967911 0.090347 -1.030860 1.895488 -0.001151 -1.059477 1.890523 0.087624 -1.051507 1.818099 
-0.009862 0.317436 2.142314 -0.001133 0.144051 2.141087 -0.159885 0.019864 2.113559 0.154880 0.014322 2.097536 -0.225094 -0.217048 2.050410 0.214978 -0.235165 2.049499 -0.256583 -0.394580 2.049499 0.227651 -0.436446 1.931438 -0.249640 -0.405706 1.913598 0.236188 -0.492262 1.964191 0.011089 -0.200868 2.091878 0.011099 -0.253299 2.031185 -0.057066 -0.324013 2.005348 0.083438 -0.318215 2.014477 -0.037221 -0.684883 1.992217 0.083750 -0.674864 1.925945 -0.017857 -1.037000 1.966905 0.084049 -1.016652 1.828381 -0.020807 -1.057646 1.889525 0.081099 -1.037297 1.751001 
-0.011165 0.325091 2.110184 -0.005748 0.149692 2.111179 -0.160252 0.025601 2.086254 0.153961 0.018026 2.075043 -0.232949 -0.205563 2.017458 0.212620 -0.234903 2.025553 -0.255972 -0.382522 2.025553 0.225569 -0.436272 1.896062 -0.251319 -0.393885 1.881383 0.231083 -0.492920 1.943727 0.009825 -0.196208 2.067672 0.011290 -0.249688 2.007815 -0.056198 -0.321988 1.985449 0.084309 -0.312954 1.990599 -0.038793 -0.682713 1.985092 0.086123 -0.665683 1.889309 -0.021834 -1.034191 1.972239 0.087867 -1.004875 1.779241 -0.023608 -1.055120 1.894894 0.086092 -1.025804 1.701895 
-0.011731 0.326870 2.087170 -0.005795 0.154061 2.089358 -0.162216 0.032386 2.065228 0.150870 0.019231 2.045216 -0.234073 -0.196370 1.994734 0.211116 -0.230124 2.007303 -0.264240 -0.355264 2.007303 0.223918 -0.431942 1.849659 -0.254784 -0.372275 1.835022 0.227380 -0.457107 1.935678 0.008683 -0.192297 2.044723 0.008749 -0.245829 1.984843 -0.059442 -0.317747 1.960297 0.081760 -0.309420 1.969648 -0.042250 -0.682565 1.975737 0.084177 -0.649576 1.859281 -0.025981 -1.027799 1.977480 0.086615 -0.992581 1.735908 -0.029379 -1.048730 1.900127 0.083232 -1.015566 1.657966 
-0.016213 0.327694 2.057032 -0.006481 0.156974 2.065903 -0.162354 0.034867 2.037521 0.149370 0.024733 2.023054 -0.238656 -0.184642 1.966861 0.208703 -0.225320 1.983356 -0.262561 -0.350351 1.983356 0.225075 -0.427977 1.829034 -0.255487 -0.363872 1.811439 0.231451 -0.485803 1.913594 0.006601 -0.188767 2.022255 0.007206 -0.242253 1.962498 -0.060892 -0.314253 1.940400 0.079890 -0.305056 1.945345 -0.044522 -0.677659 1.960926 0.083679 -0.637219 1.833178 -0.028965 -1.022996 1.967609 0.087577 -0.978960 1.705948 -0.031327 -1.043950 1.890199 0.085312 -1.008414 1.625992 
-0.017648 0.328592 2.028756 -0.009298 0.157839 2.032762 -0.164251 0.033647 2.013965 0.147269 0.024416 1.994973 -0.240602 -0.179891 1.943776 0.208308 -0.224833 1.960130 -0.260893 -0.338499 1.960130 0.224931 -0.427974 1.796495 -0.262241 -0.392193 1.737752 0.229531 -0.453007 1.895817 0.006478 -0.185705 1.996178 0.006701 -0.239817 1.937494 -0.060537 -0.313292 1.915516 0.079262 -0.301501 1.922318 -0.047135 -0.674352 1.944680 0.091218 -0.638610 1.798792 -0.034303 -1.020036 1.959862 0.103231 -0.977338 1.662533 -0.037807 -1.041399 1.882533 0.099731 -0.998807 1.585170 
-0.016996 0.329682 2.003868 -0.012836 0.156512 2.012243 -0.165312 0.032499 1.987701 0.146888 0.026423 1.970043 -0.240424 -0.172603 1.919987 0.208780 -0.222426 1.935080 -0.261134 -0.328376 1.935080 0.226286 -0.425691 1.769591 -0.261463 -0.385130 1.713680 0.230138 -0.456427 1.873955 0.005151 -0.185749 1.972739 0.005994 -0.239075 1.913681 -0.060778 -0.313250 1.894313 0.079267 -0.299995 1.894604 -0.047484 -0.672396 1.927887 0.089963 -0.633440 1.786551 -0.034674 -1.018479 1.947573 0.100962 -0.976353 1.663584 -0.038045 -1.039677 1.870118 0.097828 -1.004964 1.584008 
-0.016451 0.327842 1.977760 -0.009453 0.158111 1.984019 -0.167343 0.031759 1.963462 0.145433 0.027725 1.938288 -0.238657 -0.173075 1.893606 0.208866 -0.221585 1.904863 -0.261671 -0.330006 1.904863 0.229424 -0.426270 1.745000 -0.263758 -0.381641 1.684163 0.231238 -0.457278 1.852308 0.009586 -0.185534 1.946416 0.009219 -0.239574 1.887733 -0.057201 -0.314578 1.864052 0.082012 -0.300295 1.873959 -0.047780 -0.670341 1.909844 0.093127 -0.626679 1.764387 -0.038626 -1.016052 1.941770 0.104776 -0.968758 1.637942 -0.043831 -1.037459 1.864396 0.100011 -1.003065 1.556738 
-0.016252 0.325550 1.950185 -0.009998 0.154556 1.952444 -0.166248 0.032716 1.938608 0.147869 0.024324 1.911865 -0.238107 -0.178107 1.862478 0.209867 -0.222620 1.879462 -0.260097 -0.334275 1.879462 0.228924 -0.425957 1.712889 -0.257020 -0.344581 1.699002 0.232203 -0.504608 1.808797 0.008998 -0.186947 1.919194 0.008545 -0.241178 1.861195 -0.058141 -0.316447 1.842164 0.081675 -0.302278 1.843675 -0.045837 -0.667137 1.888162 0.096250 -0.629677 1.740265 -0.033563 -1.016963 1.921794 0.111561 -0.973610 1.620053 -0.038865 -1.038622 1.844421 0.106834 -1.008185 1.539101 
-0.014328 0.327443 1.922564 -0.006988 0.155679 1.933230 -0.165239 0.031594 1.911895 0.151650 0.024070 1.885240 -0.236104 -0.181374 1.842371 0.211231 -0.226618 1.847357 -0.256697 -0.337315 1.847357 0.232605 -0.431459 1.692339 -0.260707 -0.393311 1.635031 0.238812 -0.510085 1.785544 0.008579 -0.185616 1.891731 0.007366 -0.238393 1.832256 -0.060998 -0.313476 1.809287 0.080334 -0.300501 1.815064 -0.047237 -0.665638 1.868041 0.098430 -0.625064 1.704217 -0.033817 -1.009079 1.912799 0.117478 -0.966710 1.575977 -0.039048 -1.030243 1.835190 0.112956 -1.000588 1.494524 
-0.012157 0.326852 1.890366 -0.007387 0.156198 1.894721 -0.162186 0.032206 1.879709 0.149731 0.024612 1.848341 -0.233642 -0.191986 1.810475 0.212418 -0.228348 1.816400 -0.254527 -0.355106 1.816400 0.234090 -0.432485 1.669014 -0.252629 -0.357510 1.661386 0.237447 -0.459947 1.768052 0.010137 -0.186671 1.858738 0.008481 -0.240761 1.800436 -0.058928 -0.315653 1.783497 0.080994 -0.300922 1.781676 -0.048347 -0.660149 1.840488 0.098082 -0.684528 1.661164 -0.037590 -1.010364 1.886402 0.111400 -0.983505 1.552203 -0.044003 -1.032516 1.809024 0.104971 -1.005095 1.474711 
-0.012204 0.326121 1.865939 -0.001795 0.158655 1.869774 -0.158253 0.032437 1.851192 0.150514 0.022896 1.816609 -0.229884 -0.196666 1.788930 0.217047 -0.227211 1.785465 -0.252830 -0.363298 1.785465 0.235492 -0.431953 1.652314 -0.247141 -0.365127 1.647836 0.238563 -0.457151 1.732981 0.012354 -0.186687 1.826210 0.009503 -0.240259 1.766425 -0.058290 -0.313920 1.750213 0.080729 -0.300285 1.743231 -0.046805 -0.651988 1.809454 0.093405 -0.683626 1.623489 -0.034938 -1.001302 1.858850 0.103296 -0.982754 1.515021 -0.041802 -1.028139 1.782430 0.096240 -1.003956 1.437401 
-0.007696 0.328869 1.834337 0.001168 0.160583 1.838677 -0.154554 0.032075 1.819067 0.152635 0.022785 1.781089 -0.225404 -0.205252 1.756793 0.219223 -0.220801 1.752767 -0.252133 -0.382692 1.752767 0.239082 -0.424930 1.637686 -0.261042 -0.441839 1.602216 0.244440 -0.449675 1.698564 0.013854 -0.185083 1.793290 0.010177 -0.238502 1.733645 -0.056979 -0.311956 1.717578 0.080245 -0.297984 1.710946 -0.041522 -0.642371 1.773730 0.097260 -0.684497 1.607056 -0.025183 -0.991643 1.821584 0.110553 -0.986486 1.510881 -0.032467 -1.025561 1.746600 0.102673 -1.007652 1.433240 
-0.006451 0.334272 1.804738 0.003378 0.164972 1.806813 -0.151313 0.036684 1.790205 0.153051 0.024560 1.745621 -0.221365 -0.206465 1.734275 0.223978 -0.215128 1.715245 -0.246088 -0.391154 1.715245 0.241416 -0.419824 1.628348 -0.246791 -0.441600 1.597331 0.246737 -0.459231 1.660621 0.016101 -0.182317 1.757127 0.011441 -0.235507 1.696634 -0.054682 -0.307712 1.682435 0.080085 -0.294875 1.670288 -0.037849 -0.638058 1.735256 0.106916 -0.681761 1.574047 -0.020027 -0.987811 1.779690 0.127913 -0.984519 1.483734 -0.028627 -1.021517 1.704592 0.118667 -1.005548 1.406122 
-0.000670 0.337459 1.781034 0.009047 0.172281 1.780914 -0.146719 0.040885 1.757338 0.154971 0.034072 1.713577 -0.217876 -0.206701 1.708469 0.224264 -0.204699 1.681034 -0.237329 -0.401100 1.681034 0.240895 -0.408439 1.624200 -0.241729 -0.453049 1.596196 0.247304 -0.452633 1.626216 0.016688 -0.177146 1.725122 0.010774 -0.229898 1.663694 -0.056405 -0.298385 1.646789 0.078261 -0.291037 1.638412 -0.036359 -0.689069 1.695365 0.105813 -0.678221 1.547484 -0.020650 -0.995221 1.718458 0.127403 -0.981629 1.461257 -0.030125 -1.016003 1.640719 0.117927 -1.002411 1.383518 
-0.000466 0.349374 1.744885 0.010008 0.181281 1.750980 -0.140888 0.050243 1.729667 0.152521 0.042050 1.681035 -0.213238 -0.201943 1.689537 0.227373 -0.196252 1.643238 -0.229305 -0.400159 1.643238 0.246315 -0.398839 1.616521 -0.236283 -0.454389 1.593940 0.253272 -0.477500 1.575256 0.017340 -0.170759 1.691229 0.010487 -0.223665 1.629441 -0.055127 -0.290686 1.617869 0.075941 -0.282945 1.599331 -0.036872 -0.683886 1.640709 0.104494 -0.675504 1.550774 -0.022545 -0.992479 1.643665 0.126902 -0.983594 1.497698 -0.033318 -1.013203 1.565993 0.116129 -1.004317 1.420026 
-0.002216 0.358723 1.722089 0.012589 0.191439 1.725107 -0.139003 0.057633 1.705508 0.150715 0.048651 1.649097 -0.208673 -0.196190 1.669187 0.226989 -0.188150 1.607391 -0.221699 -0.396628 1.607391 0.244710 -0.389905 1.604425 -0.229395 -0.451720 1.584463 0.250903 -0.435196 1.549054 0.018389 -0.163339 1.664295 0.009819 -0.216730 1.602428 -0.055146 -0.281663 1.590071 0.073896 -0.276872 1.573102 -0.033659 -0.675388 1.588727 0.099057 -0.669077 1.526468 -0.016775 -0.984779 1.572729 0.118829 -0.977274 1.474881 -0.029471 -1.005571 1.495282 0.106133 -0.998066 1.397433 
0.000459 0.366365 1.693672 0.011775 0.198029 1.694179 -0.137212 0.065141 1.679540 0.152130 0.056281 1.619717 -0.205635 -0.187671 1.651198 0.230455 -0.183692 1.569741 -0.217300 -0.389580 1.569741 0.241144 -0.383871 1.593655 -0.225603 -0.444907 1.574960 0.247667 -0.420587 1.496825 0.018464 -0.156115 1.637090 0.009406 -0.209977 1.576003 -0.055344 -0.276157 1.568278 0.073384 -0.269739 1.542936 -0.041196 -0.669054 1.534552 0.097901 -0.661805 1.503905 -0.030066 -0.978137 1.493107 0.117189 -0.970234 1.458285 -0.043641 -0.999134 1.415780 0.103614 -0.991231 1.380958 
0.002270 0.371801 1.669189 0.016364 0.205227 1.670827 -0.134662 0.068939 1.653509 0.152738 0.064212 1.591240 -0.205239 -0.180172 1.636620 0.228594 -0.175522 1.533816 -0.213902 -0.381676 1.533816 0.239153 -0.372595 1.578206 -0.221423 -0.437124 1.559989 0.246437 -0.427808 1.440310 0.020894 -0.151073 1.610553 0.010686 -0.204979 1.549003 -0.053983 -0.270416 1.541474 0.073540 -0.265100 1.515527 -0.049722 -0.661333 1.489355 0.097219 -0.657090 1.489689 -0.046367 -0.969205 1.433421 0.115869 -0.965808 1.454454 -0.060912 -0.990141 1.356170 0.101324 -0.986744 1.377202 
-0.000211 0.374140 1.636894 0.014048 0.209598 1.644282 -0.133195 0.074630 1.633334 0.152220 0.069667 1.565325 -0.204687 -0.174529 1.620125 0.227541 -0.172506 1.496205 -0.213133 -0.375137 1.496205 0.233606 -0.367874 1.559436 -0.219188 -0.431203 1.543121 0.236081 -0.421739 1.393881 0.017768 -0.145895 1.589028 0.006345 -0.200359 1.528541 -0.057888 -0.265524 1.524871 0.068157 -0.261332 1.492092 -0.055571 -0.652037 1.445969 0.089821 -0.652812 1.471639 -0.053745 -0.956744 1.368907 0.106900 -0.961436 1.440657 -0.069739 -0.977916 1.292065 0.090906 -0.982607 1.363814 
0.000894 0.379999 1.615802 0.012457 0.215895 1.618736 -0.132007 0.078520 1.610290 0.149458 0.078181 1.538953 -0.203615 -0.168848 1.600124 0.220908 -0.166586 1.459682 -0.214755 -0.370230 1.459682 0.229696 -0.357537 1.545169 -0.220575 -0.425022 1.525318 0.228895 -0.410997 1.346133 0.016842 -0.138847 1.563805 0.004519 -0.193263 1.503701 -0.059245 -0.257421 1.503233 0.065814 -0.254989 1.464921 -0.085942 -0.634355 1.388656 0.090370 -0.645590 1.455675 -0.107008 -0.931788 1.283413 0.109747 -0.953809 1.433547 -0.124332 -0.953019 1.206941 0.092423 -0.975039 1.357075 
