46
-0.163968 0.479186 2.794580 -0.134369 0.292422 2.767551 -0.285435 0.213970 2.738859 0.018080 0.206587 2.773872 -0.340700 -0.032087 2.776576 0.090565 -0.042708 2.759671 -0.393211 -0.286301 2.759671 0.115149 -0.289446 2.775470 -0.403173 -0.365332 2.764127 0.113919 -0.392018 2.632898 -0.133446 -0.048448 2.773346 -0.127050 -0.107785 2.722048 -0.194114 -0.177030 2.710702 -0.059192 -0.172866 2.712021 -0.221442 -0.593028 2.651269 -0.038854 -0.536931 2.721248 -0.227553 -0.944035 2.582012 -0.067238 -0.802038 2.738024 -0.218906 -0.972987 2.500232 -0.062672 -0.730732 2.718374 
-0.173982 0.474061 2.771444 -0.147223 0.287674 2.746794 -0.296772 0.220363 2.714253 0.000141 0.211995 2.744789 -0.353207 -0.027918 2.740402 0.078850 -0.034705 2.739281 -0.401032 -0.282420 2.739281 0.101848 -0.279878 2.747024 -0.408052 -0.361676 2.735374 0.100880 -0.382680 2.608606 -0.146329 -0.041135 2.746248 -0.140278 -0.096991 2.694194 -0.211090 -0.163107 2.670366 -0.067579 -0.163692 2.693706 -0.223363 -0.586630 2.637573 -0.036017 -0.526738 2.693489 -0.229366 -0.938801 2.575667 -0.069114 -0.794193 2.675735 -0.221579 -0.967079 2.493504 -0.137605 -0.821443 2.667650 
-0.167248 0.514568 2.761041 -0.167789 0.326135 2.711822 -0.313001 0.232476 2.693778 -0.010302 0.216857 2.723154 -0.362460 -0.016924 2.720538 0.064155 -0.031631 2.702910 -0.407625 -0.272386 2.702910 0.091316 -0.278773 2.711183 -0.427335 -0.412825 2.680482 0.087588 -0.376261 2.568329 -0.166367 -0.026621 2.719098 -0.160067 -0.088796 2.668563 -0.227316 -0.158307 2.653901 -0.090275 -0.154682 2.662963 -0.224657 -0.586056 2.624660 -0.054720 -0.519807 2.640552 -0.229903 -0.938826 2.566730 -0.063881 -0.787704 2.641701 -0.222379 -0.968106 2.484854 -0.085785 -0.763504 2.575080 
-0.195295 0.512624 2.727446 -0.175764 0.325045 2.701547 -0.318448 0.241283 2.679249 -0.014836 0.234023 2.713284 -0.373922 -0.008224 2.698342 0.054842 -0.015789 2.687091 -0.424951 -0.262044 2.687091 0.082588 -0.262196 2.670356 -0.434978 -0.403392 2.657968 0.079992 -0.361740 2.555318 -0.174911 -0.018616 2.702979 -0.168366 -0.077595 2.650920 -0.234332 -0.149840 2.643511 -0.099012 -0.140259 2.634831 -0.230250 -0.576556 2.606482 -0.059124 -0.516054 2.616742 -0.231802 -0.936473 2.564429 -0.067352 -0.784062 2.569634 -0.223372 -0.965140 2.482343 -0.140845 -0.778678 2.560517 
-0.195931 0.515552 2.723209 -0.184355 0.326816 2.680877 -0.334352 0.243060 2.649755 -0.012838 0.234720 2.707220 -0.383166 -0.010111 2.652655 0.054123 -0.012160 2.680815 -0.437219 -0.263554 2.680815 0.073905 -0.251191 2.630303 -0.447122 -0.388643 2.597314 0.072374 -0.351357 2.528168 -0.184266 -0.008510 2.681565 -0.174208 -0.066323 2.630449 -0.244577 -0.140447 2.621053 -0.099999 -0.135404 2.618607 -0.231466 -0.577101 2.587663 -0.067008 -0.505517 2.574867 -0.232616 -0.937096 2.562721 -0.059748 -0.773208 2.527070 -0.219112 -0.965769 2.481217 -0.124026 -0.747152 2.500340 
-0.203467 0.516362 2.685369 -0.189126 0.327850 2.657575 -0.343817 0.246971 2.637778 -0.037596 0.242587 2.650308 -0.398415 -0.003959 2.648412 0.042075 -0.002060 2.657185 -0.441016 -0.257333 2.657185 0.062407 -0.240295 2.601205 -0.456101 -0.388992 2.569621 0.064688 -0.378713 2.499477 -0.180094 -0.007311 2.664703 -0.175950 -0.066176 2.613670 -0.246121 -0.139009 2.605545 -0.101238 -0.134524 2.601221 -0.236184 -0.580483 2.568139 -0.066886 -0.499569 2.544013 -0.235292 -0.937203 2.556643 -0.088001 -0.758867 2.452878 -0.232473 -0.966238 2.474123 -0.132970 -0.699948 2.446465 
-0.228775 0.515918 2.663270 -0.190251 0.331084 2.640559 -0.352233 0.245272 2.613544 -0.061165 0.239880 2.605674 -0.405937 -0.005988 2.621838 0.034664 0.005557 2.635815 -0.448214 -0.254808 2.635815 0.059103 -0.234515 2.550735 -0.462668 -0.359379 2.526286 0.053942 -0.333105 2.484243 -0.181116 -0.008341 2.643223 -0.180730 -0.067725 2.591281 -0.249520 -0.137875 2.583270 -0.108748 -0.131870 2.579206 -0.243378 -0.579741 2.556873 -0.070674 -0.493735 2.509022 -0.236520 -0.939145 2.555917 -0.094375 -0.755027 2.428585 -0.238940 -0.967862 2.473225 -0.128308 -0.695684 2.399131 
-0.246469 0.516551 2.660005 -0.190543 0.335707 2.613907 -0.357573 0.261802 2.595824 -0.059107 0.240318 2.605082 -0.411131 0.009428 2.592921 0.028700 0.002342 2.614611 -0.450081 -0.242231 2.614611 0.053810 -0.237661 2.533432 -0.466306 -0.334467 2.479200 0.052700 -0.340143 2.473332 -0.189922 0.000773 2.621045 -0.187516 -0.058211 2.569844 -0.258406 -0.128033 2.559158 -0.115554 -0.125219 2.560760 -0.247613 -0.574601 2.538587 -0.080027 -0.488320 2.478477 -0.237157 -0.934917 2.551441 -0.108130 -0.739358 2.364457 -0.234457 -0.964005 2.468829 -0.133352 -0.670913 2.379511 
-0.256425 0.513391 2.637226 -0.200996 0.332251 2.589453 -0.354347 0.299746 2.557667 -0.062344 0.255892 2.589594 -0.408787 0.048338 2.562583 0.025676 0.014310 2.595505 -0.450499 -0.200796 2.595505 0.049157 -0.226054 2.492952 -0.477869 -0.352115 2.438302 0.047778 -0.329672 2.458582 -0.197322 0.001478 2.598630 -0.189544 -0.056926 2.548277 -0.257389 -0.123668 2.534867 -0.117933 -0.122638 2.542422 -0.264493 -0.568193 2.526814 -0.108896 -0.547295 2.410141 -0.237533 -0.928189 2.542966 -0.107603 -0.906812 2.437754 -0.227936 -0.957502 2.460840 -0.098006 -0.936124 2.355628 
-0.257421 0.516029 2.611404 -0.200554 0.334978 2.566903 -0.360597 0.271374 2.536920 -0.063629 0.255047 2.570781 -0.419274 0.019831 2.530333 0.021878 0.012139 2.573054 -0.460186 -0.230290 2.573054 0.045631 -0.230481 2.464625 -0.481099 -0.315104 2.401094 0.044213 -0.331247 2.434240 -0.197986 0.003280 2.574854 -0.190798 -0.055141 2.524443 -0.258553 -0.121712 2.513764 -0.119773 -0.121187 2.516610 -0.272976 -0.556991 2.513858 -0.115733 -0.537833 2.400943 -0.249320 -0.913732 2.527366 -0.122695 -0.859742 2.357084 -0.240380 -0.942996 2.445052 -0.113754 -0.889006 2.274769 
-0.252447 0.519712 2.581208 -0.214215 0.333641 2.536914 -0.358907 0.271868 2.513654 -0.066829 0.260891 2.543620 -0.423105 0.022168 2.512657 0.015506 0.017002 2.546693 -0.467275 -0.221797 2.546693 0.041439 -0.228766 2.425399 -0.489390 -0.333911 2.373381 0.040978 -0.329433 2.417978 -0.202982 0.007217 2.553642 -0.195176 -0.051511 2.504524 -0.260255 -0.117936 2.493770 -0.124418 -0.115953 2.498884 -0.277914 -0.550422 2.497386 -0.117358 -0.522006 2.376424 -0.247274 -0.910014 2.521010 -0.119463 -0.841801 2.292355 -0.239459 -0.939959 2.438735 -0.130224 -0.913144 2.311773 
-0.261610 0.517077 2.549937 -0.215508 0.332767 2.522650 -0.362470 0.298905 2.483893 -0.067184 0.262130 2.525194 -0.424942 0.048616 2.481036 0.013301 0.018139 2.532328 -0.468034 -0.198554 2.532328 0.039582 -0.227267 2.404541 -0.481564 -0.282884 2.338768 0.040796 -0.327931 2.402959 -0.208089 0.012148 2.529139 -0.198050 -0.042935 2.478561 -0.262383 -0.108190 2.459826 -0.127558 -0.109578 2.476846 -0.258354 -0.538716 2.450205 -0.123404 -0.514537 2.365320 -0.247593 -0.893337 2.509498 -0.130862 -0.809592 2.244070 -0.235768 -0.922323 2.427268 -0.119037 -0.838578 2.161839 
-0.246662 0.519089 2.520818 -0.219988 0.330689 2.490743 -0.366966 0.296712 2.466992 -0.075477 0.259007 2.486940 -0.428691 0.045817 2.458059 0.005978 0.015750 2.496806 -0.475683 -0.193805 2.496806 0.036453 -0.232624 2.359513 -0.490451 -0.334413 2.304057 0.035857 -0.331841 2.376050 -0.209561 0.013455 2.505264 -0.202724 -0.042701 2.455985 -0.265807 -0.108838 2.442175 -0.133587 -0.108481 2.452401 -0.255329 -0.516010 2.431323 -0.127361 -0.504307 2.348486 -0.262692 -0.865172 2.500824 -0.140883 -0.794892 2.208329 -0.256549 -0.894869 2.418144 -0.134741 -0.824589 2.125649 
-0.241473 0.514540 2.498493 -0.226662 0.325395 2.466180 -0.365767 0.277446 2.416687 -0.074101 0.230707 2.450385 -0.435031 0.030481 2.425748 0.005520 0.009744 2.478397 -0.480235 -0.214541 2.478397 0.036842 -0.237285 2.343450 -0.490496 -0.303118 2.283303 0.042501 -0.365561 2.354856 -0.216052 0.004660 2.474950 -0.206205 -0.051273 2.424823 -0.269467 -0.118035 2.409296 -0.135577 -0.116510 2.421827 -0.252791 -0.509126 2.411966 -0.127300 -0.498639 2.334286 -0.266799 -0.816937 2.470299 -0.150820 -0.782479 2.179028 -0.256470 -0.846137 2.387814 -0.140491 -0.811679 2.096542 
-0.235998 0.517278 2.469005 -0.226730 0.328666 2.442526 -0.370920 0.276595 2.411984 -0.076286 0.240535 2.440768 -0.436242 0.026636 2.398050 0.002933 0.005239 2.450969 -0.483463 -0.213135 2.450969 0.037430 -0.242799 2.300912 -0.497717 -0.335022 2.246398 0.044452 -0.371884 2.340369 -0.215398 0.007017 2.448813 -0.206694 -0.048727 2.398262 -0.270897 -0.116203 2.382375 -0.135330 -0.115195 2.393568 -0.258422 -0.517579 2.393999 -0.124588 -0.488550 2.313941 -0.271900 -0.773887 2.450549 -0.145071 -0.765136 2.156473 -0.263336 -0.802816 2.367944 -0.136507 -0.794065 2.073868 
-0.240471 0.516480 2.445698 -0.228159 0.328338 2.410969 -0.372265 0.284680 2.374978 -0.080383 0.253654 2.414549 -0.434502 0.034657 2.370270 -0.010762 0.004837 2.395251 -0.482410 -0.210859 2.395251 0.031304 -0.246517 2.292754 -0.494317 -0.299590 2.233222 0.047975 -0.373818 2.321025 -0.217342 0.008165 2.417701 -0.206846 -0.047229 2.367413 -0.269644 -0.113522 2.351808 -0.136598 -0.111955 2.363726 -0.269372 -0.573612 2.375103 -0.127689 -0.486464 2.279490 -0.340638 -0.768316 2.521516 -0.148828 -0.743022 2.137343 -0.334123 -0.840884 2.537963 -0.137564 -0.771961 2.055138 
-0.246587 0.513848 2.418887 -0.230954 0.326585 2.387300 -0.379725 0.270424 2.353882 -0.082659 0.249663 2.381767 -0.441505 0.020238 2.346834 -0.011516 0.002021 2.375329 -0.485347 -0.223208 2.375329 0.032761 -0.248903 2.259834 -0.500363 -0.334916 2.210614 0.045724 -0.375991 2.289057 -0.216377 0.006284 2.389208 -0.207609 -0.048302 2.337740 -0.270925 -0.115711 2.322261 -0.135867 -0.113608 2.330352 -0.240155 -0.510427 2.301364 -0.130213 -0.482617 2.249830 -0.293052 -0.738537 2.407555 -0.162283 -0.744807 2.104733 -0.238253 -0.747053 2.357671 -0.154586 -0.773226 2.022067 
-0.244246 0.516893 2.396665 -0.230887 0.330013 2.356773 -0.382389 0.259972 2.319312 -0.083061 0.248887 2.352818 -0.445039 0.010611 2.318334 -0.017900 -0.000892 2.333939 -0.485781 -0.234669 2.333939 0.029765 -0.252006 2.236114 -0.501466 -0.338175 2.186672 0.045524 -0.386209 2.268782 -0.217003 0.005919 2.355623 -0.207729 -0.049059 2.303721 -0.271786 -0.116861 2.289015 -0.135519 -0.114114 2.296091 -0.318231 -0.505392 2.313304 -0.136870 -0.477627 2.196077 -0.267810 -0.750410 2.383889 -0.164264 -0.739591 2.074493 -0.339912 -0.749126 2.365420 -0.155610 -0.767764 1.992024 
-0.246472 0.513181 2.364182 -0.226510 0.327404 2.329200 -0.383591 0.259628 2.295276 -0.083003 0.255029 2.324361 -0.444844 0.009687 2.290508 -0.016988 0.005690 2.309271 -0.486669 -0.236887 2.309271 0.027164 -0.244439 2.214105 -0.500625 -0.347411 2.166541 0.041349 -0.348179 2.227197 -0.222284 0.008639 2.318435 -0.216475 -0.043241 2.264163 -0.284172 -0.110111 2.247684 -0.146705 -0.108744 2.250281 -0.317723 -0.491853 2.272459 -0.141417 -0.477314 2.162350 -0.294417 -0.742294 2.337868 -0.164889 -0.732722 2.046547 -0.287225 -0.769600 2.255176 -0.157698 -0.760028 1.963855 
-0.247934 0.529835 2.331878 -0.230603 0.343691 2.290508 -0.385215 0.255809 2.262726 -0.081596 0.252637 2.289843 -0.445845 0.006319 2.263599 -0.015327 0.003366 2.272042 -0.488960 -0.242878 2.272042 0.028859 -0.246828 2.199855 -0.504881 -0.348022 2.154821 0.047108 -0.362425 2.194144 -0.221947 0.014417 2.283970 -0.215397 -0.040706 2.231063 -0.282939 -0.109049 2.216494 -0.143241 -0.106452 2.221225 -0.325279 -0.467782 2.219859 -0.141397 -0.467507 2.117724 -0.299501 -0.724799 2.262022 -0.175671 -0.731635 2.020525 -0.292963 -0.752611 2.179381 -0.169132 -0.759447 1.937884 
-0.246389 0.533934 2.305963 -0.228533 0.347677 2.270870 -0.380958 0.257376 2.232697 -0.079847 0.260089 2.263891 -0.444254 0.009551 2.241264 -0.012119 0.011277 2.245216 -0.487710 -0.239905 2.245216 0.025571 -0.237659 2.179553 -0.506558 -0.346132 2.147029 0.044364 -0.354281 2.145703 -0.220445 0.015610 2.253054 -0.213365 -0.038590 2.197852 -0.280294 -0.105647 2.176095 -0.141345 -0.104069 2.189019 -0.323212 -0.466275 2.181816 -0.148611 -0.472199 2.081336 -0.295090 -0.729115 2.189428 -0.186862 -0.817474 1.971094 -0.287796 -0.756096 2.106755 -0.179568 -0.844455 1.888421 
-0.247205 0.560871 2.278885 -0.226720 0.375233 2.228391 -0.374993 0.276760 2.191649 -0.078235 0.277750 2.230251 -0.436925 0.028707 2.200214 -0.007320 0.029964 2.212349 -0.485160 -0.223052 2.212349 0.025035 -0.217583 2.159997 -0.504223 -0.347523 2.135925 0.029959 -0.320821 2.106903 -0.224871 0.028904 2.217170 -0.217290 -0.029332 2.163409 -0.283397 -0.095990 2.148683 -0.147931 -0.094443 2.151895 -0.322832 -0.468689 2.131688 -0.147335 -0.477363 2.053771 -0.309126 -0.731099 2.146679 -0.184205 -0.814444 1.967576 -0.299679 -0.758850 2.064428 -0.174758 -0.842195 1.885324 
-0.247677 0.565534 2.244568 -0.226211 0.379465 2.209569 -0.371341 0.273261 2.169375 -0.077116 0.279102 2.199538 -0.438012 0.028153 2.188026 -0.012803 0.029719 2.166197 -0.485683 -0.223058 2.166197 0.026218 -0.217514 2.143447 -0.502184 -0.341533 2.113827 0.032960 -0.337218 2.051969 -0.222046 0.030010 2.187907 -0.215816 -0.027757 2.132038 -0.282396 -0.092489 2.113086 -0.145951 -0.092511 2.122617 -0.324534 -0.480708 2.085999 -0.154423 -0.480217 2.038096 -0.307620 -0.744713 2.076673 -0.184520 -0.813667 1.945475 -0.330946 -0.677805 2.098885 -0.177486 -0.840708 1.862702 
-0.248537 0.573609 2.226966 -0.221858 0.388446 2.178715 -0.369829 0.274573 2.136172 -0.076853 0.281720 2.164942 -0.435887 0.029382 2.154428 -0.015504 0.031744 2.131397 -0.484351 -0.221924 2.131397 0.020553 -0.213571 2.113099 -0.501998 -0.337941 2.100171 0.033249 -0.329215 2.010660 -0.221141 0.031684 2.160877 -0.215824 -0.028227 2.105638 -0.282841 -0.091759 2.092484 -0.146803 -0.094006 2.091636 -0.326341 -0.487242 2.046509 -0.158887 -0.480345 2.016890 -0.306694 -0.751523 2.018548 -0.189000 -0.817715 1.929852 -0.326638 -0.684100 2.042533 -0.182331 -0.845134 1.847134 
-0.245335 0.581352 2.185864 -0.220536 0.395628 2.154753 -0.369595 0.278143 2.115859 -0.074522 0.281612 2.137966 -0.437332 0.034069 2.136950 -0.016600 0.031876 2.090048 -0.485849 -0.216623 2.090048 0.017946 -0.213315 2.091799 -0.501851 -0.327382 2.072218 0.028290 -0.310280 1.961878 -0.222039 0.037878 2.134354 -0.218387 -0.022063 2.078768 -0.286288 -0.085504 2.063287 -0.149830 -0.088607 2.066715 -0.325510 -0.483973 1.999756 -0.166979 -0.487257 1.994127 -0.331810 -0.748655 1.987932 -0.181117 -0.816871 1.929344 -0.348327 -0.683868 2.020394 -0.176051 -0.844143 1.846421 
-0.246254 0.589887 2.165908 -0.221305 0.404084 2.122073 -0.371314 0.282601 2.087393 -0.076199 0.282674 2.104717 -0.438133 0.038531 2.109297 -0.004908 0.035893 2.064883 -0.489093 -0.212667 2.064883 0.012680 -0.207643 2.074023 -0.503596 -0.316613 2.048978 0.021710 -0.296089 1.921123 -0.222647 0.042147 2.107433 -0.219688 -0.019477 2.052595 -0.287406 -0.083902 2.039800 -0.151461 -0.085313 2.039898 -0.327549 -0.483701 1.963665 -0.165116 -0.485792 1.981369 -0.267677 -0.738607 1.980581 -0.182490 -0.816753 1.930854 -0.263656 -0.766377 1.897499 -0.178469 -0.844523 1.847772 
-0.247105 0.594112 2.139574 -0.222410 0.408045 2.100828 -0.374515 0.284694 2.068922 -0.074705 0.287256 2.084682 -0.441633 0.040820 2.091000 -0.004661 0.040367 2.042205 -0.493434 -0.209301 2.042205 0.007906 -0.197742 2.047886 -0.504077 -0.298419 2.013671 0.014902 -0.284920 1.875952 -0.223741 0.046041 2.082311 -0.221219 -0.015138 2.026941 -0.290171 -0.079700 2.013808 -0.151887 -0.083112 2.012793 -0.324053 -0.482091 1.924387 -0.163541 -0.483768 1.962814 -0.328039 -0.800060 1.994802 -0.195198 -0.814884 1.936457 -0.324633 -0.827583 1.911552 -0.191793 -0.842406 1.853208 
-0.233986 0.599854 2.107929 -0.223816 0.412326 2.070091 -0.377411 0.308743 2.033227 -0.078445 0.293079 2.048775 -0.440105 0.065552 2.063696 -0.005115 0.047185 2.007165 -0.492416 -0.184267 2.007165 0.007576 -0.183872 2.019789 -0.504270 -0.293989 1.989798 0.008425 -0.277673 1.831921 -0.228409 0.053937 2.059443 -0.225877 -0.007655 2.005172 -0.294860 -0.070868 1.994432 -0.157408 -0.077128 1.990939 -0.331563 -0.477808 1.894677 -0.159862 -0.478846 1.948746 -0.346344 -0.793479 1.839106 -0.199410 -0.808711 1.930281 -0.342079 -0.821530 1.756024 -0.195145 -0.836762 1.847199 
-0.238739 0.606374 2.089604 -0.228832 0.418933 2.043967 -0.379788 0.313225 2.016229 -0.084027 0.304582 2.025114 -0.449548 0.072711 2.049312 -0.012863 0.059566 1.969266 -0.495318 -0.177341 1.969266 0.001663 -0.175794 1.998724 -0.508226 -0.287999 1.963615 0.006704 -0.268672 1.805225 -0.231777 0.060768 2.035341 -0.230379 -0.001097 1.981660 -0.299511 -0.062889 1.968784 -0.161659 -0.070804 1.970886 -0.333806 -0.460426 1.854944 -0.157128 -0.471982 1.934245 -0.347141 -0.781015 1.788606 -0.205539 -0.801207 1.921520 -0.344933 -0.809206 1.705452 -0.203331 -0.829397 1.838366 
-0.244420 0.607819 2.053837 -0.229143 0.420481 2.018560 -0.383358 0.318044 1.991169 -0.085371 0.306235 1.999165 -0.444918 0.073515 2.015624 -0.015403 0.060892 1.944040 -0.496890 -0.176052 1.944040 -0.004279 -0.164180 1.970986 -0.513558 -0.281353 1.928408 -0.003675 -0.257381 1.754436 -0.233790 0.065129 2.010187 -0.232849 0.003945 1.956401 -0.302907 -0.060204 1.949821 -0.163675 -0.063835 1.938171 -0.335296 -0.456464 1.835381 -0.159040 -0.467810 1.920783 -0.362703 -0.763796 1.708901 -0.203263 -0.794986 1.919654 -0.360603 -0.791900 1.625911 -0.201163 -0.823090 1.836664 
-0.240722 0.604427 2.022494 -0.231388 0.416655 1.989147 -0.386506 0.316894 1.963872 -0.090706 0.306061 1.964619 -0.446467 0.072803 1.991740 -0.019435 0.060991 1.911368 -0.501621 -0.175548 1.911368 -0.007696 -0.163740 1.944056 -0.519087 -0.283909 1.907504 -0.007381 -0.251896 1.732622 -0.239593 0.066291 1.983836 -0.240734 0.005751 1.930479 -0.312113 -0.057129 1.923216 -0.172151 -0.062917 1.914632 -0.336737 -0.451877 1.808322 -0.159737 -0.465733 1.903831 -0.357441 -0.758795 1.673447 -0.200451 -0.793016 1.916333 -0.357295 -0.787047 1.590442 -0.200305 -0.821268 1.833328 
-0.244878 0.604362 2.003018 -0.232234 0.416743 1.961768 -0.385767 0.318985 1.936192 -0.090919 0.304338 1.941699 -0.448672 0.073812 1.953760 -0.021941 0.059097 1.885897 -0.503558 -0.176104 1.885897 -0.012174 -0.161438 1.921347 -0.524427 -0.281278 1.885377 -0.015895 -0.243519 1.689862 -0.245002 0.064948 1.957992 -0.246036 0.003821 1.905056 -0.317426 -0.059529 1.899017 -0.178904 -0.064013 1.889142 -0.338808 -0.451057 1.791079 -0.162650 -0.466413 1.884819 -0.354705 -0.759733 1.646543 -0.207490 -0.792632 1.901608 -0.353140 -0.788178 1.563597 -0.205925 -0.821077 1.818662 
-0.260828 0.609645 1.969627 -0.239056 0.422735 1.931092 -0.390370 0.323173 1.907750 -0.090782 0.311183 1.918504 -0.449628 0.078942 1.934495 -0.029365 0.065307 1.853814 -0.506363 -0.170065 1.853814 -0.017796 -0.156499 1.897469 -0.527376 -0.285951 1.863520 -0.020364 -0.244802 1.672054 -0.249097 0.069246 1.927665 -0.248770 0.007689 1.874763 -0.320296 -0.058945 1.870960 -0.180329 -0.059078 1.855815 -0.341426 -0.448685 1.773454 -0.163864 -0.478904 1.866217 -0.345397 -0.755588 1.613812 -0.204102 -0.784897 1.901189 -0.342617 -0.784115 1.530878 -0.201322 -0.813424 1.818255 
-0.256870 0.608694 1.943947 -0.243072 0.420955 1.907039 -0.393637 0.324195 1.877603 -0.099541 0.301178 1.872124 -0.453283 0.080577 1.906175 -0.029505 0.055099 1.830060 -0.511095 -0.168639 1.830060 -0.021850 -0.164442 1.876012 -0.532549 -0.287789 1.849055 -0.027135 -0.249792 1.641181 -0.251337 0.062944 1.900008 -0.253272 0.000912 1.846396 -0.325394 -0.064244 1.836876 -0.184171 -0.065455 1.833445 -0.344291 -0.449539 1.754993 -0.165222 -0.484106 1.847201 -0.345875 -0.762250 1.591125 -0.209804 -0.787220 1.896289 -0.346813 -0.790490 1.508016 -0.210742 -0.815460 1.813180 
-0.257206 0.607268 1.915789 -0.250492 0.419094 1.876614 -0.394648 0.319903 1.846961 -0.102582 0.302242 1.855924 -0.457376 0.077911 1.878671 -0.038081 0.056612 1.796504 -0.515920 -0.171245 1.796504 -0.026434 -0.167403 1.852443 -0.540149 -0.298980 1.822086 -0.032041 -0.257442 1.616582 -0.257308 0.057706 1.867491 -0.256365 -0.004787 1.813540 -0.326549 -0.067168 1.807332 -0.188005 -0.071966 1.796947 -0.345132 -0.448011 1.730408 -0.171842 -0.493407 1.822080 -0.359407 -0.756643 1.548445 -0.216630 -0.791913 1.875121 -0.356715 -0.784839 1.465329 -0.213938 -0.820109 1.792005 
-0.256411 0.603445 1.889077 -0.254620 0.415129 1.848737 -0.397939 0.315797 1.813515 -0.107779 0.300798 1.824502 -0.461563 0.075374 1.850053 -0.041154 0.054720 1.774672 -0.521659 -0.173561 1.774672 -0.031260 -0.169571 1.831277 -0.544225 -0.303492 1.807240 -0.034910 -0.264785 1.594476 -0.258533 0.055827 1.835855 -0.256645 -0.005532 1.781243 -0.325077 -0.067954 1.761885 -0.188443 -0.071768 1.773774 -0.354008 -0.439670 1.686728 -0.177091 -0.497662 1.795013 -0.331589 -0.769268 1.530869 -0.222820 -0.791730 1.848850 -0.328414 -0.797163 1.447643 -0.219645 -0.819624 1.765624 
-0.258694 0.602258 1.854488 -0.260962 0.413880 1.817852 -0.403739 0.315802 1.786913 -0.112919 0.296998 1.794612 -0.470590 0.075444 1.819583 -0.051916 0.050842 1.734635 -0.528993 -0.173827 1.734635 -0.034158 -0.180518 1.805841 -0.551571 -0.318130 1.784491 -0.035223 -0.268433 1.576811 -0.263822 0.050937 1.803243 -0.262234 -0.011031 1.748351 -0.330563 -0.072741 1.740015 -0.193587 -0.078090 1.731419 -0.357614 -0.447004 1.645267 -0.181452 -0.497936 1.765038 -0.331376 -0.766386 1.480644 -0.245452 -0.793141 1.820084 -0.328886 -0.794205 1.397342 -0.242962 -0.820959 1.736782 
-0.256323 0.602234 1.825756 -0.266772 0.414063 1.788463 -0.418744 0.307718 1.751753 -0.123519 0.305937 1.766473 -0.480262 0.066529 1.786374 -0.058849 0.060044 1.712486 -0.533978 -0.183684 1.712486 -0.037788 -0.174103 1.772326 -0.557987 -0.320932 1.765738 -0.039558 -0.279373 1.552110 -0.267693 0.053974 1.770124 -0.265039 -0.006687 1.714551 -0.332834 -0.070634 1.704703 -0.196517 -0.072493 1.697417 -0.363126 -0.446093 1.606673 -0.189079 -0.506572 1.730583 -0.313513 -0.770403 1.467237 -0.270885 -0.790908 1.749147 -0.310081 -0.797938 1.383838 -0.267453 -0.818443 1.665749 
-0.269292 0.605351 1.792812 -0.275913 0.416992 1.757807 -0.423450 0.309064 1.720978 -0.135309 0.314788 1.734585 -0.489126 0.069464 1.756898 -0.079163 0.068829 1.667659 -0.540094 -0.181029 1.667659 -0.043418 -0.174442 1.752751 -0.563462 -0.322834 1.739358 -0.040478 -0.282883 1.540542 -0.273407 0.056451 1.737451 -0.270520 -0.004037 1.681600 -0.336793 -0.066720 1.671973 -0.202512 -0.068565 1.664682 -0.369568 -0.434764 1.573280 -0.196611 -0.512177 1.687761 -0.289530 -0.762498 1.444351 -0.286026 -0.785413 1.708433 -0.286733 -0.789897 1.360865 -0.283229 -0.812813 1.624947 
-0.283171 0.609174 1.763890 -0.287165 0.420681 1.724674 -0.428062 0.308410 1.688111 -0.141668 0.320167 1.706547 -0.504074 0.074927 1.734375 -0.085168 0.073188 1.647557 -0.551126 -0.176296 1.647557 -0.051134 -0.169587 1.716490 -0.569133 -0.312757 1.705179 -0.043520 -0.279946 1.523707 -0.282647 0.058855 1.702461 -0.278700 -0.001626 1.646260 -0.343958 -0.063691 1.634775 -0.210893 -0.065531 1.630429 -0.379818 -0.434169 1.530871 -0.205557 -0.503838 1.631138 -0.245508 -0.751131 1.469568 -0.135626 -0.765599 1.730412 -0.241739 -0.778437 1.386062 -0.131857 -0.792906 1.646906 
-0.281534 0.615575 1.739955 -0.297560 0.427801 1.695644 -0.438904 0.318768 1.654727 -0.151502 0.324972 1.675158 -0.509806 0.083380 1.699461 -0.094562 0.078173 1.616629 -0.556117 -0.167891 1.616629 -0.055429 -0.164420 1.687788 -0.577281 -0.305826 1.674689 -0.047693 -0.272538 1.503393 -0.289419 0.068695 1.669805 -0.284139 0.009498 1.612995 -0.348433 -0.051290 1.592456 -0.215568 -0.055564 1.603805 -0.377278 -0.433385 1.515901 -0.212854 -0.481949 1.576504 -0.257786 -0.743409 1.406630 -0.126460 -0.748306 1.681879 -0.253194 -0.770452 1.323058 -0.121868 -0.775348 1.598307 
-0.265918 0.621991 1.714445 -0.306110 0.437916 1.667884 -0.448636 0.321444 1.624393 -0.159172 0.325813 1.643994 -0.447447 0.085244 1.537425 -0.097749 0.079341 1.592645 -0.543374 -0.134959 1.592645 -0.058471 -0.162550 1.611506 -0.583514 -0.300314 1.642511 -0.052588 -0.267852 1.479954 -0.296811 0.075970 1.642111 -0.291421 0.016062 1.585380 -0.354935 -0.046992 1.569344 -0.223296 -0.047862 1.572780 -0.375591 -0.433923 1.492247 -0.226517 -0.466363 1.519617 -0.150123 -0.677131 1.476044 -0.116924 -0.729332 1.626464 -0.145672 -0.704221 1.392461 -0.112473 -0.756422 1.542881 
-0.266943 0.627856 1.691720 -0.314677 0.445974 1.638334 -0.454717 0.324169 1.587895 -0.164156 0.329130 1.617435 -0.447805 0.075793 1.504301 -0.102896 0.082438 1.568608 -0.552150 -0.137338 1.568608 -0.062404 -0.158237 1.585779 -0.591632 -0.290407 1.595444 -0.057521 -0.257564 1.450262 -0.305098 0.082435 1.616377 -0.297848 0.021665 1.560352 -0.362524 -0.041034 1.541992 -0.228236 -0.043134 1.551147 -0.376177 -0.429398 1.472534 -0.224013 -0.432111 1.475403 -0.153546 -0.672512 1.485471 -0.167953 -0.757599 1.522604 -0.146462 -0.699900 1.402095 -0.160869 -0.784987 1.439228 
-0.267118 0.631089 1.668184 -0.321820 0.451330 1.612266 -0.460996 0.329878 1.563635 -0.169436 0.331353 1.593341 -0.462348 0.079558 1.488851 -0.106915 0.084962 1.545396 -0.567235 -0.142573 1.545396 -0.067079 -0.153540 1.545455 -0.602396 -0.281639 1.556387 -0.062176 -0.249516 1.420885 -0.315912 0.088122 1.591272 -0.309229 0.027216 1.535415 -0.374863 -0.035794 1.516271 -0.239768 -0.038330 1.527452 -0.377007 -0.420957 1.451633 -0.228011 -0.414646 1.440911 -0.149604 -0.611933 1.277904 -0.155278 -0.751874 1.460594 -0.142290 -0.639427 1.194498 -0.147964 -0.779368 1.377189 
-0.263676 0.633507 1.637325 -0.327727 0.456638 1.582882 -0.469183 0.350447 1.532253 -0.173594 0.333653 1.566903 -0.459337 0.110197 1.453833 -0.111583 0.086184 1.519605 -0.566055 -0.114854 1.519605 -0.072230 -0.152402 1.500703 -0.613115 -0.260949 1.507422 -0.068657 -0.234842 1.385206 -0.322304 0.097015 1.568316 -0.314206 0.035932 1.513592 -0.380488 -0.027360 1.493575 -0.243731 -0.031431 1.508234 -0.374312 -0.412537 1.425852 -0.229498 -0.397786 1.403210 -0.151050 -0.563538 1.212260 -0.135896 -0.734803 1.415545 -0.141577 -0.591466 1.129125 -0.126423 -0.762731 1.332409 
-0.261187 0.630541 1.615610 -0.333253 0.457189 1.556786 -0.473913 0.344878 1.507407 -0.180576 0.336937 1.538889 -0.510244 0.093064 1.472173 -0.115783 0.088882 1.497448 -0.595865 -0.148966 1.497448 -0.076678 -0.142051 1.469035 -0.620093 -0.248782 1.463171 -0.073697 -0.224627 1.361626 -0.324987 0.101108 1.542030 -0.317149 0.040944 1.487319 -0.383104 -0.023927 1.472250 -0.246116 -0.023513 1.475943 -0.370969 -0.396637 1.403097 -0.228641 -0.382885 1.358310 -0.157466 -0.549605 1.169782 -0.118983 -0.711366 1.394809 -0.149206 -0.577446 1.086453 -0.110723 -0.739207 1.311481 
