9
0.328601 0.472616 3.268440 0.367403 0.266880 3.285403 0.181907 0.165100 3.332084 0.522563 0.148993 3.237173 0.132802 -0.116455 3.328322 0.603805 -0.127049 3.198836 0.112228 -0.337162 3.198836 0.591151 -0.356104 3.221645 0.109041 -0.403573 3.182450 0.573153 -0.447987 3.073844 0.363227 -0.089097 3.283772 0.346731 -0.148453 3.230844 0.266326 -0.223169 3.238806 0.418808 -0.229417 3.195290 0.222840 -0.731354 3.093514 0.451667 -0.773168 3.243240 0.234609 -1.086946 3.025271 0.429109 -1.124382 3.238924 0.212070 -1.139697 2.966000 0.425306 -1.179989 3.173740 
0.318705 0.476905 3.237087 0.358097 0.269942 3.250468 0.173066 0.167187 3.297521 0.515552 0.153370 3.205748 0.125264 -0.114844 3.294199 0.597113 -0.123572 3.168335 0.105060 -0.337115 3.168335 0.584564 -0.353687 3.191493 0.102555 -0.406740 3.153028 0.567499 -0.443044 3.049878 0.355486 -0.085863 3.253014 0.339620 -0.145799 3.201148 0.259240 -0.221365 3.210145 0.412468 -0.226901 3.166449 0.221657 -0.724858 3.061201 0.448638 -0.772249 3.231152 0.232444 -1.077791 2.978753 0.429136 -1.124404 3.238877 0.213006 -1.127398 2.914951 0.425332 -1.180090 3.173975 
0.302865 0.483276 3.189780 0.342922 0.275936 3.201807 0.157615 0.171364 3.245200 0.503438 0.160252 3.159187 0.111259 -0.110237 3.235744 0.585791 -0.116984 3.122960 0.091065 -0.332295 3.122960 0.575039 -0.347932 3.129448 0.089054 -0.405282 3.089779 0.558394 -0.434362 3.010021 0.341901 -0.079850 3.205603 0.326932 -0.140246 3.154137 0.246361 -0.217302 3.163031 0.400944 -0.221113 3.120162 0.218734 -0.717814 3.021714 0.438202 -0.761983 3.175412 0.230193 -1.069320 2.936091 0.428837 -1.119602 3.228304 0.213570 -1.115944 2.868112 0.424239 -1.172797 3.161054 
0.285483 0.490278 3.136735 0.325130 0.283047 3.146253 0.140771 0.176399 3.186914 0.490856 0.167982 3.111965 0.094387 -0.104404 3.166085 0.573762 -0.109825 3.076270 0.074390 -0.325249 3.076270 0.564603 -0.340642 3.053229 0.072532 -0.400241 3.010345 0.547797 -0.423694 2.961871 0.326562 -0.072432 3.153121 0.313194 -0.133455 3.102523 0.232532 -0.212051 3.110619 0.388876 -0.214154 3.071163 0.216379 -0.711603 2.983807 0.424279 -0.746128 3.096046 0.228200 -1.061903 2.898423 0.426580 -1.110622 3.198750 0.214377 -1.105946 2.826851 0.421262 -1.160379 3.127837 
0.260045 0.504367 2.977397 0.292202 0.295913 2.984615 0.109322 0.188626 3.015541 0.464358 0.180595 2.965205 0.060104 -0.088257 2.984487 0.545985 -0.097744 2.940072 0.040754 -0.309610 2.940072 0.542766 -0.329559 2.871520 0.038289 -0.388723 2.822654 0.527914 -0.412517 2.830196 0.293998 -0.057903 2.994775 0.283091 -0.119383 2.944245 0.201115 -0.199640 2.946718 0.361213 -0.199257 2.920036 0.205206 -0.704828 2.903930 0.368700 -0.685938 2.798572 0.225354 -1.055472 2.857618 0.399763 -1.090496 3.016779 0.214361 -1.097003 2.782403 0.393946 -1.139641 2.940085 
0.236178 0.523222 2.793033 0.262903 0.314177 2.800297 0.081353 0.207713 2.824989 0.437804 0.198682 2.786139 0.027978 -0.067724 2.795155 0.516336 -0.079577 2.764126 0.006205 -0.289753 2.764126 0.514855 -0.311319 2.684182 0.004798 -0.371650 2.641857 0.500462 -0.391888 2.653439 0.263000 -0.038390 2.809961 0.253446 -0.100048 2.758616 0.170456 -0.180589 2.757907 0.332542 -0.179552 2.737561 0.175662 -0.676467 2.726698 0.341828 -0.654879 2.634082 0.215676 -1.033693 2.780860 0.375730 -1.072564 2.852077 0.207106 -1.071605 2.700965 0.369212 -1.121221 2.772879 
0.212241 0.541717 2.615378 0.236388 0.333033 2.623603 0.056075 0.226123 2.646762 0.412426 0.218290 2.608481 -0.001060 -0.047725 2.619144 0.488578 -0.057443 2.576878 -0.024468 -0.269100 2.576878 0.485230 -0.286555 2.505514 -0.024239 -0.350371 2.461926 0.469858 -0.363134 2.452607 0.235728 -0.018777 2.634002 0.226857 -0.080706 2.582203 0.143454 -0.161569 2.581092 0.306437 -0.159798 2.562175 0.140802 -0.633593 2.508744 0.314498 -0.620220 2.459223 0.202787 -1.015325 2.680934 0.353692 -1.054913 2.713312 0.196165 -1.050334 2.599022 0.345902 -1.103099 2.632952 
0.192386 0.556652 2.472687 0.215273 0.347890 2.483449 0.035820 0.241104 2.504738 0.391699 0.233944 2.465501 -0.023328 -0.031939 2.480863 0.467290 -0.039365 2.426580 -0.048098 -0.252648 2.426580 0.460950 -0.266038 2.364993 -0.047061 -0.333365 2.321252 0.444756 -0.339492 2.288476 0.214025 -0.003232 2.493786 0.205603 -0.065304 2.441552 0.122127 -0.146472 2.440997 0.285207 -0.143918 2.420828 0.113903 -0.599489 2.338072 0.293414 -0.592947 2.322504 0.186553 -0.998609 2.569901 0.333580 -1.038809 2.591414 0.181885 -1.031934 2.488444 0.324484 -1.086600 2.510303 
0.175652 0.568836 2.353985 0.198096 0.360193 2.366195 0.019036 0.253356 2.387947 0.374637 0.246690 2.346464 -0.041577 -0.019148 2.364101 0.449851 -0.024035 2.301750 -0.066950 -0.239673 2.301750 0.441386 -0.248871 2.247659 -0.065565 -0.320868 2.205142 0.423714 -0.319200 2.151884 0.196155 0.009731 2.376877 0.187940 -0.052458 2.324409 0.104231 -0.133795 2.323909 0.267614 -0.130864 2.303775 0.092247 -0.571895 2.199531 0.276185 -0.570721 2.211398 0.169571 -0.982854 2.451167 0.315961 -1.024285 2.485672 0.166444 -1.015818 2.370258 0.305649 -1.071790 2.404063 
