60
-0.548582 0.708418 3.446016 -0.546209 0.499736 3.459516 -0.711429 0.361004 3.428355 -0.371869 0.383207 3.507255 -0.783602 0.092501 3.414488 -0.311143 0.090952 3.474759 -0.786759 -0.142971 3.474759 -0.276551 -0.135274 3.319514 -0.775117 -0.221077 3.283049 -0.272488 -0.225028 3.356466 -0.540125 0.115551 3.478167 -0.524717 0.047946 3.423320 -0.597541 -0.029831 3.395479 -0.445186 -0.028066 3.432376 -0.645094 -0.527968 3.305061 -0.422313 -0.549131 3.542123 -0.658077 -0.882510 3.183243 -0.431971 -0.907963 3.566181 -0.678554 -0.923233 3.072047 -0.410951 -0.969627 3.504230 
-0.559604 0.708007 3.417593 -0.557122 0.499571 3.429698 -0.722431 0.359890 3.397468 -0.383006 0.383712 3.478488 -0.791461 0.091853 3.381763 -0.320508 0.091267 3.449055 -0.792930 -0.142316 3.449055 -0.285973 -0.135516 3.286618 -0.781745 -0.220472 3.251268 -0.281689 -0.223602 3.331273 -0.549288 0.115828 3.449335 -0.533418 0.048096 3.394914 -0.605848 -0.029992 3.367186 -0.453488 -0.027746 3.404469 -0.648262 -0.528145 3.280137 -0.426480 -0.547099 3.517800 -0.658145 -0.882260 3.158273 -0.432662 -0.906669 3.562409 -0.677104 -0.921765 3.044944 -0.411141 -0.969299 3.503436 
-0.571153 0.707874 3.390230 -0.569054 0.499653 3.400254 -0.733234 0.359038 3.368228 -0.393695 0.384280 3.451870 -0.799412 0.091492 3.349522 -0.330011 0.091639 3.424587 -0.798824 -0.141788 3.424587 -0.295017 -0.135692 3.255497 -0.788699 -0.218945 3.217487 -0.290691 -0.222030 3.307332 -0.558848 0.116240 3.421271 -0.542338 0.048375 3.367364 -0.614336 -0.029936 3.339740 -0.461856 -0.027369 3.377559 -0.651556 -0.528036 3.256761 -0.431093 -0.544735 3.490634 -0.658189 -0.882026 3.136127 -0.433269 -0.905373 3.557906 -0.675786 -0.920327 3.020843 -0.411261 -0.968950 3.502339 
-0.584704 0.707676 3.360625 -0.581508 0.499954 3.370002 -0.745167 0.358406 3.337153 -0.405492 0.384960 3.425090 -0.808320 0.091770 3.316138 -0.339610 0.091687 3.401323 -0.805952 -0.139812 3.401323 -0.304766 -0.135998 3.219772 -0.795701 -0.216683 3.176495 -0.301904 -0.221150 3.282003 -0.569319 0.116780 3.392321 -0.551950 0.048739 3.339167 -0.623727 -0.029780 3.310586 -0.470694 -0.026956 3.350969 -0.655048 -0.528070 3.234943 -0.436237 -0.541021 3.454567 -0.658204 -0.881814 3.116298 -0.433891 -0.903162 3.550994 -0.674673 -0.919133 2.999032 -0.411403 -0.968074 3.498688 
-0.597396 0.707699 3.333658 -0.593500 0.500235 3.342075 -0.756576 0.357738 3.307809 -0.417236 0.385621 3.399809 -0.817535 0.092035 3.283242 -0.349433 0.091747 3.379339 -0.812483 -0.138170 3.379339 -0.313966 -0.136188 3.185607 -0.801820 -0.215268 3.138458 -0.312486 -0.219954 3.258996 -0.579576 0.117213 3.364958 -0.561363 0.049055 3.312362 -0.632728 -0.029679 3.283122 -0.479607 -0.026454 3.325239 -0.658490 -0.528156 3.215093 -0.441248 -0.537378 3.418748 -0.658193 -0.881620 3.098438 -0.434314 -0.901189 3.540493 -0.673808 -0.918259 2.979603 -0.411356 -0.967426 3.494333 
-0.609425 0.707828 3.308402 -0.604742 0.500613 3.316217 -0.767255 0.357122 3.280655 -0.428376 0.386325 3.376499 -0.826275 0.092692 3.250902 -0.358950 0.092047 3.359163 -0.818936 -0.135706 3.359163 -0.322576 -0.136116 3.150046 -0.807264 -0.213074 3.103383 -0.322354 -0.218472 3.238494 -0.589411 0.117658 3.339260 -0.570402 0.049394 3.287126 -0.641438 -0.029595 3.256977 -0.488163 -0.025929 3.301189 -0.661805 -0.528288 3.197122 -0.446396 -0.532308 3.378069 -0.658220 -0.881456 3.082280 -0.435233 -0.896868 3.523419 -0.673220 -0.917751 2.962691 -0.411747 -0.964962 3.484188 
-0.621153 0.708060 3.284572 -0.615474 0.500954 3.292178 -0.777556 0.356488 3.254264 -0.439234 0.387120 3.354631 -0.834557 0.093545 3.219737 -0.367924 0.092470 3.340775 -0.824687 -0.133464 3.340775 -0.330519 -0.135943 3.116871 -0.812052 -0.210408 3.068833 -0.331229 -0.216773 3.220350 -0.598857 0.118075 3.315200 -0.578971 0.049741 3.263538 -0.649575 -0.029489 3.232630 -0.496382 -0.025336 3.278592 -0.664882 -0.528423 3.181012 -0.450987 -0.527984 3.340689 -0.658340 -0.881335 3.067802 -0.436529 -0.892896 3.502628 -0.672927 -0.917690 2.948346 -0.411959 -0.962784 3.466670 
-0.632039 0.708143 3.262318 -0.625563 0.501167 3.270233 -0.787211 0.355874 3.229528 -0.449471 0.387983 3.334597 -0.842491 0.094542 3.190253 -0.376436 0.092967 3.324044 -0.829761 -0.130791 3.324044 -0.337750 -0.135678 3.084493 -0.816176 -0.207785 3.036898 -0.339257 -0.215186 3.204078 -0.607699 0.118433 3.293038 -0.586921 0.050088 3.241786 -0.657039 -0.029379 3.210174 -0.504069 -0.024695 3.257628 -0.667823 -0.528574 3.166375 -0.455277 -0.524183 3.304309 -0.658567 -0.881257 3.055040 -0.438052 -0.889264 3.475138 -0.672913 -0.918009 2.936593 -0.412456 -0.960626 3.446424 
-0.642381 0.708233 3.240443 -0.636394 0.501116 3.246694 -0.796607 0.355337 3.204602 -0.459784 0.388719 3.314507 -0.850156 0.096091 3.160208 -0.384694 0.093537 3.308529 -0.834344 -0.127481 3.308529 -0.344510 -0.135473 3.051307 -0.819542 -0.204554 3.003290 -0.346400 -0.213855 3.189708 -0.616583 0.118890 3.270401 -0.594760 0.050509 3.219951 -0.664245 -0.029278 3.187631 -0.511587 -0.023842 3.236887 -0.670750 -0.528716 3.152810 -0.460050 -0.521552 3.263706 -0.658891 -0.881251 3.043938 -0.439329 -0.885798 3.417130 -0.673189 -0.918699 2.927570 -0.411560 -0.956573 3.382918 
-0.651777 0.708567 3.220402 -0.646348 0.501170 3.224374 -0.805070 0.354866 3.181169 -0.469188 0.389402 3.296177 -0.857331 0.097736 3.132014 -0.392620 0.094221 3.293964 -0.838283 -0.124256 3.293964 -0.350755 -0.135234 3.020586 -0.822255 -0.201538 2.972652 -0.352838 -0.212637 3.176861 -0.624770 0.119361 3.248895 -0.601896 0.050919 3.199428 -0.670753 -0.029140 3.166403 -0.518418 -0.023076 3.217638 -0.673515 -0.528884 3.140483 -0.464126 -0.519504 3.225972 -0.659342 -0.881309 3.034611 -0.440210 -0.883528 3.355471 -0.673658 -0.919697 2.920956 -0.409838 -0.953143 3.311565 
-0.660197 0.708632 3.201628 -0.655426 0.501099 3.203746 -0.812909 0.354258 3.158855 -0.477829 0.389950 3.278948 -0.863687 0.099089 3.105695 -0.400075 0.094890 3.280627 -0.841577 -0.121564 3.280627 -0.356624 -0.134993 2.992276 -0.824368 -0.198758 2.944340 -0.358646 -0.211519 3.165366 -0.632223 0.119758 3.228562 -0.608378 0.051312 3.180000 -0.676617 -0.029038 3.146281 -0.524612 -0.022367 3.199266 -0.676109 -0.529075 3.129267 -0.467448 -0.517749 3.189500 -0.659878 -0.881368 3.026819 -0.440452 -0.880603 3.285256 -0.674317 -0.920964 2.916676 -0.408737 -0.948102 3.235482 
-0.667706 0.708569 3.184221 -0.663615 0.501013 3.184644 -0.819946 0.353571 3.137634 -0.485783 0.390426 3.262755 -0.869438 0.100408 3.080044 -0.407055 0.095623 3.268101 -0.844269 -0.119356 3.268101 -0.361961 -0.134767 2.966186 -0.825892 -0.196113 2.917834 -0.363881 -0.210521 3.155035 -0.638926 0.120080 3.209603 -0.614179 0.051626 3.161956 -0.681829 -0.028984 3.127711 -0.530171 -0.021727 3.182154 -0.678570 -0.529263 3.118969 -0.470078 -0.517027 3.155029 -0.660481 -0.881477 3.020727 -0.437984 -0.877495 3.212182 -0.675078 -0.922440 2.914442 -0.404886 -0.944162 3.155167 
-0.674285 0.708642 3.167520 -0.670930 0.500971 3.166856 -0.826082 0.352908 3.117657 -0.492970 0.390925 3.247950 -0.874397 0.101551 3.057109 -0.413538 0.096292 3.256353 -0.846518 -0.117234 3.256353 -0.366771 -0.134600 2.942110 -0.827046 -0.193733 2.893858 -0.368561 -0.209953 3.145578 -0.644941 0.120434 3.191664 -0.619338 0.051980 3.144928 -0.686346 -0.028828 3.109882 -0.535175 -0.021100 3.166164 -0.680840 -0.529395 3.109579 -0.472240 -0.516553 3.122907 -0.661116 -0.881646 3.016150 -0.435047 -0.875084 3.140949 -0.676423 -0.924466 2.914846 -0.401620 -0.938361 3.071424 
-0.679914 0.708478 3.151634 -0.677367 0.500901 3.150636 -0.831236 0.352283 3.098553 -0.499441 0.391317 3.233929 -0.878678 0.102674 3.035705 -0.419488 0.096875 3.245332 -0.848217 -0.115196 3.245332 -0.371092 -0.134481 2.919622 -0.827664 -0.191654 2.871233 -0.372779 -0.209313 3.137042 -0.650240 0.120660 3.174870 -0.623854 0.052225 3.128897 -0.690251 -0.028741 3.093078 -0.539601 -0.020579 3.151009 -0.682922 -0.529515 3.101078 -0.473977 -0.516409 3.093104 -0.661786 -0.881840 3.012996 -0.431516 -0.871028 3.070018 -0.677928 -0.926661 2.917013 -0.397881 -0.932073 2.991110 
-0.683616 0.707948 3.134028 -0.682631 0.500513 3.133352 -0.835211 0.351906 3.079848 -0.505037 0.391568 3.220623 -0.881840 0.103816 3.014981 -0.424790 0.097298 3.234843 -0.849461 -0.113482 3.234843 -0.374951 -0.134397 2.898664 -0.828022 -0.189868 2.850645 -0.376683 -0.208852 3.128858 -0.654620 0.120726 3.157490 -0.627516 0.052289 3.112546 -0.693281 -0.028747 3.076003 -0.543288 -0.020278 3.135709 -0.684799 -0.529663 3.093230 -0.474721 -0.516944 3.062144 -0.662444 -0.882087 3.011011 -0.425277 -0.868744 2.996429 -0.679415 -0.928946 2.920347 -0.391450 -0.926060 2.908731 
-0.685618 0.707483 3.117126 -0.686362 0.499987 3.116190 -0.837012 0.351473 3.059444 -0.509086 0.391116 3.205719 -0.883094 0.104646 2.992322 -0.429153 0.097189 3.223115 -0.849746 -0.112568 3.223115 -0.378254 -0.134607 2.878328 -0.827857 -0.188517 2.831324 -0.379939 -0.209348 3.120035 -0.657391 0.120410 3.138909 -0.629592 0.052017 3.094630 -0.694462 -0.029090 3.056509 -0.545676 -0.020411 3.119193 -0.686464 -0.529819 3.085727 -0.474360 -0.517328 3.030561 -0.663047 -0.882348 3.010030 -0.419926 -0.866203 2.932222 -0.680927 -0.931230 2.924718 -0.386194 -0.920898 2.839293 
-0.682626 0.706475 3.094735 -0.686080 0.498883 3.095818 -0.834951 0.350786 3.035138 -0.509596 0.390277 3.187672 -0.881759 0.104896 2.968343 -0.430941 0.096727 3.206691 -0.848308 -0.112343 3.206691 -0.379830 -0.136624 2.856743 -0.826180 -0.189100 2.811822 -0.380869 -0.211010 3.109574 -0.656744 0.119687 3.116493 -0.628335 0.051415 3.072715 -0.692439 -0.029700 3.033072 -0.544771 -0.021115 3.098241 -0.687258 -0.530336 3.076690 -0.471646 -0.519065 2.993965 -0.663588 -0.882741 3.009647 -0.415294 -0.864077 2.875071 -0.682301 -0.933511 2.929475 -0.381899 -0.917644 2.778913 
-0.676852 0.705846 3.071790 -0.681368 0.497926 3.071784 -0.828742 0.350388 3.008247 -0.506107 0.389196 3.165773 -0.878479 0.105273 2.944201 -0.429390 0.096133 3.187117 -0.845815 -0.112456 3.187117 -0.377553 -0.139276 2.835601 -0.823471 -0.189424 2.792342 -0.377452 -0.213364 3.094507 -0.652383 0.118950 3.089874 -0.623513 0.050801 3.046277 -0.686887 -0.030266 3.004983 -0.540587 -0.021843 3.072642 -0.686902 -0.531238 3.065987 -0.467436 -0.520712 2.957788 -0.664078 -0.883132 3.009254 -0.411219 -0.862423 2.825311 -0.683680 -0.935783 2.934565 -0.378214 -0.915115 2.727095 
-0.668372 0.705534 3.047913 -0.675336 0.497133 3.048764 -0.821704 0.350103 2.982793 -0.501230 0.388039 3.144177 -0.873937 0.105902 2.920889 -0.425071 0.095038 3.163605 -0.842783 -0.112607 3.163605 -0.374300 -0.141996 2.815881 -0.820225 -0.189892 2.773876 -0.372690 -0.215920 3.078536 -0.646951 0.118263 3.064309 -0.617686 0.050241 3.020674 -0.680489 -0.030744 2.977999 -0.535329 -0.022596 3.047503 -0.685385 -0.532109 3.052797 -0.463029 -0.522284 2.925011 -0.664484 -0.883319 3.008783 -0.407710 -0.860934 2.782146 -0.684964 -0.937881 2.940032 -0.374925 -0.912997 2.681662 
-0.657463 0.705234 3.023103 -0.666396 0.496483 3.025139 -0.811933 0.350019 2.956101 -0.493364 0.387272 3.121686 -0.867786 0.106427 2.897937 -0.418892 0.094026 3.139649 -0.838942 -0.112782 3.139649 -0.366860 -0.144825 2.796746 -0.816654 -0.190410 2.756881 -0.364360 -0.218713 3.058048 -0.639395 0.118020 3.038273 -0.609776 0.050218 2.994456 -0.672241 -0.030801 2.950212 -0.527977 -0.023023 3.021837 -0.682703 -0.531938 3.035408 -0.458553 -0.523874 2.895334 -0.664866 -0.883461 3.008602 -0.404684 -0.859618 2.744253 -0.686175 -0.939625 2.944999 -0.372118 -0.911032 2.641745 
-0.644952 0.704995 2.998964 -0.656067 0.495944 3.002175 -0.801284 0.350279 2.930897 -0.483238 0.386431 3.097997 -0.860708 0.106646 2.876306 -0.410401 0.093216 3.113828 -0.834451 -0.113171 3.113828 -0.357878 -0.146307 2.778401 -0.812594 -0.190908 2.740836 -0.353774 -0.220608 3.034309 -0.630518 0.117764 3.013041 -0.600744 0.050176 2.968893 -0.663180 -0.030774 2.923714 -0.519317 -0.023446 2.996228 -0.678805 -0.531555 3.014370 -0.454001 -0.525547 2.868510 -0.665189 -0.883576 3.007664 -0.402073 -0.858442 2.710574 -0.687388 -0.941290 2.949431 -0.369656 -0.909190 2.605943 
-0.630079 0.705301 2.974949 -0.643571 0.495782 2.978809 -0.789191 0.350980 2.906432 -0.471031 0.385606 3.073530 -0.852369 0.106999 2.855623 -0.399637 0.093254 3.086462 -0.829454 -0.113500 3.086462 -0.346131 -0.146037 2.761073 -0.808262 -0.191239 2.726108 -0.339799 -0.221470 3.005372 -0.619699 0.117901 2.987311 -0.589909 0.050580 2.942644 -0.652265 -0.030141 2.896346 -0.509005 -0.023603 2.970011 -0.672939 -0.529706 2.987080 -0.449506 -0.527017 2.844373 -0.665424 -0.883492 3.006521 -0.399721 -0.857383 2.680215 -0.686454 -0.941368 2.950758 -0.367326 -0.907744 2.573872 
-0.611386 0.706173 2.947520 -0.627272 0.496281 2.952686 -0.773735 0.352615 2.880731 -0.455280 0.385750 3.046810 -0.842225 0.108217 2.835131 -0.382408 0.094473 3.051321 -0.822024 -0.112954 3.051321 -0.327772 -0.144072 2.742706 -0.801690 -0.190486 2.709985 -0.319346 -0.219842 2.967359 -0.606211 0.118687 2.959674 -0.576661 0.051576 2.914502 -0.639613 -0.028835 2.868149 -0.496045 -0.023231 2.941171 -0.663099 -0.525205 2.947783 -0.444803 -0.528438 2.822479 -0.665112 -0.881790 3.002837 -0.397413 -0.856574 2.653248 -0.686925 -0.942201 2.952773 -0.365076 -0.906867 2.546043 
-0.592765 0.707339 2.921771 -0.611282 0.496904 2.928553 -0.758725 0.354345 2.857193 -0.438504 0.385816 3.019797 -0.831568 0.109748 2.815866 -0.364892 0.096790 3.017288 -0.814743 -0.112254 3.017288 -0.307473 -0.140255 2.725883 -0.795072 -0.189622 2.694949 -0.296070 -0.216776 2.923483 -0.592664 0.119518 2.934098 -0.563562 0.052612 2.888345 -0.627143 -0.027465 2.842054 -0.483183 -0.022797 2.914235 -0.652275 -0.519189 2.905232 -0.440148 -0.529715 2.802785 -0.663875 -0.878958 2.995656 -0.395119 -0.856053 2.630067 -0.687025 -0.942220 2.953060 -0.362905 -0.906582 2.522803 
-0.571380 0.708677 2.893558 -0.593183 0.497771 2.903450 -0.741681 0.356272 2.832404 -0.418860 0.386332 2.989628 -0.819687 0.111515 2.796637 -0.343714 0.100862 2.977740 -0.805665 -0.111037 2.977740 -0.282650 -0.133122 2.707821 -0.787275 -0.188504 2.679400 -0.267932 -0.210292 2.868530 -0.576946 0.120510 2.907260 -0.548489 0.053844 2.860735 -0.613012 -0.025811 2.815040 -0.468102 -0.022218 2.885110 -0.637563 -0.510804 2.852147 -0.435313 -0.530623 2.784850 -0.659480 -0.874449 2.975915 -0.392880 -0.855829 2.610921 -0.684677 -0.940575 2.944125 -0.360839 -0.906875 2.504416 
-0.551553 0.709975 2.867865 -0.575549 0.498688 2.879976 -0.725356 0.358224 2.809564 -0.400135 0.386878 2.961482 -0.807644 0.113121 2.778597 -0.323525 0.105327 2.940038 -0.796674 -0.109996 2.940038 -0.259477 -0.125935 2.690949 -0.779177 -0.187357 2.664300 -0.240896 -0.202829 2.814225 -0.561739 0.121487 2.882280 -0.533981 0.055037 2.834998 -0.599469 -0.024179 2.790043 -0.453625 -0.021608 2.857843 -0.623497 -0.503341 2.802558 -0.430572 -0.531447 2.768708 -0.653093 -0.871217 2.946957 -0.390718 -0.855880 2.595765 -0.680549 -0.939603 2.924922 -0.358883 -0.907735 2.491008 
-0.532893 0.711239 2.843995 -0.557566 0.499606 2.856484 -0.709827 0.360092 2.788335 -0.381695 0.387780 2.933814 -0.795128 0.114805 2.761196 -0.303018 0.110251 2.902063 -0.787472 -0.108950 2.902063 -0.235062 -0.117383 2.674874 -0.770757 -0.186333 2.649661 -0.214483 -0.194762 2.757558 -0.546530 0.122569 2.858180 -0.519716 0.056272 2.810254 -0.586295 -0.022559 2.766289 -0.439410 -0.020915 2.831620 -0.608604 -0.496526 2.752222 -0.425891 -0.532150 2.754152 -0.644147 -0.869174 2.908462 -0.388654 -0.856203 2.584589 -0.672831 -0.937896 2.887351 -0.357146 -0.909033 2.482373 
-0.514719 0.712067 2.819835 -0.540370 0.500495 2.834237 -0.694732 0.361869 2.768300 -0.364128 0.388551 2.907439 -0.782376 0.116128 2.744722 -0.283678 0.115439 2.865863 -0.778363 -0.108207 2.865863 -0.212814 -0.108604 2.659707 -0.762334 -0.185367 2.635749 -0.190764 -0.186602 2.705610 -0.531884 0.123538 2.835421 -0.506018 0.057371 2.786863 -0.573624 -0.021042 2.743932 -0.425835 -0.020309 2.806868 -0.593924 -0.489165 2.703542 -0.421173 -0.532597 2.740904 -0.631784 -0.865516 2.859762 -0.386688 -0.856706 2.577042 -0.660555 -0.935164 2.838002 -0.355568 -0.910664 2.477960 
-0.497624 0.713086 2.795895 -0.522766 0.501429 2.811158 -0.679512 0.363656 2.747894 -0.345841 0.389138 2.877770 -0.769584 0.117488 2.728467 -0.263987 0.121641 2.826732 -0.768587 -0.107397 2.826732 -0.191766 -0.097801 2.644417 -0.753111 -0.184772 2.620965 -0.168141 -0.175861 2.650050 -0.516236 0.124166 2.811324 -0.491564 0.058093 2.761940 -0.560564 -0.019841 2.720977 -0.411283 -0.019854 2.779805 -0.578423 -0.486168 2.654508 -0.416383 -0.532876 2.728713 -0.612650 -0.863474 2.782706 -0.384827 -0.857494 2.572726 -0.640325 -0.932370 2.754586 -0.354221 -0.912570 2.477314 
-0.482162 0.714006 2.773543 -0.506379 0.502298 2.789263 -0.665356 0.365246 2.728836 -0.329170 0.389809 2.850695 -0.757236 0.118520 2.712946 -0.246072 0.126778 2.790289 -0.759110 -0.106918 2.790289 -0.172591 -0.088018 2.629956 -0.744317 -0.184305 2.607217 -0.148532 -0.166575 2.598084 -0.501791 0.124845 2.789044 -0.478213 0.058830 2.738937 -0.548327 -0.018678 2.699468 -0.397919 -0.019391 2.755048 -0.564350 -0.483952 2.610253 -0.411651 -0.533063 2.717650 -0.592464 -0.860264 2.700626 -0.383066 -0.858514 2.571313 -0.617408 -0.927839 2.664507 -0.353192 -0.914772 2.481152 
-0.467096 0.714942 2.744559 -0.488383 0.503096 2.758975 -0.649981 0.366598 2.703691 -0.311188 0.390422 2.814306 -0.742998 0.118728 2.692755 -0.228133 0.131728 2.745533 -0.747782 -0.107456 2.745533 -0.155149 -0.077431 2.611804 -0.733359 -0.185109 2.589306 -0.131674 -0.156635 2.536992 -0.485461 0.125172 2.759590 -0.463197 0.059072 2.708699 -0.534469 -0.018023 2.671711 -0.382852 -0.019303 2.722544 -0.547503 -0.481731 2.560408 -0.406762 -0.534103 2.706536 -0.561087 -0.846038 2.584173 -0.381665 -0.860020 2.571065 -0.577518 -0.909045 2.529962 -0.351998 -0.918254 2.490042 
-0.452796 0.714979 2.712369 -0.471765 0.503162 2.725589 -0.635369 0.367275 2.675184 -0.294301 0.390133 2.773937 -0.728664 0.117955 2.669783 -0.211610 0.135766 2.699580 -0.736237 -0.109042 2.699580 -0.140091 -0.068590 2.591939 -0.722844 -0.186144 2.571487 -0.117526 -0.148109 2.477532 -0.469718 0.124912 2.727114 -0.448719 0.058746 2.675315 -0.521047 -0.017984 2.641235 -0.368143 -0.019689 2.686468 -0.530599 -0.479370 2.511050 -0.401881 -0.535186 2.695957 -0.533247 -0.833255 2.484297 -0.380404 -0.861524 2.572145 -0.544332 -0.893779 2.421969 -0.350864 -0.921682 2.500319 
-0.440596 0.714303 2.675628 -0.456860 0.502865 2.687746 -0.621333 0.367316 2.641888 -0.279137 0.389153 2.729593 -0.714510 0.116186 2.642262 -0.196868 0.138960 2.651566 -0.724191 -0.111694 2.651566 -0.127216 -0.061295 2.567794 -0.711764 -0.188834 2.548248 -0.105945 -0.141257 2.420620 -0.454705 0.124218 2.690216 -0.434807 0.057977 2.637423 -0.507834 -0.018338 2.606361 -0.354008 -0.020277 2.645830 -0.514676 -0.476208 2.461386 -0.396491 -0.536054 2.683972 -0.509128 -0.822448 2.398184 -0.378983 -0.862885 2.573706 -0.515116 -0.881978 2.332520 -0.349656 -0.924586 2.509526 
-0.431436 0.714337 2.630142 -0.443840 0.503485 2.639919 -0.610419 0.367842 2.601513 -0.266728 0.389217 2.676165 -0.700919 0.114639 2.605530 -0.184323 0.142329 2.598093 -0.712754 -0.114300 2.598093 -0.116492 -0.054971 2.536021 -0.701154 -0.191799 2.516882 -0.096209 -0.135220 2.363889 -0.441108 0.124619 2.643825 -0.422608 0.058324 2.589927 -0.496385 -0.017985 2.562702 -0.341404 -0.019617 2.594718 -0.499739 -0.471317 2.407823 -0.388812 -0.534450 2.664395 -0.488310 -0.813266 2.322478 -0.377364 -0.863744 2.573511 -0.488933 -0.869234 2.248163 -0.348462 -0.927143 2.516820 
-0.426858 0.716213 2.563986 -0.435413 0.505723 2.569015 -0.602548 0.370008 2.537649 -0.258914 0.390842 2.600685 -0.689012 0.114149 2.538122 -0.175785 0.145876 2.532796 -0.700032 -0.114965 2.532796 -0.107397 -0.049689 2.464357 -0.688023 -0.192395 2.441849 -0.087888 -0.129982 2.305509 -0.430633 0.126395 2.574437 -0.413389 0.060044 2.519296 -0.487448 -0.016304 2.495266 -0.331741 -0.017140 2.521258 -0.486430 -0.466545 2.348821 -0.369624 -0.524366 2.599588 -0.470142 -0.805244 2.256202 -0.373825 -0.861974 2.568258 -0.466210 -0.858182 2.175051 -0.345280 -0.924520 2.513816 
-0.424114 0.717961 2.503017 -0.428967 0.507811 2.505271 -0.596490 0.372040 2.478625 -0.253090 0.392305 2.533474 -0.678852 0.113863 2.473337 -0.169141 0.148767 2.474541 -0.688794 -0.114650 2.474541 -0.099962 -0.045447 2.392339 -0.676138 -0.191585 2.366406 -0.081082 -0.125616 2.254672 -0.422199 0.128061 2.511945 -0.405972 0.061662 2.455836 -0.480175 -0.014724 2.433816 -0.323938 -0.014856 2.456066 -0.475104 -0.462391 2.297659 -0.350220 -0.513742 2.530708 -0.454676 -0.798454 2.199644 -0.368488 -0.859181 2.559197 -0.446990 -0.848929 2.113116 -0.340273 -0.920174 2.505253 
-0.422741 0.720112 2.439396 -0.424120 0.510351 2.439706 -0.592104 0.374525 2.416255 -0.249589 0.394526 2.466133 -0.669983 0.115455 2.401291 -0.164537 0.151435 2.416956 -0.679089 -0.111285 2.416956 -0.094176 -0.042342 2.309733 -0.665181 -0.188289 2.278418 -0.075653 -0.122018 2.209015 -0.415430 0.130408 2.447434 -0.400003 0.064007 2.390588 -0.474134 -0.012397 2.369301 -0.317735 -0.011855 2.390348 -0.465585 -0.458749 2.251221 -0.330302 -0.503055 2.449515 -0.441332 -0.792620 2.150702 -0.358209 -0.856164 2.535656 -0.430762 -0.842150 2.062104 -0.333175 -0.919154 2.493022 
-0.422129 0.722015 2.382643 -0.420675 0.512579 2.381244 -0.588743 0.376676 2.360235 -0.247208 0.396643 2.406607 -0.662713 0.117559 2.335251 -0.161084 0.153605 2.366327 -0.671108 -0.106928 2.366327 -0.089613 -0.039819 2.233154 -0.655557 -0.184683 2.195653 -0.071176 -0.119059 2.168656 -0.410003 0.132486 2.390092 -0.395193 0.066073 2.332723 -0.469190 -0.010349 2.311816 -0.312671 -0.009162 2.332406 -0.457520 -0.455577 2.210041 -0.312395 -0.491922 2.370166 -0.429573 -0.787543 2.107464 -0.347100 -0.850761 2.498478 -0.416098 -0.836127 2.016467 -0.322356 -0.915379 2.468388 
-0.421821 0.723860 2.326425 -0.418591 0.514964 2.323150 -0.586027 0.378756 2.302854 -0.245797 0.398111 2.348438 -0.656676 0.121358 2.266700 -0.159106 0.154810 2.318016 -0.663369 -0.100784 2.318016 -0.086599 -0.038514 2.150674 -0.645967 -0.178795 2.108474 -0.067913 -0.117116 2.131725 -0.405945 0.134477 2.332647 -0.391474 0.068023 2.274937 -0.465269 -0.008347 2.253798 -0.308677 -0.006574 2.275073 -0.450736 -0.453062 2.172805 -0.296563 -0.481018 2.287731 -0.418951 -0.783016 2.068398 -0.331301 -0.840660 2.432240 -0.403058 -0.830419 1.974553 -0.313424 -0.907702 2.410956 
-0.421797 0.726010 2.272230 -0.417224 0.517125 2.268284 -0.583796 0.380575 2.248395 -0.245382 0.399708 2.293081 -0.651300 0.125550 2.201163 -0.158024 0.155692 2.272767 -0.655832 -0.093501 2.272767 -0.084347 -0.037866 2.070295 -0.636457 -0.171693 2.023194 -0.065532 -0.115960 2.098272 -0.402739 0.136256 2.278389 -0.388588 0.069745 2.220433 -0.462066 -0.006572 2.198877 -0.305660 -0.004117 2.221275 -0.444882 -0.451142 2.139167 -0.283454 -0.470159 2.206195 -0.409427 -0.779056 2.033536 -0.316881 -0.838401 2.375613 -0.391331 -0.825272 1.937242 -0.299716 -0.903798 2.349545 
-0.422034 0.727576 2.223089 -0.416210 0.518867 2.219334 -0.582067 0.382066 2.199460 -0.245243 0.400982 2.243835 -0.646778 0.129390 2.142298 -0.157356 0.156171 2.231823 -0.649298 -0.087097 2.231823 -0.082663 -0.037709 2.000333 -0.628183 -0.165376 1.949237 -0.063906 -0.115438 2.068004 -0.400163 0.137755 2.229630 -0.386260 0.071235 2.171455 -0.459441 -0.005084 2.149370 -0.303238 -0.001928 2.172864 -0.439745 -0.449620 2.109099 -0.272141 -0.460359 2.134186 -0.401145 -0.775817 2.003478 -0.301765 -0.836764 2.310193 -0.381095 -0.820828 1.905275 -0.285028 -0.900067 2.277111 
-0.421787 0.727915 2.170936 -0.415421 0.519875 2.167691 -0.580295 0.382793 2.147027 -0.245285 0.401522 2.192103 -0.642205 0.132239 2.081092 -0.157567 0.155402 2.189211 -0.642065 -0.081371 2.189211 -0.081731 -0.039011 1.929491 -0.619353 -0.159483 1.875410 -0.063219 -0.116658 2.038661 -0.397704 0.138579 2.178154 -0.383946 0.072055 2.119899 -0.456719 -0.004471 2.096920 -0.300858 -0.000261 2.122304 -0.435282 -0.449623 2.080439 -0.262401 -0.450080 2.060943 -0.394255 -0.773320 1.978436 -0.283244 -0.832478 2.220149 -0.371723 -0.819809 1.888458 -0.266142 -0.894675 2.175813 
-0.420031 0.726353 2.116076 -0.413441 0.519741 2.112818 -0.577117 0.382497 2.091528 -0.243791 0.401049 2.138807 -0.637093 0.134119 2.019336 -0.157100 0.152879 2.144031 -0.634355 -0.077611 2.144031 -0.081278 -0.042652 1.860795 -0.610713 -0.155847 1.805325 -0.063105 -0.119971 2.008595 -0.394447 0.138610 2.123246 -0.380772 0.072153 2.065020 -0.453191 -0.004706 2.040735 -0.297645 0.000593 2.068699 -0.431582 -0.450194 2.051831 -0.253680 -0.440912 1.983706 -0.388752 -0.771130 1.956493 -0.264901 -0.829184 2.123277 -0.363310 -0.817569 1.870570 -0.247095 -0.890377 2.067770 
-0.418058 0.724415 2.066635 -0.411404 0.519371 2.063999 -0.574009 0.382038 2.041945 -0.242129 0.400088 2.090541 -0.632491 0.135512 1.965399 -0.156583 0.150051 2.102850 -0.627738 -0.074764 2.102850 -0.081133 -0.046837 1.801495 -0.603176 -0.152987 1.745209 -0.063224 -0.123739 1.981086 -0.391263 0.138289 2.073910 -0.377696 0.071908 2.015621 -0.449815 -0.005227 1.990168 -0.294534 0.000991 2.020266 -0.428407 -0.450898 2.025817 -0.246374 -0.433301 1.915513 -0.384679 -0.769416 1.938913 -0.248493 -0.827007 2.037435 -0.355967 -0.815766 1.857085 -0.230114 -0.887448 1.973078 
-0.413976 0.720536 2.015364 -0.407689 0.518229 2.013885 -0.569371 0.380664 1.990682 -0.238882 0.398315 2.040889 -0.627079 0.135463 1.911728 -0.154899 0.145953 2.059306 -0.621326 -0.073364 2.059306 -0.080469 -0.052854 1.746310 -0.596096 -0.151501 1.690254 -0.063232 -0.129562 1.950591 -0.386638 0.137281 2.022370 -0.373177 0.071064 1.963935 -0.444918 -0.006386 1.936930 -0.290106 0.000690 1.969513 -0.425756 -0.451525 1.997922 -0.239315 -0.426904 1.847087 -0.381437 -0.767627 1.923835 -0.232538 -0.825835 1.956425 -0.351213 -0.815190 1.855674 -0.213710 -0.885508 1.885222 
-0.409696 0.716693 1.969021 -0.403931 0.517057 1.968794 -0.564706 0.379391 1.944448 -0.235593 0.396673 1.995996 -0.622104 0.135301 1.864512 -0.152872 0.142008 2.018768 -0.615719 -0.072132 2.018768 -0.079686 -0.058879 1.698458 -0.589939 -0.150187 1.642462 -0.063205 -0.135219 1.921598 -0.382110 0.136244 1.975588 -0.368745 0.070221 1.916955 -0.440076 -0.007453 1.888455 -0.285847 0.000321 1.923308 -0.423514 -0.452221 1.971431 -0.232990 -0.421403 1.786777 -0.379125 -0.765988 1.911473 -0.219048 -0.824976 1.886511 -0.349331 -0.815877 1.855629 -0.200073 -0.883895 1.810108 
-0.402978 0.712387 1.920427 -0.398090 0.515756 1.922185 -0.558488 0.378391 1.896929 -0.230396 0.395053 1.948831 -0.616379 0.135031 1.818629 -0.149192 0.137848 1.974364 -0.610184 -0.071331 1.974364 -0.077935 -0.065711 1.654536 -0.584257 -0.149049 1.599543 -0.062379 -0.141108 1.887643 -0.375731 0.135135 1.926894 -0.362561 0.069345 1.868025 -0.433547 -0.008488 1.838082 -0.279871 -0.000291 1.874923 -0.421329 -0.452604 1.937720 -0.226397 -0.416910 1.729495 -0.376997 -0.764460 1.899070 -0.209039 -0.824043 1.828542 -0.345452 -0.814543 1.846169 -0.190340 -0.882006 1.748255 
-0.394265 0.707771 1.871415 -0.390928 0.514173 1.875088 -0.550647 0.377797 1.849415 -0.223453 0.393631 1.900777 -0.610454 0.134895 1.776390 -0.143503 0.133950 1.926484 -0.605010 -0.070618 1.926484 -0.074447 -0.072482 1.615093 -0.578960 -0.148059 1.560869 -0.059941 -0.147269 1.844738 -0.368347 0.133879 1.878055 -0.355459 0.068323 1.819024 -0.426327 -0.009449 1.788853 -0.272989 -0.001147 1.825785 -0.419364 -0.451709 1.890867 -0.220323 -0.413430 1.679020 -0.374707 -0.762486 1.886151 -0.200560 -0.823438 1.776572 -0.342100 -0.812866 1.836716 -0.182205 -0.880630 1.692941 
-0.385885 0.703434 1.826936 -0.384031 0.512690 1.832748 -0.543332 0.377309 1.807139 -0.216665 0.392260 1.857152 -0.605031 0.134787 1.738818 -0.137593 0.130542 1.881298 -0.600315 -0.069944 1.881298 -0.070806 -0.078586 1.579927 -0.574245 -0.147090 1.526311 -0.056835 -0.152262 1.800492 -0.361398 0.132722 1.834396 -0.348857 0.067367 1.775257 -0.419612 -0.010307 1.744762 -0.266591 -0.002018 1.781835 -0.417768 -0.450617 1.838597 -0.214924 -0.410371 1.634816 -0.373159 -0.759776 1.873162 -0.193149 -0.822831 1.730536 -0.339715 -0.810498 1.826751 -0.175136 -0.879325 1.643943 
-0.376122 0.699033 1.780913 -0.375595 0.511321 1.789817 -0.534769 0.376826 1.764767 -0.208229 0.391125 1.812158 -0.599346 0.134959 1.703471 -0.129518 0.128740 1.831136 -0.595892 -0.069358 1.831136 -0.065022 -0.082431 1.548072 -0.569957 -0.146190 1.494989 -0.052130 -0.155427 1.744682 -0.353502 0.131706 1.790671 -0.341510 0.066514 1.731526 -0.412427 -0.010972 1.701567 -0.259452 -0.002905 1.737348 -0.415986 -0.448646 1.777602 -0.209947 -0.407692 1.595268 -0.373729 -0.750752 1.849066 -0.186760 -0.822205 1.689252 -0.339394 -0.804126 1.809180 -0.169160 -0.878095 1.599972 
-0.366013 0.694529 1.736070 -0.367053 0.509886 1.748747 -0.526100 0.376657 1.724706 -0.198748 0.389644 1.767144 -0.593873 0.135177 1.671153 -0.119816 0.128096 1.776309 -0.591701 -0.068951 1.776309 -0.057666 -0.083819 1.519136 -0.566052 -0.145389 1.466610 -0.045943 -0.155924 1.677328 -0.345556 0.130716 1.749324 -0.334285 0.065655 1.690279 -0.405492 -0.011593 1.661246 -0.252305 -0.003941 1.694886 -0.413362 -0.445710 1.709589 -0.205343 -0.405338 1.559768 -0.372724 -0.747962 1.831990 -0.181291 -0.821516 1.652339 -0.338637 -0.800219 1.792736 -0.164404 -0.876793 1.560608 
-0.358392 0.691358 1.698828 -0.358128 0.508819 1.708327 -0.516847 0.376664 1.685305 -0.189717 0.388070 1.721997 -0.588307 0.135248 1.640806 -0.109560 0.128811 1.718865 -0.587720 -0.068732 1.718865 -0.050145 -0.081897 1.492867 -0.562451 -0.144793 1.440916 -0.039568 -0.152880 1.600723 -0.337249 0.129464 1.708415 -0.326789 0.064405 1.649404 -0.398254 -0.012364 1.621959 -0.245155 -0.005184 1.652700 -0.409776 -0.442202 1.636686 -0.201130 -0.403229 1.527807 -0.369890 -0.742897 1.812845 -0.177113 -0.820763 1.619086 -0.336311 -0.794265 1.772632 -0.161422 -0.875360 1.525313 
-0.351140 0.688323 1.663434 -0.348994 0.507602 1.668912 -0.508184 0.376395 1.648259 -0.180861 0.386012 1.677383 -0.582803 0.135160 1.612607 -0.099432 0.129948 1.659610 -0.583952 -0.068699 1.659610 -0.043359 -0.077657 1.468977 -0.559157 -0.144406 1.417664 -0.034291 -0.146636 1.518255 -0.329111 0.128134 1.669542 -0.319682 0.063013 1.610786 -0.391421 -0.013263 1.584755 -0.238399 -0.006691 1.612736 -0.405712 -0.438685 1.565479 -0.197231 -0.401561 1.498626 -0.368075 -0.738583 1.758395 -0.174095 -0.819273 1.590552 -0.336116 -0.778318 1.729805 -0.160544 -0.872222 1.495867 
-0.344392 0.685605 1.631298 -0.340690 0.506449 1.633253 -0.499961 0.376261 1.613946 -0.172833 0.384011 1.637146 -0.577672 0.134979 1.587057 -0.089992 0.131177 1.603997 -0.580437 -0.068830 1.603997 -0.037590 -0.073788 1.447414 -0.556140 -0.144309 1.396863 -0.030247 -0.140103 1.443644 -0.321818 0.126861 1.634226 -0.313264 0.061691 1.575630 -0.385265 -0.014060 1.551149 -0.232349 -0.008147 1.576241 -0.402099 -0.435548 1.503336 -0.193713 -0.400100 1.472431 -0.366162 -0.734582 1.702557 -0.172081 -0.817859 1.565380 -0.336100 -0.762041 1.685635 -0.160768 -0.869350 1.470270 
-0.338491 0.683075 1.600363 -0.332402 0.505227 1.597104 -0.491767 0.375745 1.579119 -0.165183 0.381419 1.595626 -0.572487 0.134463 1.562225 -0.081920 0.132158 1.548504 -0.577053 -0.069333 1.548504 -0.033664 -0.068196 1.427622 -0.553361 -0.144374 1.377826 -0.028377 -0.131984 1.366989 -0.314757 0.125284 1.598636 -0.307187 0.059989 1.540208 -0.379431 -0.015058 1.517634 -0.226776 -0.010019 1.539263 -0.398667 -0.433285 1.445500 -0.190603 -0.398917 1.448782 -0.363794 -0.731018 1.636732 -0.170915 -0.816522 1.543034 -0.336167 -0.745177 1.633755 -0.161811 -0.866852 1.447805 
-0.333143 0.680712 1.572204 -0.324745 0.503377 1.560583 -0.483550 0.374102 1.543231 -0.158592 0.378956 1.554165 -0.567462 0.133464 1.538030 -0.075043 0.133743 1.492876 -0.573923 -0.070276 1.492876 -0.031795 -0.061999 1.409236 -0.550904 -0.144596 1.360427 -0.028660 -0.123388 1.291475 -0.308248 0.123109 1.562990 -0.301607 0.057646 1.504727 -0.373879 -0.016528 1.484099 -0.221903 -0.012334 1.502608 -0.396185 -0.434609 1.397138 -0.187878 -0.398076 1.427183 -0.367139 -0.739639 1.562909 -0.170873 -0.813699 1.525837 -0.343961 -0.752733 1.549891 -0.163963 -0.862251 1.431178 
-0.328520 0.678127 1.542483 -0.318230 0.500722 1.520048 -0.475551 0.371515 1.502824 -0.154320 0.375765 1.507785 -0.562863 0.131552 1.510364 -0.071399 0.133465 1.436874 -0.571220 -0.072315 1.436874 -0.032587 -0.055890 1.390138 -0.549068 -0.145201 1.343531 -0.031300 -0.115445 1.214898 -0.302605 0.119505 1.522564 -0.296945 0.053755 1.464272 -0.368833 -0.019015 1.446317 -0.218372 -0.015841 1.460310 -0.393958 -0.437379 1.346143 -0.185487 -0.397842 1.406636 -0.371518 -0.750572 1.473236 -0.169847 -0.810714 1.506295 -0.353172 -0.763769 1.446986 -0.165408 -0.849826 1.412324 
-0.324323 0.675454 1.512194 -0.312265 0.497590 1.477665 -0.468225 0.369252 1.459719 -0.151829 0.372596 1.460000 -0.559360 0.128761 1.479611 -0.069996 0.132456 1.380305 -0.569306 -0.075594 1.380305 -0.034548 -0.051464 1.369158 -0.548505 -0.147680 1.325209 -0.034561 -0.109916 1.143725 -0.298171 0.115771 1.479619 -0.293508 0.049870 1.421154 -0.364793 -0.021275 1.405176 -0.216433 -0.019139 1.415851 -0.392693 -0.440461 1.296006 -0.183568 -0.398129 1.386320 -0.377991 -0.761361 1.383305 -0.168029 -0.809774 1.487293 -0.364193 -0.775161 1.344023 -0.164934 -0.846813 1.393249 
-0.320146 0.672060 1.477697 -0.306043 0.492775 1.427246 -0.462032 0.368387 1.407409 -0.151023 0.369977 1.407094 -0.558171 0.126761 1.438898 -0.071150 0.131619 1.320246 -0.569110 -0.079110 1.320246 -0.037814 -0.048230 1.339342 -0.549780 -0.148866 1.299680 -0.038716 -0.105819 1.075021 -0.295530 0.112141 1.428557 -0.291820 0.046499 1.369907 -0.362849 -0.022862 1.355117 -0.216450 -0.021823 1.363634 -0.392491 -0.443926 1.245411 -0.181739 -0.400866 1.364672 -0.385581 -0.772087 1.295187 -0.165738 -0.810199 1.463515 -0.375359 -0.786822 1.243906 -0.163736 -0.845101 1.369621 
-0.316223 0.665232 1.434193 -0.300119 0.481389 1.361609 -0.458527 0.365119 1.345356 -0.152423 0.366268 1.347884 -0.557712 0.124129 1.387534 -0.074800 0.129877 1.257547 -0.560200 -0.083548 1.257547 -0.041582 -0.046845 1.281275 -0.546439 -0.151676 1.265539 -0.043183 -0.103844 1.009563 -0.294476 0.107287 1.368107 -0.291577 0.042467 1.310357 -0.362974 -0.025084 1.295944 -0.217599 -0.025511 1.305030 -0.394805 -0.448269 1.195801 -0.180159 -0.407861 1.331109 -0.397793 -0.783249 1.214034 -0.162226 -0.814612 1.414086 -0.390876 -0.799243 1.152489 -0.160818 -0.847736 1.320925 
