53
0.247228 0.428305 3.245707 0.246184 0.252662 3.260492 0.088445 0.142565 3.249837 0.398874 0.134467 3.216309 0.007823 -0.134825 3.251029 0.482117 -0.141733 3.178394 -0.007391 -0.348558 3.178394 0.487317 -0.369532 3.161150 -0.019731 -0.431078 3.143617 0.490190 -0.446414 3.088250 0.242788 -0.113006 3.237823 0.236573 -0.173137 3.177378 0.165119 -0.242157 3.168940 0.305349 -0.240814 3.154557 0.154811 -0.591282 3.097322 0.304013 -0.587218 3.147532 0.164202 -0.840880 3.030410 0.298060 -0.840777 3.194377 0.139447 -0.890140 2.961768 0.291392 -0.885741 3.118556 
0.241693 0.429823 3.222473 0.240598 0.254474 3.230882 0.085121 0.142155 3.213954 0.392504 0.135236 3.182740 0.002717 -0.133204 3.218111 0.476244 -0.140691 3.143027 -0.011637 -0.351537 3.143027 0.479520 -0.369188 3.135726 -0.022326 -0.434119 3.123225 0.483576 -0.447284 3.067347 0.236760 -0.113660 3.202666 0.230656 -0.173944 3.141260 0.159591 -0.242185 3.133228 0.298971 -0.240920 3.116874 0.149326 -0.592938 3.062171 0.297325 -0.587251 3.116247 0.156060 -0.841508 2.992398 0.294270 -0.838602 3.167015 0.134192 -0.886875 2.912699 0.288204 -0.881573 3.088904 
0.235787 0.431656 3.196704 0.234754 0.256636 3.200030 0.081217 0.141802 3.174038 0.385861 0.136137 3.147618 -0.003648 -0.132180 3.182084 0.469798 -0.138779 3.106452 -0.017731 -0.352416 3.106452 0.471620 -0.367344 3.104225 -0.026319 -0.436555 3.090874 0.475246 -0.447394 3.040340 0.230102 -0.114142 3.165167 0.224290 -0.174511 3.102576 0.153335 -0.241927 3.092908 0.292403 -0.240759 3.078314 0.143299 -0.594664 3.025991 0.291202 -0.585220 3.077879 0.147730 -0.841921 2.956716 0.290968 -0.834897 3.130809 0.128925 -0.883751 2.868176 0.285906 -0.875592 3.050186 
0.229100 0.433585 3.166360 0.228501 0.258903 3.167769 0.077152 0.141526 3.133850 0.378936 0.137222 3.111654 -0.011047 -0.130806 3.144818 0.462958 -0.137734 3.068937 -0.024584 -0.354225 3.068937 0.463520 -0.366405 3.066164 -0.031321 -0.437824 3.054451 0.465914 -0.448140 3.007776 0.223212 -0.114626 3.127199 0.217693 -0.175121 3.063635 0.147021 -0.241703 3.053121 0.285518 -0.240623 3.039342 0.136730 -0.598059 2.989466 0.286136 -0.589878 3.034965 0.141520 -0.842660 2.924702 0.287311 -0.834682 3.090333 0.125496 -0.881398 2.828934 0.278845 -0.866800 3.013960 
0.222333 0.435375 3.136007 0.222095 0.261193 3.134295 0.072474 0.141072 3.092775 0.372230 0.138316 3.076874 -0.019639 -0.129192 3.102126 0.456212 -0.136266 3.032951 -0.032268 -0.355079 3.032951 0.455501 -0.364772 3.024510 -0.039049 -0.436994 3.009663 0.456638 -0.448259 2.973856 0.215836 -0.114919 3.088838 0.210772 -0.175524 3.024476 0.140108 -0.241299 3.012453 0.278445 -0.240461 3.000655 0.129443 -0.598279 2.953368 0.279928 -0.594901 2.985502 0.135716 -0.841063 2.894821 0.282604 -0.835056 3.039489 0.120833 -0.879090 2.798468 0.275464 -0.854480 2.973422 
0.215153 0.437525 3.104035 0.215279 0.263674 3.099633 0.067995 0.140991 3.053273 0.364889 0.139515 3.041643 -0.028111 -0.128308 3.059549 0.449369 -0.134875 2.998084 -0.040237 -0.355923 2.998084 0.447188 -0.362952 2.979587 -0.046814 -0.436516 2.963694 0.447746 -0.447740 2.940553 0.208416 -0.114991 3.050276 0.203735 -0.175727 2.985259 0.133384 -0.240572 2.972088 0.271115 -0.240016 2.962258 0.122794 -0.601390 2.920250 0.273966 -0.599485 2.933966 0.131061 -0.841387 2.869047 0.277531 -0.835661 2.981890 0.115851 -0.876022 2.770859 0.274122 -0.842451 2.931745 
0.207855 0.439322 3.070546 0.208358 0.265948 3.065378 0.062595 0.141082 3.015066 0.358118 0.140569 3.008809 -0.036570 -0.127188 3.016881 0.442714 -0.133300 2.964802 -0.048486 -0.355287 2.964802 0.439311 -0.361060 2.933053 -0.055570 -0.433536 2.911311 0.439196 -0.447030 2.906813 0.201212 -0.114636 3.013414 0.197104 -0.175422 2.947948 0.126804 -0.239557 2.932674 0.264437 -0.239362 2.926284 0.116142 -0.601113 2.887936 0.270790 -0.602783 2.879699 0.126428 -0.839500 2.844466 0.271144 -0.834071 2.926206 0.112289 -0.874035 2.747008 0.270974 -0.829643 2.878628 
0.200918 0.441234 3.037599 0.201884 0.268178 3.032932 0.057589 0.141836 2.977792 0.352030 0.141695 2.978033 -0.045429 -0.124975 2.971302 0.435941 -0.132176 2.932364 -0.057213 -0.353054 2.932364 0.431982 -0.359856 2.884638 -0.064066 -0.429329 2.859230 0.430891 -0.446031 2.873629 0.194219 -0.113995 2.978550 0.190817 -0.174780 2.912763 0.120580 -0.238318 2.895726 0.258107 -0.238462 2.892317 0.110165 -0.600661 2.858720 0.264938 -0.600822 2.826069 0.122413 -0.837566 2.821810 0.267083 -0.827862 2.860786 0.109022 -0.872199 2.725608 0.269083 -0.822141 2.830988 
0.194552 0.443277 3.005411 0.195830 0.270562 3.001315 0.053086 0.143018 2.941702 0.346409 0.142769 2.948525 -0.053617 -0.122250 2.927986 0.429631 -0.130795 2.902623 -0.066859 -0.348809 2.902623 0.425096 -0.358310 2.835190 -0.074650 -0.423321 2.800708 0.423445 -0.445673 2.843491 0.187750 -0.112967 2.945705 0.185118 -0.173783 2.879785 0.114976 -0.236661 2.860845 0.252385 -0.237353 2.860905 0.104234 -0.599392 2.831143 0.259420 -0.598311 2.776995 0.118714 -0.835117 2.800861 0.262771 -0.821672 2.800253 0.106192 -0.870471 2.706386 0.260363 -0.812486 2.786573 
0.188624 0.445366 2.974627 0.189719 0.273260 2.969747 0.048561 0.144583 2.907123 0.341085 0.143898 2.920336 -0.061088 -0.119127 2.885681 0.423816 -0.129390 2.875640 -0.077494 -0.341389 2.875640 0.418767 -0.356800 2.781286 -0.084405 -0.413380 2.741021 0.416475 -0.445124 2.815607 0.181639 -0.111566 2.914875 0.179839 -0.172528 2.849099 0.109832 -0.234902 2.828685 0.247135 -0.236069 2.831860 0.098638 -0.597812 2.805938 0.253748 -0.595084 2.729312 0.115469 -0.832393 2.781264 0.258693 -0.815373 2.743186 0.104489 -0.866912 2.686031 0.249516 -0.802261 2.733330 
0.183044 0.447450 2.944590 0.184050 0.275859 2.939833 0.043691 0.146584 2.874461 0.335761 0.145298 2.892993 -0.067924 -0.115338 2.845066 0.418297 -0.127731 2.850690 -0.087732 -0.332135 2.850690 0.412809 -0.354959 2.728115 -0.093715 -0.403221 2.681566 0.410142 -0.444373 2.790424 0.176081 -0.109926 2.885751 0.175054 -0.170974 2.820136 0.105111 -0.232984 2.797899 0.242461 -0.234586 2.804791 0.093468 -0.595797 2.782783 0.248368 -0.591531 2.685661 0.112637 -0.829030 2.762230 0.254220 -0.808648 2.685138 0.103228 -0.862740 2.666409 0.241163 -0.790489 2.689232 
0.177521 0.450104 2.914346 0.178539 0.278546 2.911591 0.039112 0.148845 2.844008 0.330796 0.146849 2.867523 -0.074210 -0.110900 2.805227 0.413163 -0.125993 2.827804 -0.097295 -0.322666 2.827804 0.407263 -0.353101 2.677613 -0.102119 -0.391579 2.623134 0.404262 -0.443477 2.767308 0.170913 -0.108076 2.858774 0.170677 -0.169229 2.793389 0.100873 -0.230986 2.769781 0.238184 -0.232894 2.779682 0.088630 -0.593518 2.761511 0.243013 -0.587863 2.645412 0.110101 -0.825760 2.745148 0.250084 -0.802405 2.632712 0.102195 -0.858728 2.648836 0.231656 -0.781488 2.647365 
0.172479 0.452740 2.886675 0.173215 0.281449 2.884127 0.034824 0.151297 2.815005 0.325974 0.148644 2.843181 -0.079665 -0.106461 2.769018 0.408318 -0.124168 2.806596 -0.106176 -0.311729 2.806596 0.402355 -0.351349 2.629352 -0.109744 -0.379429 2.569106 0.399075 -0.442603 2.746896 0.166194 -0.106093 2.833657 0.166761 -0.167437 2.768643 0.097149 -0.229037 2.744138 0.234353 -0.231098 2.756402 0.084203 -0.591074 2.742068 0.238000 -0.584025 2.608755 0.107701 -0.822896 2.730080 0.246125 -0.796280 2.584571 0.101168 -0.855221 2.633358 0.221467 -0.771770 2.604929 
0.167368 0.455490 2.859466 0.167947 0.284429 2.857205 0.030638 0.153748 2.788200 0.321450 0.150575 2.820020 -0.084511 -0.101778 2.735138 0.403675 -0.122190 2.786206 -0.114046 -0.301241 2.786206 0.397823 -0.349599 2.585343 -0.116835 -0.366538 2.518327 0.394716 -0.440868 2.728452 0.161722 -0.103899 2.809976 0.163044 -0.165495 2.745468 0.093621 -0.227059 2.720247 0.230776 -0.229230 2.734767 0.080158 -0.588828 2.724328 0.233276 -0.580835 2.575309 0.105552 -0.820254 2.716574 0.242170 -0.791389 2.539802 0.100249 -0.852000 2.619502 0.217168 -0.768155 2.550551 
0.162692 0.458071 2.834521 0.163039 0.287219 2.831953 0.026416 0.156177 2.762624 0.317176 0.152542 2.797983 -0.088902 -0.097137 2.704120 0.399393 -0.120241 2.767341 -0.120950 -0.291025 2.767341 0.393851 -0.347948 2.545161 -0.122933 -0.354320 2.472514 0.390768 -0.439485 2.711964 0.157516 -0.101652 2.787696 0.159574 -0.163459 2.723669 0.090302 -0.225075 2.697806 0.227474 -0.227276 2.714378 0.076464 -0.586676 2.708028 0.229006 -0.578068 2.545868 0.103580 -0.817793 2.704410 0.238019 -0.790042 2.497446 0.099444 -0.848988 2.607044 0.213257 -0.771046 2.496420 
0.157550 0.460538 2.807757 0.157739 0.289701 2.805840 0.022132 0.158521 2.737477 0.312619 0.154636 2.774939 -0.092924 -0.092635 2.674479 0.395440 -0.118330 2.749023 -0.126957 -0.280597 2.749023 0.390519 -0.346354 2.506278 -0.127811 -0.341872 2.428479 0.387351 -0.438557 2.696934 0.153312 -0.099368 2.765198 0.156076 -0.161370 2.701733 0.087042 -0.223135 2.675719 0.224149 -0.225171 2.693546 0.072999 -0.584259 2.692336 0.224899 -0.575520 2.518854 0.101658 -0.815559 2.693282 0.233944 -0.786262 2.459740 0.098556 -0.846315 2.595687 0.209227 -0.769550 2.448754 
0.152442 0.462875 2.782561 0.152739 0.292046 2.780936 0.018040 0.160804 2.714361 0.308307 0.156591 2.752974 -0.096449 -0.088583 2.646954 0.391667 -0.116329 2.730774 -0.132192 -0.271699 2.730774 0.387515 -0.344718 2.471395 -0.131978 -0.331342 2.389347 0.384418 -0.437602 2.682926 0.149403 -0.097095 2.744157 0.152781 -0.159305 2.681271 0.083992 -0.221286 2.655303 0.221013 -0.223100 2.674057 0.069862 -0.581812 2.677819 0.221112 -0.573126 2.493831 0.099791 -0.813275 2.683009 0.230389 -0.783169 2.426810 0.097665 -0.843672 2.585273 0.203145 -0.769384 2.411454 
0.147370 0.465151 2.758276 0.147964 0.294143 2.757193 0.013943 0.163010 2.692374 0.304075 0.158593 2.731424 -0.099546 -0.085084 2.621644 0.388217 -0.114441 2.713363 -0.136583 -0.264121 2.713363 0.384890 -0.343079 2.440081 -0.135391 -0.322539 2.354609 0.382310 -0.435777 2.668498 0.145738 -0.094880 2.723960 0.149670 -0.157259 2.661606 0.081101 -0.219540 2.635796 0.218092 -0.220999 2.655182 0.067035 -0.579361 2.664310 0.217695 -0.571033 2.471294 0.098100 -0.811132 2.673717 0.227282 -0.780527 2.397692 0.096860 -0.841193 2.575866 0.198251 -0.768108 2.380056 
0.142579 0.467250 2.734373 0.143553 0.296110 2.735197 0.010095 0.165220 2.671530 0.300232 0.160555 2.711268 -0.102273 -0.082021 2.598498 0.385125 -0.112611 2.696788 -0.140420 -0.257631 2.696788 0.382816 -0.341470 2.412138 -0.138357 -0.315093 2.323861 0.380715 -0.433894 2.655184 0.142232 -0.092710 2.704936 0.146700 -0.155223 2.643045 0.078323 -0.217811 2.617318 0.215303 -0.218928 2.637352 0.064503 -0.577018 2.651846 0.214662 -0.569171 2.451191 0.096541 -0.809051 2.665262 0.224554 -0.778155 2.371705 0.096157 -0.838803 2.567342 0.195157 -0.767815 2.348771 
0.138283 0.469255 2.712709 0.139434 0.297965 2.714667 0.006559 0.167388 2.652108 0.296356 0.162647 2.691495 -0.104666 -0.079355 2.577399 0.382278 -0.110661 2.680782 -0.143825 -0.252092 2.680782 0.381201 -0.339743 2.387300 -0.141000 -0.308794 2.296675 0.380014 -0.431508 2.641798 0.139097 -0.090627 2.687167 0.144022 -0.153267 2.625692 0.075869 -0.216157 2.600219 0.212766 -0.216853 2.620538 0.062189 -0.574646 2.640261 0.211919 -0.567464 2.433017 0.095113 -0.807004 2.657537 0.222130 -0.776004 2.348255 0.095499 -0.836480 2.559591 0.191442 -0.765367 2.322479 
0.134154 0.471311 2.692141 0.135513 0.299742 2.695131 0.003297 0.169455 2.633991 0.292784 0.164613 2.672937 -0.106768 -0.077036 2.558295 0.379637 -0.108729 2.665360 -0.146902 -0.247244 2.665360 0.380164 -0.337918 2.365108 -0.143299 -0.303307 2.272282 0.379817 -0.428870 2.628390 0.136201 -0.088628 2.670575 0.141563 -0.151422 2.609543 0.073644 -0.214613 2.584470 0.210438 -0.214882 2.604833 0.060127 -0.572259 2.629426 0.209462 -0.565944 2.416609 0.093814 -0.805064 2.650512 0.219927 -0.774068 2.327006 0.094919 -0.834300 2.552569 0.188935 -0.764993 2.297584 
0.130362 0.473239 2.672871 0.131831 0.301419 2.676891 0.000273 0.171401 2.617202 0.289421 0.166512 2.655213 -0.108562 -0.075007 2.540874 0.377196 -0.106818 2.650541 -0.149653 -0.242994 2.650541 0.379411 -0.336090 2.345133 -0.145007 -0.298822 2.250552 0.379933 -0.426140 2.615443 0.133522 -0.086711 2.655045 0.139259 -0.149657 2.594429 0.071580 -0.213147 2.569837 0.208251 -0.212979 2.590048 0.058265 -0.569824 2.619224 0.207232 -0.564568 2.401743 0.092619 -0.803023 2.643992 0.217814 -0.772313 2.307913 0.094385 -0.832072 2.546113 0.184860 -0.764602 2.276630 
0.126947 0.475021 2.655097 0.128458 0.303007 2.659273 -0.002436 0.173243 2.601191 0.286404 0.168296 2.638668 -0.110122 -0.073200 2.525074 0.374965 -0.104870 2.636340 -0.151931 -0.239469 2.636340 0.378925 -0.334217 2.327296 -0.145825 -0.294859 2.232329 0.380240 -0.423336 2.603037 0.131066 -0.084869 2.640299 0.137187 -0.147993 2.580135 0.069738 -0.211763 2.556058 0.206287 -0.211189 2.576110 0.056588 -0.567273 2.609523 0.205197 -0.563288 2.388279 0.091484 -0.800935 2.637886 0.215785 -0.770724 2.291013 0.093910 -0.829867 2.540135 0.180783 -0.764884 2.258424 
0.123901 0.476681 2.637199 0.125436 0.304472 2.642108 -0.004975 0.174996 2.585690 0.283727 0.170038 2.621619 -0.111486 -0.071595 2.510619 0.372952 -0.103047 2.622564 -0.153599 -0.236894 2.622564 0.378584 -0.332518 2.311743 -0.146038 -0.292306 2.217720 0.380445 -0.420983 2.591425 0.128938 -0.083049 2.625337 0.135336 -0.146305 2.565510 0.068084 -0.210376 2.541987 0.204566 -0.209402 2.561582 0.055011 -0.564184 2.598629 0.203265 -0.562173 2.376027 0.090069 -0.798459 2.630926 0.213872 -0.769561 2.276345 0.093132 -0.827364 2.533575 0.176936 -0.763295 2.243502 
0.121309 0.478335 2.620218 0.122788 0.306036 2.624995 -0.007277 0.176805 2.570226 0.281311 0.171890 2.604333 -0.112675 -0.070152 2.497234 0.371172 -0.101060 2.608821 -0.154740 -0.235412 2.608821 0.378171 -0.330997 2.298696 -0.145808 -0.291320 2.207098 0.380637 -0.418656 2.580607 0.127116 -0.081166 2.610038 0.133740 -0.144562 2.550497 0.066653 -0.208965 2.527889 0.203119 -0.207492 2.546211 0.053660 -0.562505 2.586311 0.201568 -0.561160 2.364837 0.088309 -0.796329 2.621328 0.211993 -0.768663 2.263638 0.092021 -0.825189 2.524750 0.174020 -0.760954 2.230837 
0.119023 0.480267 2.599853 0.120698 0.307915 2.605990 -0.009332 0.178820 2.553495 0.278944 0.174259 2.582132 -0.113682 -0.068789 2.484942 0.369640 -0.098237 2.591742 -0.155479 -0.234696 2.591742 0.377690 -0.328553 2.288058 -0.145275 -0.291750 2.200545 0.380468 -0.416078 2.569983 0.125846 -0.079051 2.592123 0.132320 -0.142603 2.532738 0.065395 -0.207342 2.511814 0.201709 -0.205274 2.527001 0.050534 -0.563499 2.560119 0.200086 -0.560461 2.354451 0.082372 -0.796389 2.595869 0.209907 -0.768757 2.253666 0.088806 -0.824405 2.510077 0.172727 -0.759222 2.219937 
0.117123 0.482160 2.580658 0.118970 0.309720 2.587583 -0.011113 0.180816 2.537240 0.276940 0.176493 2.561341 -0.114553 -0.067554 2.473800 0.368368 -0.095407 2.574773 -0.155640 -0.234816 2.574773 0.377684 -0.325879 2.279864 -0.144346 -0.293450 2.197833 0.381379 -0.412372 2.556538 0.124796 -0.076955 2.574474 0.131134 -0.140638 2.515200 0.064326 -0.205628 2.495410 0.200547 -0.203131 2.508482 0.047266 -0.564410 2.530069 0.198754 -0.559970 2.345017 0.075679 -0.796411 2.564238 0.207586 -0.769531 2.246075 0.085079 -0.823739 2.491882 0.172267 -0.757645 2.211803 
0.115568 0.483988 2.561826 0.117511 0.311491 2.569198 -0.012602 0.182793 2.520905 0.275260 0.178552 2.541348 -0.115312 -0.066437 2.463705 0.367354 -0.092645 2.556495 -0.155165 -0.235773 2.556495 0.377554 -0.323311 2.274160 -0.142982 -0.296297 2.198552 0.381723 -0.409929 2.543367 0.123854 -0.074930 2.556775 0.130080 -0.138755 2.497602 0.063384 -0.203906 2.478960 0.199506 -0.201150 2.490080 0.043605 -0.565358 2.493388 0.197592 -0.559750 2.336464 0.067982 -0.796321 2.525020 0.204963 -0.771014 2.240688 0.080811 -0.820534 2.479087 0.172591 -0.756382 2.206571 
0.114409 0.485849 2.543387 0.116273 0.313266 2.551337 -0.013780 0.184787 2.504642 0.273920 0.180466 2.521980 -0.115959 -0.065431 2.454515 0.366526 -0.090117 2.537882 -0.154066 -0.237619 2.537882 0.377132 -0.320888 2.271117 -0.141122 -0.299940 2.202646 0.382151 -0.407767 2.527819 0.122925 -0.072941 2.539161 0.129017 -0.136892 2.480006 0.062407 -0.202094 2.462456 0.198417 -0.199280 2.471581 0.040069 -0.565416 2.454954 0.196554 -0.559686 2.328743 0.059926 -0.795307 2.483305 0.202244 -0.772891 2.236943 0.075848 -0.819213 2.454136 0.173616 -0.755278 2.204069 
0.113412 0.487855 2.524810 0.115318 0.315064 2.533654 -0.014782 0.186802 2.488978 0.272759 0.182287 2.502369 -0.116487 -0.064517 2.446121 0.365861 -0.087545 2.518610 -0.152325 -0.240302 2.518610 0.376705 -0.318258 2.271059 -0.138546 -0.304330 2.209989 0.383030 -0.405246 2.506771 0.122175 -0.070891 2.521557 0.127986 -0.134951 2.462393 0.061432 -0.200110 2.445926 0.197329 -0.197404 2.453036 0.036824 -0.563442 2.413284 0.195541 -0.559627 2.321699 0.051889 -0.792239 2.433899 0.199703 -0.774839 2.234924 0.073405 -0.807967 2.419203 0.175025 -0.753967 2.203201 
0.112683 0.489850 2.506992 0.114524 0.316877 2.516313 -0.015675 0.188842 2.473453 0.271737 0.184155 2.483008 -0.116839 -0.063551 2.438311 0.365288 -0.085291 2.497580 -0.150102 -0.242896 2.497580 0.376207 -0.315538 2.273433 -0.135680 -0.310689 2.220724 0.383967 -0.402156 2.479053 0.121530 -0.068759 2.504004 0.127020 -0.132892 2.444784 0.060505 -0.197917 2.429350 0.196298 -0.195483 2.434456 0.033956 -0.561018 2.371827 0.194658 -0.559686 2.315335 0.045632 -0.788714 2.381017 0.197180 -0.777002 2.234229 0.071306 -0.796607 2.384622 0.176797 -0.752722 2.204239 
0.112092 0.491748 2.488806 0.113933 0.318693 2.498917 -0.016408 0.190843 2.457906 0.270883 0.185954 2.463312 -0.117049 -0.062545 2.431074 0.364580 -0.083333 2.474982 -0.147615 -0.245323 2.474982 0.376134 -0.312485 2.277113 -0.132685 -0.316780 2.232529 0.385499 -0.399498 2.442433 0.120984 -0.066626 2.486316 0.126058 -0.130828 2.427032 0.059571 -0.195650 2.412629 0.195235 -0.193609 2.415722 0.031774 -0.558443 2.331899 0.193894 -0.559634 2.309511 0.040277 -0.785156 2.329803 0.194901 -0.778734 2.234539 0.070644 -0.782975 2.340090 0.179475 -0.751266 2.206619 
0.111732 0.493614 2.471385 0.113513 0.320504 2.481825 -0.016848 0.192888 2.441944 0.270088 0.187673 2.443564 -0.117113 -0.061466 2.424290 0.363637 -0.081329 2.449681 -0.144859 -0.247502 2.449681 0.376131 -0.308597 2.281521 -0.130444 -0.320867 2.239984 0.386278 -0.393272 2.397604 0.120454 -0.064518 2.468422 0.125074 -0.128748 2.408971 0.058626 -0.193238 2.395526 0.194072 -0.191710 2.396628 0.030646 -0.554582 2.292773 0.193172 -0.559470 2.304135 0.035779 -0.779645 2.275405 0.193056 -0.779597 2.235394 0.071510 -0.771457 2.299481 0.184336 -0.754396 2.212133 
0.111586 0.495341 2.454411 0.113160 0.322247 2.464381 -0.017218 0.194907 2.426153 0.269447 0.189610 2.423960 -0.116980 -0.060221 2.417769 0.362603 -0.078896 2.422493 -0.143412 -0.249039 2.422493 0.376032 -0.302760 2.287054 -0.129072 -0.324487 2.248220 0.386206 -0.384887 2.345661 0.119988 -0.062275 2.450049 0.124091 -0.126472 2.390413 0.057653 -0.190636 2.377848 0.192928 -0.189611 2.377015 0.029841 -0.551065 2.256267 0.192535 -0.559319 2.299233 0.032681 -0.774569 2.223958 0.191551 -0.780389 2.236497 0.072584 -0.756289 2.248179 0.185722 -0.754853 2.211881 
0.111365 0.497094 2.436184 0.112939 0.323961 2.446992 -0.017582 0.196797 2.409783 0.268676 0.191377 2.403687 -0.116703 -0.058839 2.411482 0.361528 -0.076035 2.393179 -0.142567 -0.250148 2.393179 0.376071 -0.295437 2.292268 -0.128164 -0.327646 2.255938 0.385381 -0.374885 2.288272 0.119521 -0.060129 2.431274 0.123028 -0.124266 2.371376 0.056587 -0.188063 2.359699 0.191650 -0.187555 2.356824 0.029359 -0.547938 2.221598 0.191986 -0.559175 2.294655 0.030435 -0.769940 2.174460 0.190328 -0.780990 2.237922 0.073816 -0.748372 2.207327 0.187092 -0.755809 2.211890 
0.111264 0.498682 2.419066 0.112662 0.325489 2.429006 -0.017862 0.198558 2.392786 0.268028 0.192926 2.383453 -0.116291 -0.057351 2.404979 0.360339 -0.073167 2.361981 -0.141885 -0.250875 2.361981 0.375293 -0.287610 2.298452 -0.127444 -0.330443 2.263957 0.383825 -0.364686 2.225468 0.118965 -0.058125 2.411774 0.121902 -0.122170 2.351600 0.055433 -0.185519 2.340606 0.190340 -0.185679 2.335996 0.029083 -0.545220 2.189761 0.191504 -0.559148 2.290315 0.028384 -0.765788 2.128615 0.189288 -0.781732 2.239520 0.070968 -0.744100 2.149587 0.189017 -0.753983 2.215796 
0.110805 0.500151 2.399907 0.112374 0.326907 2.410957 -0.018206 0.200133 2.375080 0.267433 0.194328 2.363148 -0.115819 -0.055703 2.397729 0.359033 -0.070347 2.329463 -0.141335 -0.251701 2.329463 0.373862 -0.278597 2.301911 -0.126842 -0.332999 2.269917 0.381399 -0.353327 2.160953 0.118283 -0.056300 2.391379 0.120648 -0.120187 2.330760 0.054092 -0.183124 2.320234 0.188921 -0.183900 2.313999 0.028705 -0.542925 2.159433 0.191044 -0.559067 2.285680 0.026541 -0.762547 2.087045 0.188540 -0.782040 2.240970 0.070116 -0.738881 2.096654 0.190400 -0.754465 2.216302 
0.110295 0.501342 2.374741 0.111220 0.328067 2.384354 -0.018726 0.201708 2.348139 0.265060 0.195255 2.334181 -0.115980 -0.053666 2.382189 0.355656 -0.067297 2.285613 -0.140776 -0.252585 2.285613 0.368130 -0.266342 2.303511 -0.126221 -0.334452 2.274031 0.374150 -0.337636 2.078933 0.116461 -0.055204 2.360680 0.118185 -0.118905 2.299343 0.051810 -0.180903 2.288956 0.185978 -0.182492 2.281733 0.027722 -0.541000 2.125820 0.189924 -0.558816 2.276725 0.024453 -0.760836 2.050848 0.187583 -0.782410 2.241016 0.067371 -0.737692 2.051846 0.191329 -0.755535 2.214498 
0.109580 0.502366 2.349900 0.110048 0.329178 2.358169 -0.019443 0.203196 2.320492 0.263098 0.196082 2.306546 -0.116588 -0.051692 2.364845 0.352197 -0.064294 2.244222 -0.140820 -0.253828 2.244222 0.362859 -0.255571 2.301513 -0.125807 -0.335678 2.276932 0.367417 -0.323926 2.007513 0.114198 -0.054092 2.329568 0.115396 -0.117479 2.267354 0.048933 -0.178643 2.256396 0.182810 -0.181114 2.248890 0.026706 -0.539230 2.094998 0.189088 -0.559795 2.266230 0.022677 -0.759451 2.018193 0.186662 -0.782833 2.241073 0.064950 -0.737274 2.010882 0.192755 -0.756381 2.213312 
0.107925 0.503443 2.322190 0.108518 0.330694 2.329752 -0.020598 0.204821 2.291045 0.259767 0.197445 2.275202 -0.118415 -0.049932 2.341515 0.348305 -0.061418 2.203000 -0.141233 -0.255658 2.203000 0.357476 -0.245866 2.293487 -0.126385 -0.339058 2.272239 0.360301 -0.312013 1.942672 0.111021 -0.053173 2.295500 0.111290 -0.116327 2.232261 0.044975 -0.176496 2.221323 0.177965 -0.179769 2.212940 0.025136 -0.538586 2.063865 0.187621 -0.561298 2.250622 0.021086 -0.758404 1.988179 0.185784 -0.783320 2.239542 0.062246 -0.737664 1.972571 0.192992 -0.755607 2.210201 
0.106227 0.504586 2.295103 0.106739 0.332402 2.300811 -0.021962 0.206452 2.258670 0.256372 0.198865 2.244583 -0.120917 -0.048532 2.315341 0.344177 -0.058553 2.163468 -0.142441 -0.257948 2.163468 0.352126 -0.237399 2.277342 -0.128186 -0.343143 2.258802 0.353507 -0.302065 1.885775 0.107416 -0.052378 2.260700 0.107168 -0.115332 2.196476 0.041054 -0.174480 2.184855 0.173100 -0.178486 2.176607 0.023419 -0.538427 2.034592 0.185875 -0.563464 2.228970 0.019648 -0.757655 1.960742 0.184539 -0.784204 2.233908 0.059799 -0.738674 1.937152 0.193046 -0.754170 2.203684 
0.104216 0.505907 2.266769 0.104627 0.334370 2.270613 -0.023425 0.207937 2.225525 0.252319 0.200515 2.212129 -0.124632 -0.047602 2.284456 0.339827 -0.056040 2.124894 -0.145129 -0.260521 2.124894 0.346111 -0.230147 2.250941 -0.132060 -0.347617 2.233325 0.347480 -0.292593 1.838267 0.103362 -0.051700 2.224795 0.102437 -0.114509 2.159597 0.036690 -0.172575 2.148064 0.167423 -0.177253 2.138841 0.021593 -0.539008 2.006528 0.183503 -0.563811 2.198428 0.018390 -0.757095 1.935966 0.181415 -0.784207 2.217702 0.057394 -0.740024 1.904969 0.193965 -0.751375 2.189910 
0.102227 0.507784 2.237909 0.102523 0.336613 2.240080 -0.025197 0.209616 2.191649 0.248488 0.202431 2.181224 -0.129067 -0.046581 2.250767 0.335641 -0.053978 2.089065 -0.148766 -0.262103 2.089065 0.340772 -0.224369 2.214595 -0.137491 -0.350546 2.196450 0.342068 -0.284794 1.796677 0.099247 -0.050842 2.188935 0.097930 -0.113523 2.122891 0.032398 -0.170614 2.110416 0.162130 -0.175903 2.101947 0.020002 -0.540307 1.980567 0.181039 -0.566344 2.164202 0.017204 -0.756905 1.913466 0.175974 -0.785577 2.199891 0.055076 -0.741644 1.875662 0.190503 -0.755369 2.165312 
0.100281 0.509610 2.209968 0.100170 0.338981 2.208985 -0.026983 0.211442 2.156539 0.244845 0.204706 2.150954 -0.134615 -0.045592 2.211904 0.331538 -0.052160 2.055496 -0.153634 -0.263112 2.055496 0.336023 -0.219763 2.168932 -0.144558 -0.351611 2.149080 0.337266 -0.278275 1.759922 0.095249 -0.049915 2.153457 0.093850 -0.112504 2.086761 0.028646 -0.168739 2.073287 0.157341 -0.174513 2.066092 0.018498 -0.541725 1.956801 0.178674 -0.568906 2.118495 0.016143 -0.756793 1.893211 0.172607 -0.787243 2.177375 0.052994 -0.743346 1.849286 0.188152 -0.760123 2.134739 
0.098164 0.511432 2.180304 0.097763 0.341386 2.178408 -0.028903 0.213221 2.122452 0.241019 0.206987 2.120480 -0.140687 -0.044759 2.170186 0.327553 -0.050719 2.024008 -0.159928 -0.263453 2.024008 0.331730 -0.216159 2.117661 -0.153031 -0.349620 2.092527 0.332944 -0.272760 1.727164 0.091582 -0.049024 2.118685 0.090095 -0.111514 2.051356 0.025274 -0.166992 2.036939 0.152924 -0.173093 2.030912 0.016943 -0.543235 1.934922 0.175950 -0.568384 2.066584 0.015224 -0.756745 1.874923 0.169561 -0.788384 2.148316 0.051037 -0.745087 1.825473 0.185651 -0.765476 2.097054 
0.095324 0.514038 2.145124 0.094768 0.344394 2.142855 -0.031474 0.215079 2.083221 0.237901 0.209354 2.088368 -0.147794 -0.042266 2.117482 0.323437 -0.049633 1.992910 -0.169618 -0.258854 1.992910 0.327790 -0.213567 2.045803 -0.165756 -0.343260 2.009924 0.328832 -0.268651 1.698484 0.087506 -0.047225 2.080720 0.086361 -0.109623 2.013153 0.021746 -0.164823 1.997292 0.148818 -0.170931 1.993524 0.015281 -0.544810 1.913080 0.171684 -0.564597 1.997993 0.014572 -0.756680 1.858228 0.166670 -0.788207 2.104791 0.049601 -0.746658 1.803699 0.183466 -0.770407 2.044253 
0.092280 0.519326 2.077277 0.089920 0.350660 2.074838 -0.035424 0.220369 2.010466 0.234955 0.214014 2.033029 -0.155515 -0.029769 2.006517 0.318871 -0.046665 1.954477 -0.177464 -0.228000 1.954477 0.324557 -0.210785 1.881821 -0.173043 -0.303972 1.833813 0.325040 -0.267193 1.674818 0.082629 -0.041545 2.016511 0.083142 -0.104021 1.950027 0.018848 -0.159812 1.929804 0.145686 -0.165500 1.935098 0.012882 -0.545575 1.882832 0.164424 -0.552960 1.881744 0.013974 -0.756497 1.841663 0.160890 -0.779841 1.998711 0.048157 -0.748103 1.781631 0.179005 -0.769500 1.927575 
0.088848 0.524202 1.999222 0.084973 0.356545 1.998444 -0.039836 0.224921 1.929817 0.232105 0.219184 1.966686 -0.162637 -0.019514 1.893541 0.314488 -0.042985 1.910964 -0.182272 -0.202243 1.910964 0.321739 -0.208570 1.728430 -0.176364 -0.270686 1.673953 0.322117 -0.264724 1.651711 0.078131 -0.036053 1.942719 0.080295 -0.098461 1.876968 0.016243 -0.155234 1.853418 0.143143 -0.159799 1.865470 0.010538 -0.544567 1.844260 0.158217 -0.540466 1.771438 0.013587 -0.756244 1.823769 0.155691 -0.773817 1.891413 0.046769 -0.749983 1.758146 0.174608 -0.770608 1.811339 
0.085567 0.528703 1.924713 0.080510 0.362115 1.925546 -0.043602 0.229133 1.853300 0.229359 0.224140 1.899128 -0.168030 -0.011138 1.794304 0.310582 -0.039081 1.866694 -0.185484 -0.182643 1.866694 0.319413 -0.206965 1.602513 -0.178297 -0.245444 1.544304 0.319550 -0.262112 1.630193 0.074410 -0.030801 1.870953 0.077961 -0.093047 1.805529 0.014283 -0.150789 1.778956 0.141011 -0.154017 1.796879 0.007843 -0.542514 1.803449 0.153171 -0.529103 1.675017 0.013543 -0.755977 1.804847 0.151392 -0.768644 1.791203 0.045564 -0.752021 1.733783 0.170667 -0.771886 1.704000 
0.082445 0.532763 1.855453 0.076867 0.367368 1.857825 -0.046951 0.233138 1.783235 0.224088 0.229794 1.831144 -0.172235 -0.004580 1.708285 0.307273 -0.035178 1.822947 -0.187792 -0.167759 1.822947 0.317153 -0.205976 1.498574 -0.179706 -0.225951 1.438957 0.317157 -0.259907 1.610389 0.071718 -0.026409 1.803874 0.076138 -0.088619 1.738511 0.013113 -0.146900 1.710641 0.138956 -0.148710 1.732019 0.005477 -0.539195 1.758936 0.148846 -0.518819 1.591957 0.011778 -0.756251 1.782085 0.147740 -0.764452 1.699921 0.041940 -0.755030 1.705321 0.166738 -0.773443 1.607029 
0.079721 0.536689 1.791920 0.073765 0.372481 1.794788 -0.049632 0.237179 1.717466 0.220780 0.235099 1.770330 -0.175321 0.000869 1.632782 0.304469 -0.030852 1.777631 -0.189686 -0.156447 1.777631 0.315523 -0.205430 1.411709 -0.181010 -0.210507 1.352155 0.315157 -0.258123 1.591843 0.069346 -0.021967 1.741050 0.074893 -0.084114 1.675797 0.012320 -0.143021 1.646211 0.137765 -0.143566 1.670507 0.003199 -0.535072 1.712769 0.145274 -0.509196 1.518172 0.009684 -0.756484 1.757189 0.144436 -0.760589 1.615310 0.038219 -0.758059 1.675301 0.163565 -0.774711 1.518162 
0.077044 0.540690 1.732622 0.070914 0.377679 1.735841 -0.051478 0.241223 1.656470 0.218686 0.239578 1.711518 -0.177922 0.005466 1.567505 0.302431 -0.026300 1.733071 -0.191373 -0.147322 1.733071 0.313819 -0.205159 1.338495 -0.182358 -0.198034 1.278905 0.313296 -0.257415 1.572008 0.067299 -0.017875 1.682339 0.073766 -0.080078 1.617092 0.011617 -0.139544 1.587322 0.136670 -0.138929 1.612393 0.000979 -0.529629 1.662011 0.142135 -0.500479 1.453598 0.007075 -0.757169 1.726025 0.141549 -0.757573 1.539499 0.033761 -0.761792 1.639379 0.160627 -0.776202 1.439018 
0.074323 0.544248 1.672526 0.068373 0.383189 1.676392 -0.053071 0.245553 1.595757 0.214783 0.244397 1.648571 -0.180062 0.009247 1.507637 0.301541 -0.021367 1.679804 -0.192963 -0.140253 1.679804 0.312687 -0.205341 1.275071 -0.183875 -0.188317 1.214728 0.312075 -0.258169 1.543407 0.065195 -0.014170 1.621967 0.072148 -0.076554 1.556459 0.010675 -0.136022 1.527371 0.134587 -0.134422 1.551431 -0.001760 -0.518906 1.595644 0.139665 -0.491694 1.393182 0.003165 -0.758008 1.678358 0.140295 -0.755152 1.468781 0.027396 -0.766097 1.587394 0.158968 -0.777775 1.365768 
