58
0.042065 0.611339 2.990064 0.059390 0.432397 3.038156 -0.110278 0.312467 3.049729 0.198044 0.312576 3.020304 -0.127738 0.049775 3.034166 0.246312 0.063563 3.033565 -0.135752 -0.175354 3.033565 0.267572 -0.167012 2.954575 -0.137355 -0.255315 2.944719 0.272414 -0.254498 2.914005 0.063332 0.076403 3.049980 0.058745 0.012561 3.000057 -0.011581 -0.057422 2.996473 0.127857 -0.054476 2.985702 -0.012750 -0.547694 3.031075 0.117519 -0.526957 2.878780 0.028330 -0.897682 3.038793 0.107959 -0.873153 2.815423 0.025874 -0.931402 2.972826 0.102896 -0.933833 2.749246 
0.038005 0.609495 2.980833 0.053965 0.430869 3.026953 -0.115677 0.311105 3.037893 0.193360 0.310849 3.010812 -0.133028 0.048680 3.026858 0.243547 0.062689 3.029963 -0.140240 -0.176148 3.029963 0.265704 -0.167194 2.950549 -0.141813 -0.256410 2.940599 0.270736 -0.255036 2.912922 0.057529 0.075042 3.040861 0.053515 0.010961 2.992566 -0.017100 -0.059408 2.988738 0.123040 -0.055785 2.979537 -0.014901 -0.550316 3.027841 0.108851 -0.526320 2.858167 0.027889 -0.897661 3.038215 0.094098 -0.868033 2.777976 0.025163 -0.930322 2.972350 0.087661 -0.928063 2.707964 
0.032839 0.607873 2.966488 0.047802 0.428959 3.012040 -0.121613 0.309575 3.022512 0.187251 0.308600 2.995944 -0.139736 0.047123 3.014313 0.239533 0.061295 3.022553 -0.146040 -0.177497 3.022553 0.263311 -0.167672 2.943832 -0.147800 -0.257558 2.933669 0.268616 -0.255943 2.910619 0.050376 0.073032 3.026443 0.046709 0.008724 2.979855 -0.024167 -0.062021 2.975894 0.116450 -0.057586 2.967971 -0.017914 -0.553353 3.022296 0.100309 -0.525823 2.838516 0.027154 -0.897435 3.037690 0.081027 -0.864111 2.742630 0.024043 -0.929035 2.970790 0.073582 -0.923747 2.669609 
0.027512 0.606284 2.951372 0.041487 0.427187 2.994862 -0.127560 0.308136 3.006001 0.181092 0.306531 2.979743 -0.146442 0.045741 3.001218 0.235331 0.059887 3.014480 -0.152265 -0.178588 3.014480 0.260514 -0.168176 2.935598 -0.154373 -0.258410 2.925034 0.266195 -0.256928 2.907019 0.043241 0.071256 3.010870 0.039880 0.006639 2.966099 -0.031215 -0.064482 2.962163 0.109789 -0.059253 2.955319 -0.021182 -0.556427 3.015929 0.091686 -0.525371 2.816722 0.026316 -0.897101 3.037078 0.069257 -0.862315 2.710750 0.022727 -0.927451 2.968845 0.060782 -0.920964 2.634356 
0.021326 0.604487 2.932645 0.034890 0.425586 2.976041 -0.133978 0.306439 2.985109 0.174539 0.304561 2.961084 -0.153624 0.044847 2.986270 0.231006 0.058528 3.005341 -0.159406 -0.179297 3.005341 0.256904 -0.168520 2.923965 -0.161912 -0.259001 2.912487 0.263111 -0.257899 2.901204 0.035428 0.069560 2.992444 0.032408 0.004646 2.949310 -0.038963 -0.066806 2.944628 0.102443 -0.060795 2.939982 -0.024920 -0.559384 3.007524 0.083727 -0.524947 2.796352 0.025390 -0.896683 3.036354 0.058603 -0.860929 2.681472 0.021262 -0.925678 2.966497 0.049285 -0.918844 2.602427 
0.015196 0.602890 2.913496 0.028310 0.424264 2.955772 -0.140274 0.304887 2.963930 0.167559 0.302552 2.940225 -0.161269 0.043754 2.968047 0.223799 0.056671 2.986388 -0.166588 -0.180116 2.986388 0.250760 -0.168957 2.911235 -0.169460 -0.259534 2.899138 0.257673 -0.259419 2.888089 0.027626 0.067964 2.972046 0.024717 0.002736 2.930258 -0.046731 -0.069000 2.925398 0.094581 -0.062229 2.921652 -0.029546 -0.562042 2.995265 0.076116 -0.524431 2.776385 0.024320 -0.896142 3.035328 0.049077 -0.859865 2.655112 0.019590 -0.923695 2.963309 0.039076 -0.917193 2.573943 
0.007870 0.601861 2.887873 0.021262 0.423595 2.929449 -0.147200 0.303854 2.937706 0.160194 0.301376 2.913527 -0.168885 0.042767 2.945358 0.215417 0.055369 2.959085 -0.174694 -0.181274 2.959085 0.242595 -0.168200 2.890741 -0.178100 -0.260366 2.878284 0.250528 -0.260294 2.865931 0.018920 0.067107 2.944756 0.015863 0.001619 2.903933 -0.055736 -0.070067 2.898768 0.085387 -0.063310 2.895798 -0.035826 -0.563855 2.971567 0.068364 -0.523628 2.755758 0.022066 -0.895967 3.032929 0.040583 -0.859005 2.631112 0.017364 -0.922323 2.959121 0.029968 -0.916146 2.549510 
0.000844 0.601048 2.862311 0.014797 0.422993 2.903562 -0.153598 0.302967 2.910938 0.153392 0.300271 2.886967 -0.176124 0.042213 2.922163 0.207262 0.054338 2.930702 -0.182505 -0.182279 2.930702 0.234711 -0.167178 2.868625 -0.186616 -0.261060 2.856192 0.243242 -0.260692 2.838750 0.010699 0.066378 2.917401 0.007429 0.000725 2.877049 -0.064344 -0.070804 2.871591 0.076543 -0.064261 2.868956 -0.042213 -0.564860 2.940986 0.060954 -0.522994 2.735713 0.019154 -0.895110 3.028961 0.033082 -0.858250 2.609712 0.014635 -0.920263 2.953030 0.021894 -0.915218 2.527905 
-0.005925 0.600404 2.836571 0.008820 0.422517 2.878278 -0.159526 0.302204 2.883772 0.146824 0.299552 2.859916 -0.183396 0.042129 2.894608 0.199042 0.053464 2.898471 -0.190352 -0.182492 2.898471 0.225993 -0.168041 2.843066 -0.194937 -0.260841 2.829591 0.236097 -0.261797 2.807694 0.003259 0.065744 2.889578 -0.000221 0.000043 2.849117 -0.072058 -0.071144 2.842938 0.068516 -0.065011 2.840924 -0.048122 -0.566603 2.906607 0.053452 -0.522572 2.716029 0.015697 -0.894380 3.023256 0.026364 -0.857726 2.590399 0.011661 -0.918418 2.945052 0.014699 -0.914400 2.508656 
-0.012422 0.600351 2.811050 0.003208 0.422359 2.852674 -0.164981 0.301588 2.856940 0.140585 0.299270 2.832678 -0.190010 0.042146 2.867804 0.191465 0.053039 2.866645 -0.197896 -0.182267 2.866645 0.218187 -0.168984 2.815318 -0.202686 -0.260231 2.801422 0.229040 -0.262377 2.775080 -0.003544 0.065384 2.861774 -0.007286 -0.000353 2.821035 -0.079109 -0.071146 2.814661 0.061049 -0.065507 2.812355 -0.054592 -0.566043 2.864485 0.045915 -0.522316 2.696740 0.009946 -0.893200 3.009561 0.020378 -0.857270 2.573172 0.005686 -0.917061 2.930184 0.008236 -0.913674 2.491433 
-0.018764 0.600510 2.783755 -0.001949 0.422388 2.826637 -0.170055 0.301484 2.830146 0.134879 0.299255 2.805307 -0.195986 0.042170 2.841001 0.184499 0.053021 2.834881 -0.204883 -0.181923 2.834881 0.210846 -0.169725 2.786246 -0.209976 -0.259386 2.771311 0.222013 -0.262414 2.738552 -0.009772 0.065402 2.833694 -0.013809 -0.000279 2.792429 -0.085605 -0.070588 2.785902 0.054119 -0.065686 2.783167 -0.060940 -0.570439 2.830776 0.038617 -0.522040 2.677818 0.004056 -0.892992 2.995126 0.015018 -0.856861 2.557718 -0.000905 -0.918126 2.919388 0.002387 -0.913200 2.476000 
-0.024708 0.600805 2.757540 -0.006831 0.422445 2.800802 -0.174653 0.301552 2.802744 0.129744 0.299365 2.778727 -0.201277 0.042528 2.813099 0.177808 0.052948 2.801844 -0.211239 -0.181237 2.801844 0.203603 -0.170246 2.756099 -0.216585 -0.257881 2.738723 0.215184 -0.261911 2.701750 -0.015522 0.065521 2.806324 -0.019724 -0.000087 2.764430 -0.091488 -0.069913 2.757728 0.047889 -0.065757 2.754722 -0.068450 -0.565102 2.777567 0.031753 -0.522024 2.659739 -0.005451 -0.888494 2.965373 0.010192 -0.856494 2.543795 -0.010536 -0.914164 2.889313 -0.002879 -0.913003 2.462247 
-0.029997 0.601211 2.732352 -0.011261 0.422703 2.775300 -0.178820 0.301764 2.776120 0.125050 0.299657 2.752650 -0.205998 0.042847 2.784184 0.171868 0.052992 2.769529 -0.216777 -0.180908 2.769529 0.196739 -0.169419 2.723669 -0.222061 -0.256916 2.704923 0.208582 -0.259664 2.663883 -0.020461 0.065696 2.779432 -0.024782 0.000158 2.736763 -0.096457 -0.069258 2.729758 0.042596 -0.065715 2.726756 -0.075207 -0.557810 2.723737 0.025335 -0.522318 2.642068 -0.016168 -0.883640 2.926510 0.005735 -0.856251 2.531301 -0.021417 -0.910007 2.850117 -0.007601 -0.913159 2.450233 
-0.035126 0.601454 2.706382 -0.015234 0.423281 2.750541 -0.182638 0.301990 2.750603 0.120620 0.300251 2.727231 -0.210081 0.043174 2.756417 0.166504 0.053274 2.738841 -0.221411 -0.180487 2.738841 0.190436 -0.168320 2.692104 -0.226185 -0.255607 2.670924 0.202376 -0.257164 2.626234 -0.024859 0.066028 2.753717 -0.029338 0.000534 2.710253 -0.100916 -0.068522 2.703269 0.037806 -0.065479 2.699749 -0.078209 -0.550264 2.671993 0.019782 -0.522900 2.625305 -0.028256 -0.880971 2.875144 0.001709 -0.856149 2.520087 -0.033783 -0.908196 2.798427 -0.011973 -0.913678 2.440262 
-0.039944 0.601828 2.679030 -0.019024 0.424043 2.722647 -0.186334 0.302615 2.722173 0.116473 0.301179 2.699371 -0.213796 0.043774 2.725270 0.161203 0.053781 2.705985 -0.225309 -0.179792 2.705985 0.183828 -0.167967 2.655748 -0.229887 -0.254506 2.628373 0.194855 -0.254952 2.586058 -0.028705 0.066729 2.725753 -0.033247 0.001291 2.681503 -0.104706 -0.067516 2.674825 0.033765 -0.064833 2.670558 -0.083329 -0.543318 2.614676 0.015785 -0.524047 2.608739 -0.041844 -0.879538 2.800304 -0.002137 -0.856471 2.509975 -0.047482 -0.907841 2.723339 -0.017414 -0.915154 2.432033 
-0.044708 0.602036 2.648838 -0.022723 0.424753 2.694407 -0.189739 0.303254 2.694335 0.112411 0.302130 2.670602 -0.217016 0.043990 2.693074 0.156278 0.054435 2.673045 -0.228813 -0.178548 2.673045 0.177495 -0.167608 2.617540 -0.233148 -0.252235 2.587196 0.188065 -0.252800 2.548311 -0.032049 0.067382 2.697517 -0.036716 0.002022 2.652370 -0.107983 -0.066531 2.645899 0.030208 -0.064163 2.641016 -0.089172 -0.535536 2.555954 0.012391 -0.525495 2.592609 -0.057651 -0.874494 2.697584 -0.005585 -0.857092 2.500965 -0.063846 -0.903962 2.620549 -0.021133 -0.916312 2.424028 
-0.049545 0.602374 2.616001 -0.026653 0.425754 2.662818 -0.193232 0.304044 2.662612 0.108691 0.303042 2.639740 -0.220053 0.044354 2.658469 0.151567 0.054936 2.638895 -0.231952 -0.177392 2.638895 0.171171 -0.167708 2.579540 -0.235997 -0.250811 2.545928 0.181483 -0.251171 2.512481 -0.035521 0.068360 2.667113 -0.040159 0.003027 2.621251 -0.111214 -0.065328 2.615158 0.026717 -0.063323 2.609707 -0.095747 -0.525332 2.498123 0.009615 -0.526875 2.576906 -0.074369 -0.861526 2.574929 -0.008650 -0.857905 2.493057 -0.080442 -0.892211 2.498069 -0.024300 -0.917709 2.417304 
-0.054253 0.602954 2.582697 -0.030373 0.426757 2.629526 -0.196644 0.304787 2.630384 0.104983 0.304273 2.606127 -0.223301 0.044451 2.623495 0.147044 0.055419 2.604820 -0.235421 -0.176817 2.604820 0.165375 -0.167929 2.539672 -0.239082 -0.249726 2.505934 0.175030 -0.250520 2.477611 -0.038728 0.069347 2.635129 -0.043534 0.004046 2.588561 -0.114463 -0.064122 2.582960 0.023330 -0.062501 2.576748 -0.101982 -0.515896 2.445376 0.007312 -0.527545 2.560080 -0.089127 -0.844996 2.459388 -0.011371 -0.858926 2.486209 -0.095702 -0.876730 2.382679 -0.027003 -0.919288 2.412012 
-0.059356 0.603414 2.544861 -0.034204 0.427744 2.593922 -0.200030 0.305211 2.593579 0.101016 0.305368 2.571779 -0.227145 0.043977 2.585175 0.142211 0.055819 2.567666 -0.239176 -0.176489 2.567666 0.159288 -0.168324 2.501495 -0.242284 -0.248758 2.467114 0.168931 -0.250130 2.444019 -0.042152 0.070227 2.600964 -0.046835 0.004931 2.553731 -0.117553 -0.062938 2.548355 0.020007 -0.061665 2.542122 -0.108026 -0.506576 2.396735 0.005407 -0.528061 2.543375 -0.101113 -0.831127 2.364963 -0.013738 -0.859963 2.480191 -0.107339 -0.863718 2.288280 -0.029246 -0.920979 2.407940 
-0.063918 0.603863 2.510461 -0.037873 0.428735 2.560290 -0.203423 0.305679 2.559713 0.097388 0.306566 2.539328 -0.230691 0.043673 2.550123 0.137849 0.056286 2.533808 -0.242959 -0.175941 2.533808 0.153890 -0.168807 2.466078 -0.245817 -0.247812 2.431834 0.163366 -0.249933 2.413332 -0.045305 0.071301 2.568647 -0.049915 0.006063 2.520791 -0.120516 -0.061635 2.515532 0.017003 -0.060682 2.509377 -0.113609 -0.497986 2.353198 0.003778 -0.528351 2.526849 -0.111060 -0.819682 2.286940 -0.015788 -0.861102 2.474994 -0.117153 -0.852972 2.210220 -0.031036 -0.922849 2.405059 
-0.068437 0.604304 2.477213 -0.041680 0.429691 2.527806 -0.206920 0.306242 2.525750 0.093861 0.307615 2.507344 -0.234144 0.043536 2.517071 0.133722 0.056650 2.501905 -0.246673 -0.175213 2.501905 0.149029 -0.169178 2.432557 -0.249693 -0.247579 2.398908 0.158258 -0.249817 2.384898 -0.048612 0.072262 2.536963 -0.053087 0.007094 2.488446 -0.123553 -0.060397 2.483130 0.013896 -0.059860 2.477119 -0.118856 -0.490332 2.313955 0.002273 -0.528590 2.510240 -0.119607 -0.810136 2.220855 -0.017550 -0.862225 2.470426 -0.125521 -0.844002 2.144054 -0.032367 -0.924934 2.403390 
-0.073491 0.604873 2.441222 -0.046169 0.431166 2.491830 -0.211032 0.307309 2.489083 0.089404 0.309092 2.472410 -0.238591 0.044042 2.480963 0.128769 0.057322 2.467083 -0.251533 -0.174082 2.467083 0.143951 -0.169407 2.397520 -0.254217 -0.247475 2.367035 0.153066 -0.249678 2.355347 -0.052456 0.073785 2.501520 -0.056773 0.008730 2.452312 -0.127054 -0.058462 2.446700 0.010280 -0.058358 2.441266 -0.123917 -0.483161 2.277790 0.000643 -0.528099 2.490170 -0.126991 -0.804431 2.165063 -0.019031 -0.863126 2.466017 -0.132753 -0.839282 2.087972 -0.032948 -0.927107 2.402868 
-0.078260 0.605491 2.407750 -0.050467 0.432617 2.458724 -0.214995 0.308370 2.454878 0.085139 0.310646 2.440063 -0.242775 0.044705 2.447917 0.124203 0.058015 2.435351 -0.256178 -0.172978 2.435351 0.139357 -0.169554 2.365890 -0.258652 -0.247469 2.337538 0.148288 -0.249504 2.327197 -0.056253 0.075229 2.468614 -0.060407 0.010289 2.418741 -0.130542 -0.056587 2.412771 0.006710 -0.056942 2.407931 -0.128644 -0.476630 2.245135 -0.000869 -0.527245 2.469639 -0.133666 -0.799246 2.115220 -0.020296 -0.863950 2.461996 -0.139272 -0.835020 2.037897 -0.033873 -0.928114 2.400301 
-0.084015 0.606493 2.371413 -0.056194 0.434429 2.422984 -0.220155 0.309829 2.417945 0.079503 0.312287 2.404366 -0.248291 0.045656 2.411599 0.118762 0.059415 2.401076 -0.262180 -0.171546 2.401076 0.134031 -0.169028 2.332045 -0.264431 -0.247278 2.306573 0.142929 -0.249188 2.297176 -0.061276 0.076901 2.432359 -0.065254 0.012111 2.381742 -0.135189 -0.054431 2.375229 0.001948 -0.055191 2.371115 -0.133219 -0.470622 2.214806 -0.002840 -0.525536 2.440383 -0.139694 -0.794634 2.070403 -0.021317 -0.864515 2.457875 -0.145148 -0.831332 1.992955 -0.034232 -0.928476 2.397086 
-0.089334 0.607452 2.338242 -0.061577 0.436079 2.390228 -0.225052 0.311318 2.383512 0.074275 0.313805 2.372013 -0.253669 0.046587 2.377668 0.113588 0.060601 2.369418 -0.267789 -0.170224 2.369418 0.128877 -0.168519 2.300670 -0.270006 -0.247066 2.277478 0.137741 -0.248738 2.268883 -0.066157 0.078440 2.399026 -0.069890 0.013802 2.347755 -0.139669 -0.052444 2.340551 -0.002606 -0.053537 2.337436 -0.137237 -0.465260 2.187666 -0.004726 -0.523610 2.408276 -0.145140 -0.790813 2.030112 -0.021847 -0.864948 2.453425 -0.150413 -0.828454 1.952644 -0.033839 -0.928281 2.392926 
-0.094450 0.608436 2.307060 -0.067004 0.437784 2.358832 -0.229969 0.312883 2.351238 0.069069 0.315261 2.341532 -0.259154 0.047310 2.345391 0.108245 0.061816 2.338996 -0.273580 -0.169078 2.338996 0.123652 -0.167861 2.270494 -0.275852 -0.246757 2.249834 0.131995 -0.247474 2.239300 -0.071217 0.079986 2.367122 -0.074729 0.015476 2.315286 -0.144403 -0.050540 2.307263 -0.007361 -0.051881 2.305448 -0.140828 -0.460435 2.163170 -0.006540 -0.521334 2.372999 -0.150026 -0.787940 1.994375 -0.021760 -0.865055 2.448063 -0.155112 -0.826541 1.916955 -0.032634 -0.927266 2.387177 
-0.099556 0.609292 2.277321 -0.072224 0.439366 2.329676 -0.234919 0.314076 2.320174 0.063909 0.316834 2.312910 -0.264498 0.048059 2.315190 0.103043 0.062855 2.310615 -0.279456 -0.167929 2.310615 0.118375 -0.167257 2.241625 -0.281734 -0.246134 2.222582 0.126566 -0.246197 2.211474 -0.076167 0.081390 2.337394 -0.079401 0.016999 2.285068 -0.148983 -0.048884 2.276254 -0.011952 -0.050275 2.275701 -0.143994 -0.456064 2.140643 -0.008614 -0.518446 2.334741 -0.154351 -0.786180 1.963713 -0.020754 -0.864584 2.440670 -0.159184 -0.825721 1.886373 -0.030195 -0.925092 2.378597 
-0.104475 0.610156 2.249613 -0.077303 0.440852 2.302207 -0.239676 0.315185 2.291444 0.059101 0.318310 2.286538 -0.270121 0.048836 2.285888 0.097926 0.063845 2.283902 -0.285247 -0.166943 2.283902 0.113065 -0.166479 2.213883 -0.287623 -0.245543 2.196623 0.120685 -0.244812 2.183003 -0.081004 0.082815 2.309390 -0.083948 0.018561 2.256640 -0.153498 -0.047288 2.246900 -0.016373 -0.048630 2.247856 -0.146760 -0.452152 2.120284 -0.012684 -0.513143 2.292755 -0.157935 -0.782660 1.939901 -0.018807 -0.862221 2.429170 -0.162394 -0.822546 1.862489 -0.028216 -0.923782 2.372688 
-0.109418 0.610922 2.222975 -0.082344 0.442210 2.276450 -0.244336 0.316114 2.264588 0.054243 0.319867 2.261647 -0.275578 0.049522 2.258719 0.092715 0.064887 2.258534 -0.291040 -0.165961 2.258534 0.107666 -0.165683 2.187464 -0.293695 -0.245103 2.171608 0.114233 -0.243265 2.154765 -0.085786 0.084188 2.283217 -0.088459 0.020070 2.230117 -0.157972 -0.045777 2.219523 -0.020762 -0.046986 2.221924 -0.149236 -0.448643 2.101742 -0.018043 -0.506527 2.249993 -0.160910 -0.779444 1.921816 -0.016754 -0.858062 2.411237 -0.164978 -0.819523 1.844286 -0.024662 -0.916730 2.352251 
-0.114539 0.611710 2.196237 -0.087981 0.443543 2.249926 -0.249543 0.317067 2.237362 0.049150 0.321352 2.236865 -0.281758 0.050272 2.230082 0.086924 0.066073 2.232860 -0.298107 -0.164621 2.232860 0.101146 -0.164354 2.158512 -0.300865 -0.242571 2.143536 0.106152 -0.240678 2.123871 -0.091317 0.085705 2.256240 -0.093662 0.021756 2.202863 -0.163317 -0.044088 2.191015 -0.025720 -0.045253 2.195588 -0.152047 -0.445796 2.084723 -0.027646 -0.495796 2.198791 -0.162549 -0.777654 1.908877 -0.020065 -0.852819 2.372273 -0.160601 -0.819617 1.844793 -0.025080 -0.911450 2.327584 
-0.119302 0.612500 2.171549 -0.093263 0.444752 2.225641 -0.254382 0.318156 2.212537 0.044353 0.322756 2.214071 -0.287564 0.051119 2.203796 0.081348 0.067351 2.209085 -0.304798 -0.163110 2.209085 0.094997 -0.163072 2.131356 -0.307795 -0.240623 2.116396 0.098628 -0.238211 2.095323 -0.096447 0.087135 2.231733 -0.098481 0.023337 2.178150 -0.168239 -0.042514 2.165220 -0.030320 -0.043630 2.171734 -0.154693 -0.443360 2.069370 -0.036210 -0.484903 2.149608 -0.163586 -0.776307 1.900880 -0.024155 -0.842202 2.321802 -0.155556 -0.820256 1.849655 -0.026069 -0.902784 2.295141 
-0.124078 0.613332 2.146609 -0.099077 0.445867 2.200445 -0.259873 0.319215 2.186419 0.039092 0.324116 2.190319 -0.293988 0.051813 2.175886 0.074967 0.069120 2.184578 -0.312135 -0.161578 2.184578 0.088026 -0.161500 2.101462 -0.315068 -0.237662 2.085291 0.090926 -0.235751 2.066519 -0.101829 0.088615 2.206987 -0.103454 0.024941 2.153374 -0.173325 -0.041033 2.139142 -0.034962 -0.041976 2.148229 -0.157531 -0.441895 2.055220 -0.044660 -0.472994 2.097760 -0.164947 -0.775541 1.896512 -0.025812 -0.837677 2.275734 -0.152904 -0.819543 1.847693 -0.026023 -0.896577 2.247743 
-0.129078 0.613935 2.120737 -0.104987 0.446787 2.174620 -0.265444 0.320086 2.160906 0.033264 0.325362 2.165817 -0.300416 0.052609 2.147991 0.068430 0.070968 2.159910 -0.318930 -0.160041 2.159910 0.081277 -0.159937 2.071820 -0.322023 -0.234759 2.052273 0.082851 -0.233329 2.037425 -0.107243 0.090140 2.181957 -0.108552 0.026607 2.128385 -0.178422 -0.039535 2.113257 -0.039833 -0.040159 2.124310 -0.160325 -0.440621 2.042028 -0.052608 -0.462524 2.050902 -0.167150 -0.774441 1.894293 -0.029502 -0.832953 2.211742 -0.155481 -0.810120 1.856109 -0.028453 -0.890517 2.178391 
-0.134018 0.614111 2.094669 -0.111234 0.447271 2.148160 -0.271167 0.320571 2.134559 0.027315 0.326078 2.140447 -0.306778 0.053078 2.119125 0.061677 0.072414 2.134562 -0.325509 -0.159026 2.134562 0.074536 -0.158671 2.042027 -0.328586 -0.232188 2.019499 0.075146 -0.231602 2.008805 -0.112761 0.091319 2.156581 -0.113698 0.027923 2.103135 -0.183488 -0.038395 2.087404 -0.044745 -0.038646 2.099989 -0.163526 -0.438797 2.028655 -0.060331 -0.453180 2.006231 -0.169581 -0.771238 1.891741 -0.034386 -0.828157 2.141084 -0.156626 -0.806232 1.855045 -0.032286 -0.884293 2.100614 
-0.138849 0.614047 2.069257 -0.117139 0.447480 2.122767 -0.276666 0.320808 2.109248 0.021611 0.326258 2.115760 -0.312719 0.053241 2.091454 0.055308 0.073143 2.109849 -0.331649 -0.158331 2.109849 0.068252 -0.157471 2.013236 -0.334587 -0.229962 1.988714 0.068052 -0.230094 1.982214 -0.118023 0.092224 2.132115 -0.118624 0.028968 2.078794 -0.188343 -0.037585 2.062500 -0.049462 -0.037367 2.076452 -0.166517 -0.437209 2.016502 -0.067193 -0.444862 1.965152 -0.171995 -0.767904 1.891521 -0.039747 -0.824040 2.073707 -0.157979 -0.802395 1.855158 -0.036933 -0.878922 2.026352 
-0.144176 0.613744 2.038980 -0.123689 0.447208 2.091951 -0.283053 0.321108 2.080074 0.015484 0.326057 2.085369 -0.318816 0.052928 2.059743 0.048167 0.074121 2.079509 -0.337782 -0.158367 2.079509 0.062026 -0.156059 1.982278 -0.340461 -0.228687 1.956083 0.061352 -0.229373 1.953466 -0.124264 0.093031 2.101799 -0.124745 0.030030 2.048544 -0.194537 -0.036877 2.032128 -0.055403 -0.036209 2.046343 -0.170462 -0.435586 2.002785 -0.073722 -0.437388 1.922842 -0.174692 -0.760337 1.891434 -0.045559 -0.821128 2.008399 -0.160116 -0.794748 1.855191 -0.042533 -0.874954 1.954565 
-0.149099 0.613235 2.010292 -0.129691 0.446842 2.062885 -0.288805 0.321375 2.051115 0.009737 0.325760 2.056604 -0.324424 0.052526 2.029946 0.041578 0.074319 2.050280 -0.343423 -0.158554 2.050280 0.056507 -0.154721 1.953345 -0.345731 -0.227637 1.926197 0.055454 -0.229024 1.926086 -0.130197 0.093629 2.072962 -0.130462 0.030866 2.019764 -0.200245 -0.036261 2.003248 -0.061047 -0.035251 2.017701 -0.174537 -0.434064 1.989344 -0.079759 -0.430810 1.884698 -0.176929 -0.756524 1.889948 -0.050726 -0.818524 1.947914 -0.161524 -0.790714 1.854052 -0.047230 -0.871387 1.888237 
-0.153740 0.612660 1.982126 -0.135273 0.446347 2.033951 -0.294277 0.321624 2.023747 0.004221 0.325390 2.027772 -0.329558 0.052201 2.001534 0.035604 0.074763 2.021861 -0.348553 -0.158746 2.021861 0.051592 -0.153153 1.926063 -0.350459 -0.226685 1.898730 0.050474 -0.228599 1.900461 -0.135691 0.094108 2.043908 -0.135914 0.031613 1.990700 -0.205672 -0.035713 1.974350 -0.066507 -0.034453 1.988262 -0.178765 -0.432600 1.975066 -0.085254 -0.425125 1.849866 -0.179035 -0.752504 1.889106 -0.055038 -0.816352 1.892133 -0.163070 -0.786584 1.853176 -0.051240 -0.868321 1.827159 
-0.158372 0.612183 1.950649 -0.140556 0.446035 2.001592 -0.299188 0.321991 1.991174 -0.001578 0.325332 1.994609 -0.334722 0.052314 1.971063 0.029721 0.075877 1.989572 -0.353493 -0.158749 1.989572 0.047052 -0.150967 1.898225 -0.354737 -0.225912 1.872083 0.046391 -0.228007 1.871828 -0.141239 0.094334 2.010494 -0.141395 0.032077 1.957144 -0.210929 -0.035164 1.940927 -0.072280 -0.033714 1.954303 -0.183492 -0.431091 1.955735 -0.089903 -0.420014 1.814244 -0.180811 -0.748736 1.887241 -0.059219 -0.814727 1.844443 -0.164198 -0.783023 1.851662 -0.055151 -0.865910 1.775703 
-0.162537 0.611819 1.921388 -0.145229 0.445803 1.971245 -0.303593 0.322424 1.960975 -0.006824 0.325370 1.963279 -0.339319 0.052661 1.942895 0.024447 0.076946 1.958950 -0.357927 -0.158561 1.958950 0.043092 -0.149023 1.872429 -0.358622 -0.225260 1.847167 0.042729 -0.227681 1.844617 -0.146155 0.094521 1.978837 -0.146318 0.032496 1.925291 -0.215639 -0.034683 1.909277 -0.077505 -0.033013 1.921855 -0.188673 -0.429766 1.933702 -0.095000 -0.415602 1.783441 -0.182520 -0.744739 1.885479 -0.060998 -0.812953 1.799662 -0.165389 -0.779399 1.850057 -0.056499 -0.863303 1.727196 
-0.166310 0.611614 1.893072 -0.149373 0.445719 1.941703 -0.307428 0.322841 1.930761 -0.011752 0.325351 1.931874 -0.343430 0.053300 1.916065 0.019748 0.077861 1.928511 -0.361982 -0.158151 1.928511 0.039896 -0.147161 1.848003 -0.362171 -0.224535 1.823715 0.039779 -0.227490 1.818061 -0.150630 0.094564 1.947437 -0.150843 0.032744 1.893590 -0.219879 -0.034232 1.878018 -0.082451 -0.032483 1.889242 -0.194079 -0.428512 1.906393 -0.099636 -0.411811 1.755746 -0.184241 -0.740033 1.882691 -0.061871 -0.811272 1.758903 -0.166783 -0.775250 1.847400 -0.056982 -0.860811 1.683162 
-0.169724 0.611400 1.865526 -0.153052 0.445733 1.912871 -0.310799 0.323166 1.902051 -0.016228 0.325518 1.901800 -0.347121 0.053939 1.890453 0.015669 0.079018 1.899203 -0.365759 -0.157767 1.899203 0.037389 -0.145454 1.824813 -0.365371 -0.223970 1.801320 0.037622 -0.227450 1.791358 -0.154520 0.094611 1.916985 -0.154809 0.032961 1.862892 -0.223527 -0.033794 1.847788 -0.086836 -0.031973 1.857664 -0.200142 -0.427247 1.876536 -0.103755 -0.408465 1.730164 -0.185728 -0.735827 1.880010 -0.062630 -0.809763 1.723474 -0.168094 -0.771429 1.844677 -0.057438 -0.858601 1.645028 
-0.172843 0.611130 1.838940 -0.156193 0.445760 1.885108 -0.313553 0.323228 1.873719 -0.020249 0.325616 1.872241 -0.350409 0.054605 1.865774 0.012292 0.080097 1.870190 -0.369240 -0.157355 1.870190 0.035435 -0.143738 1.802322 -0.368295 -0.223557 1.779751 0.036056 -0.227432 1.764306 -0.157844 0.094482 1.887404 -0.158216 0.032978 1.833027 -0.226601 -0.033495 1.818404 -0.090669 -0.031643 1.826946 -0.206253 -0.425984 1.841316 -0.107088 -0.405624 1.706324 -0.187025 -0.730935 1.875394 -0.063752 -0.808441 1.692631 -0.169461 -0.767222 1.840228 -0.058308 -0.856680 1.611903 
-0.175544 0.610654 1.813280 -0.158844 0.445733 1.858249 -0.315874 0.323186 1.846751 -0.023899 0.325486 1.843344 -0.353316 0.055357 1.842428 0.009527 0.081033 1.842012 -0.372410 -0.156848 1.842012 0.033902 -0.142922 1.780656 -0.370982 -0.223218 1.759099 0.035052 -0.227376 1.737675 -0.160663 0.094223 1.859015 -0.161204 0.032832 1.804415 -0.229257 -0.033311 1.790326 -0.094101 -0.031493 1.797509 -0.212928 -0.424697 1.804141 -0.109912 -0.403218 1.684497 -0.187997 -0.725667 1.869476 -0.064913 -0.807215 1.665000 -0.172332 -0.762890 1.837236 -0.059262 -0.854918 1.582211 
-0.177981 0.609231 1.785106 -0.160995 0.445568 1.829181 -0.317740 0.322640 1.817500 -0.027110 0.325381 1.812543 -0.355699 0.056254 1.817086 0.007599 0.081630 1.810630 -0.375231 -0.156147 1.810630 0.032981 -0.142423 1.756571 -0.373511 -0.222846 1.735938 0.034738 -0.226750 1.706987 -0.163014 0.093809 1.828987 -0.163734 0.032489 1.774281 -0.231447 -0.033285 1.761169 -0.097095 -0.031568 1.766265 -0.219461 -0.422804 1.757105 -0.111566 -0.401332 1.663616 -0.188002 -0.723475 1.861594 -0.066297 -0.806093 1.640059 -0.172798 -0.760170 1.827644 -0.060637 -0.853278 1.555559 
-0.180399 0.606833 1.752250 -0.163001 0.445194 1.796186 -0.318939 0.321880 1.784790 -0.029986 0.325199 1.777485 -0.357484 0.057236 1.788272 0.006470 0.081886 1.774315 -0.377231 -0.155112 1.774315 0.032322 -0.141303 1.726873 -0.375638 -0.222015 1.707016 0.035150 -0.224892 1.669131 -0.165079 0.093215 1.795842 -0.166063 0.031918 1.741165 -0.233403 -0.033263 1.729485 -0.099898 -0.031985 1.731897 -0.225798 -0.419693 1.699568 -0.112701 -0.400067 1.642691 -0.184629 -0.723760 1.837748 -0.068227 -0.805107 1.617236 -0.170099 -0.760071 1.800079 -0.062915 -0.851775 1.531264 
-0.182526 0.604433 1.721776 -0.164719 0.444746 1.765512 -0.319832 0.321079 1.754581 -0.032427 0.325054 1.745233 -0.358897 0.058193 1.761472 0.005650 0.082120 1.740544 -0.378740 -0.154029 1.740544 0.031763 -0.139845 1.698727 -0.377314 -0.221110 1.679315 0.035662 -0.223044 1.633527 -0.166815 0.092645 1.765415 -0.168050 0.031356 1.710820 -0.235048 -0.033276 1.700550 -0.102313 -0.032408 1.700384 -0.231296 -0.416608 1.646858 -0.113569 -0.399042 1.623678 -0.178801 -0.725753 1.800890 -0.070117 -0.804189 1.596798 -0.164815 -0.762094 1.758411 -0.065282 -0.850351 1.509718 
-0.184674 0.601730 1.688809 -0.166304 0.443974 1.731844 -0.320343 0.320109 1.721951 -0.034617 0.324498 1.709920 -0.359858 0.059187 1.731728 0.005197 0.082300 1.704952 -0.379492 -0.152804 1.704952 0.031135 -0.138095 1.666666 -0.378295 -0.219423 1.646996 0.035380 -0.220754 1.594960 -0.168347 0.092006 1.733679 -0.169891 0.030639 1.679549 -0.236545 -0.033419 1.671035 -0.104568 -0.032978 1.668230 -0.237584 -0.413117 1.592276 -0.114020 -0.398386 1.605276 -0.154781 -0.711225 1.745422 -0.072224 -0.803136 1.578930 -0.142059 -0.746810 1.696279 -0.068178 -0.848599 1.491395 
-0.186405 0.598493 1.654662 -0.167806 0.442908 1.697952 -0.320850 0.318879 1.689324 -0.036521 0.323715 1.674666 -0.360601 0.060250 1.701365 0.004744 0.082438 1.668918 -0.380076 -0.151745 1.668918 0.030214 -0.136829 1.633569 -0.379244 -0.218586 1.614439 0.034604 -0.218782 1.557435 -0.169748 0.091117 1.701630 -0.171621 0.029678 1.647875 -0.237973 -0.033831 1.641017 -0.106664 -0.033909 1.635536 -0.243532 -0.410739 1.542701 -0.114145 -0.398118 1.587673 -0.154834 -0.704393 1.680711 -0.074713 -0.802115 1.562997 -0.144181 -0.729708 1.639783 -0.071801 -0.846823 1.475362 
-0.189006 0.594117 1.616136 -0.169502 0.441431 1.661259 -0.321012 0.316796 1.653436 -0.038416 0.322550 1.637706 -0.361552 0.061457 1.668449 0.003917 0.082271 1.631774 -0.380824 -0.150744 1.631774 0.028922 -0.136059 1.600115 -0.380528 -0.217419 1.579400 0.033174 -0.217221 1.520130 -0.171274 0.089816 1.667582 -0.173361 0.028224 1.614459 -0.239356 -0.034676 1.609262 -0.108756 -0.035218 1.601726 -0.249288 -0.409386 1.496930 -0.114101 -0.398205 1.570545 -0.155005 -0.699283 1.619248 -0.078422 -0.800976 1.548830 -0.146589 -0.714185 1.586317 -0.077047 -0.844832 1.461257 
-0.192432 0.589088 1.571007 -0.171961 0.439810 1.619180 -0.320935 0.313903 1.610468 -0.041801 0.320471 1.594935 -0.363606 0.062408 1.630110 0.002125 0.081508 1.589980 -0.382552 -0.149930 1.589980 0.026738 -0.135828 1.561752 -0.383389 -0.218862 1.540624 0.030935 -0.216022 1.481179 -0.173472 0.087497 1.627998 -0.175668 0.025543 1.575478 -0.240912 -0.036371 1.571607 -0.111735 -0.037382 1.562799 -0.255222 -0.409062 1.449596 -0.113995 -0.399300 1.550246 -0.153582 -0.695523 1.560829 -0.085741 -0.797345 1.538365 -0.148414 -0.700012 1.534592 -0.087094 -0.838262 1.451681 
-0.194889 0.585924 1.536442 -0.175306 0.438290 1.575779 -0.320770 0.310031 1.563649 -0.046480 0.318056 1.550027 -0.366509 0.063320 1.589629 -0.000467 0.080013 1.547453 -0.385317 -0.149217 1.547453 0.024393 -0.136275 1.522164 -0.386968 -0.218916 1.500964 0.028809 -0.215446 1.444135 -0.176680 0.084272 1.585865 -0.178856 0.021775 1.533657 -0.243009 -0.038745 1.530776 -0.115828 -0.040379 1.521569 -0.261083 -0.409634 1.405909 -0.114866 -0.401142 1.528717 -0.153140 -0.693082 1.506405 -0.088549 -0.796682 1.524963 -0.150979 -0.687390 1.485997 -0.090720 -0.836808 1.438301 
-0.197871 0.583674 1.503438 -0.179674 0.437018 1.529972 -0.320436 0.306090 1.513782 -0.052814 0.315344 1.502523 -0.370563 0.064804 1.546009 -0.004116 0.078871 1.502748 -0.388669 -0.147765 1.502748 0.020716 -0.136725 1.478077 -0.391675 -0.220142 1.457706 0.026048 -0.214723 1.405243 -0.180847 0.080481 1.540644 -0.182891 0.017304 1.488646 -0.245475 -0.041399 1.486558 -0.121229 -0.043697 1.477104 -0.266773 -0.412390 1.367444 -0.116901 -0.404339 1.499721 -0.165609 -0.701377 1.444952 -0.091804 -0.797018 1.507976 -0.167067 -0.695466 1.418362 -0.094622 -0.836569 1.421661 
-0.201911 0.580579 1.466989 -0.184975 0.435875 1.483718 -0.319593 0.302199 1.461414 -0.060380 0.312446 1.453914 -0.376169 0.066179 1.499720 -0.008429 0.078125 1.457497 -0.394213 -0.146546 1.457497 0.015951 -0.137720 1.432839 -0.398322 -0.221694 1.411971 0.022036 -0.214595 1.364950 -0.186486 0.076007 1.493194 -0.188227 0.012070 1.441184 -0.248791 -0.044360 1.440115 -0.128356 -0.047353 1.430127 -0.271555 -0.415657 1.331838 -0.118135 -0.410308 1.471487 -0.175628 -0.710337 1.390083 -0.094091 -0.799382 1.481972 -0.179863 -0.704981 1.357510 -0.097290 -0.837868 1.396358 
-0.207917 0.577208 1.429536 -0.191272 0.434974 1.437403 -0.319028 0.297835 1.409381 -0.069733 0.310855 1.404069 -0.383050 0.067072 1.452328 -0.013904 0.077643 1.410737 -0.400943 -0.147070 1.410737 0.009786 -0.138465 1.384207 -0.406464 -0.222823 1.364003 0.016494 -0.214142 1.321379 -0.192809 0.071103 1.446169 -0.194463 0.006214 1.393949 -0.252918 -0.048066 1.392801 -0.136440 -0.051181 1.384124 -0.275910 -0.419181 1.299970 -0.117853 -0.417487 1.435994 -0.184519 -0.719106 1.343840 -0.091893 -0.802364 1.440696 -0.191490 -0.714784 1.306104 -0.095559 -0.839772 1.356079 
-0.213979 0.574036 1.394157 -0.197420 0.434062 1.395162 -0.318626 0.293740 1.362346 -0.078439 0.309480 1.359634 -0.389963 0.067044 1.408208 -0.019249 0.077209 1.368275 -0.407530 -0.147440 1.368275 0.003627 -0.139363 1.339869 -0.414201 -0.223610 1.319963 0.010659 -0.213874 1.280272 -0.198909 0.066497 1.403173 -0.200329 0.000756 1.350826 -0.256742 -0.051535 1.349627 -0.144094 -0.054668 1.342050 -0.280379 -0.422910 1.270388 -0.118311 -0.425019 1.397846 -0.195285 -0.728475 1.299909 -0.090699 -0.805497 1.392278 -0.204736 -0.725641 1.257032 -0.094523 -0.841888 1.308733 
-0.223061 0.569861 1.352620 -0.207594 0.431950 1.344621 -0.320946 0.291077 1.309877 -0.090597 0.308745 1.308001 -0.400702 0.068713 1.355319 -0.029421 0.078178 1.316084 -0.418983 -0.146694 1.316084 -0.008499 -0.137427 1.280816 -0.426532 -0.222463 1.259135 -0.002320 -0.210720 1.220182 -0.207736 0.063196 1.352758 -0.208795 -0.002856 1.300436 -0.263346 -0.052949 1.298648 -0.153996 -0.056213 1.292882 -0.286235 -0.426437 1.240452 -0.123142 -0.431761 1.346008 -0.210052 -0.737219 1.255912 -0.097068 -0.806287 1.320848 -0.221986 -0.736099 1.207789 -0.101006 -0.841707 1.238592 
-0.232505 0.565020 1.310598 -0.217714 0.428774 1.294975 -0.323711 0.288403 1.261253 -0.102432 0.308340 1.260040 -0.411508 0.069884 1.305528 -0.040017 0.078811 1.265879 -0.430353 -0.145414 1.265879 -0.021241 -0.134629 1.224565 -0.438491 -0.220395 1.200390 -0.016590 -0.208503 1.160430 -0.216327 0.060375 1.305278 -0.217011 -0.005885 1.253286 -0.269874 -0.053998 1.251000 -0.163529 -0.057325 1.246834 -0.292608 -0.429920 1.212291 -0.128740 -0.438071 1.294138 -0.226868 -0.745722 1.214668 -0.104509 -0.806711 1.249948 -0.240911 -0.746505 1.161723 -0.108475 -0.841338 1.168882 
