117
-0.055056 0.459996 3.730433 -0.052777 0.257090 3.748341 -0.232554 0.137602 3.719071 0.134060 0.156084 3.746594 -0.325961 -0.148202 3.719038 0.228015 -0.130370 3.731343 -0.341343 -0.379410 3.731343 0.223417 -0.356629 3.597165 -0.338445 -0.432009 3.595300 0.230286 -0.419034 3.561393 -0.054162 -0.136917 3.740702 -0.050170 -0.202104 3.676316 -0.130792 -0.283568 3.651167 0.032937 -0.281515 3.668999 -0.157263 -0.750592 3.507979 0.027484 -0.770593 3.680844 -0.169569 -1.112360 3.303855 0.010318 -1.168796 3.670656 -0.170643 -1.153198 3.201976 0.018194 -1.209370 3.577638 
-0.052407 0.460718 3.717245 -0.049927 0.257273 3.733960 -0.229757 0.138083 3.704905 0.137591 0.156861 3.735075 -0.322036 -0.145869 3.707000 0.231323 -0.129859 3.719529 -0.337530 -0.378453 3.719529 0.226326 -0.356458 3.589623 -0.335332 -0.433385 3.584183 0.233765 -0.418053 3.550753 -0.050806 -0.136047 3.728654 -0.046535 -0.201396 3.664754 -0.127399 -0.283063 3.638750 0.036867 -0.281444 3.659068 -0.154346 -0.750276 3.497348 0.029476 -0.770008 3.674852 -0.166817 -1.109904 3.285843 0.010640 -1.168699 3.670053 -0.166897 -1.150312 3.183385 0.018846 -1.209618 3.577574 
-0.051264 0.461523 3.700643 -0.047671 0.257580 3.718405 -0.227870 0.138732 3.690395 0.140473 0.157865 3.722934 -0.318943 -0.143956 3.692606 0.234074 -0.129115 3.707265 -0.333742 -0.377927 3.707265 0.228751 -0.355920 3.580391 -0.332190 -0.434103 3.571133 0.236590 -0.416895 3.537825 -0.048109 -0.134780 3.715126 -0.043589 -0.200206 3.651669 -0.124678 -0.282236 3.625469 0.040103 -0.280831 3.646755 -0.151528 -0.750048 3.486794 0.031399 -0.769977 3.668818 -0.164331 -1.107729 3.269685 0.010975 -1.168612 3.669412 -0.163528 -1.147746 3.166720 0.019483 -1.209821 3.577378 
-0.050753 0.462445 3.683834 -0.047081 0.258246 3.699701 -0.226769 0.139628 3.675304 0.142783 0.158968 3.710817 -0.316320 -0.142002 3.677918 0.236241 -0.128088 3.694252 -0.330240 -0.376871 3.694252 0.230658 -0.355120 3.568433 -0.329524 -0.434413 3.555925 0.239022 -0.415668 3.525228 -0.046352 -0.133066 3.699920 -0.041379 -0.198681 3.637182 -0.122593 -0.281100 3.610956 0.042759 -0.279968 3.633494 -0.148955 -0.748966 3.475731 0.033183 -0.770004 3.662650 -0.162102 -1.105770 3.255213 0.011338 -1.168517 3.668660 -0.160442 -1.145449 3.151784 0.020180 -1.209971 3.576968 
-0.050906 0.463449 3.666996 -0.047023 0.258944 3.681684 -0.226337 0.140639 3.659022 0.144112 0.160398 3.697330 -0.314198 -0.139975 3.662551 0.237762 -0.126745 3.681146 -0.327335 -0.375410 3.681146 0.231868 -0.353793 3.554523 -0.327430 -0.434402 3.539686 0.240648 -0.413994 3.511815 -0.045129 -0.131345 3.684512 -0.039691 -0.197082 3.622296 -0.120956 -0.279858 3.596038 0.044886 -0.278875 3.619435 -0.146726 -0.747908 3.464080 0.034843 -0.770099 3.656344 -0.160086 -1.104070 3.242170 0.011707 -1.167836 3.666459 -0.157639 -1.143450 3.138325 0.020898 -1.209351 3.574835 
-0.052504 0.464793 3.648047 -0.048342 0.260065 3.662466 -0.227658 0.141900 3.640574 0.143697 0.162048 3.681029 -0.313155 -0.137845 3.644435 0.238149 -0.125017 3.666749 -0.325242 -0.373465 3.666749 0.232389 -0.351910 3.536504 -0.325738 -0.434748 3.520378 0.241573 -0.411960 3.497682 -0.044991 -0.129408 3.666955 -0.039044 -0.195241 3.605169 -0.120341 -0.278475 3.578774 0.046124 -0.277456 3.603081 -0.144867 -0.746865 3.451474 0.036297 -0.770161 3.646463 -0.158262 -1.102571 3.230363 0.012096 -1.167194 3.664097 -0.155351 -1.142350 3.126868 0.021585 -1.208706 3.572421 
-0.055531 0.466715 3.627743 -0.050752 0.261431 3.642174 -0.230208 0.143710 3.621044 0.142364 0.163835 3.664030 -0.313223 -0.135359 3.624803 0.237110 -0.122800 3.651308 -0.323668 -0.371576 3.651308 0.232438 -0.349649 3.518693 -0.324769 -0.434939 3.500685 0.241907 -0.409782 3.483841 -0.046001 -0.127147 3.648009 -0.039493 -0.193043 3.586643 -0.120796 -0.276735 3.560344 0.046280 -0.275628 3.585062 -0.143683 -0.745665 3.438488 0.033967 -0.768857 3.626718 -0.156608 -1.101243 3.219665 0.012501 -1.166472 3.661430 -0.153072 -1.140899 3.115978 0.022311 -1.207920 3.569601 
-0.059211 0.468843 3.607787 -0.054123 0.263191 3.620635 -0.233383 0.145601 3.601664 0.139931 0.165516 3.645920 -0.314672 -0.132352 3.603279 0.235320 -0.120349 3.635653 -0.322851 -0.369374 3.635653 0.231759 -0.347052 3.500001 -0.324842 -0.433682 3.479138 0.241553 -0.407017 3.469403 -0.047749 -0.124789 3.627967 -0.040723 -0.190818 3.567008 -0.122037 -0.274912 3.540715 0.045722 -0.273727 3.566156 -0.142817 -0.744568 3.426025 0.033765 -0.768788 3.609789 -0.155091 -1.100073 3.209994 0.012884 -1.164820 3.657175 -0.150990 -1.139614 3.106163 0.022944 -1.206055 3.565015 
-0.064591 0.471390 3.586804 -0.059065 0.265615 3.597500 -0.238822 0.147556 3.578950 0.135284 0.167470 3.624710 -0.317533 -0.129457 3.578527 0.232113 -0.117521 3.617921 -0.323574 -0.366900 3.617921 0.230228 -0.344375 3.476600 -0.325933 -0.431932 3.452996 0.239532 -0.403444 3.452135 -0.051009 -0.122119 3.605259 -0.043415 -0.188274 3.544467 -0.124488 -0.272890 3.518468 0.043479 -0.271214 3.543469 -0.142608 -0.743710 3.412863 0.033313 -0.767472 3.586558 -0.153688 -1.099057 3.201278 0.013331 -1.162851 3.651879 -0.149451 -1.139766 3.099144 0.023656 -1.203774 3.559324 
-0.070822 0.474104 3.565800 -0.065150 0.268235 3.573759 -0.244983 0.149621 3.556539 0.129684 0.169334 3.603338 -0.321248 -0.126425 3.553612 0.227636 -0.114828 3.598636 -0.325269 -0.363758 3.598636 0.227137 -0.341977 3.451159 -0.328139 -0.429730 3.425207 0.237050 -0.400964 3.434333 -0.055181 -0.119380 3.582078 -0.046975 -0.185692 3.521543 -0.127740 -0.270814 3.495950 0.040442 -0.268603 3.520561 -0.142768 -0.742856 3.400086 0.033299 -0.765310 3.560633 -0.152429 -1.098062 3.193404 0.013839 -1.160187 3.645047 -0.147751 -1.138864 3.091548 0.024407 -1.200719 3.552028 
-0.078044 0.476540 3.544536 -0.071704 0.270862 3.550744 -0.251962 0.151825 3.533662 0.123702 0.171230 3.582590 -0.325984 -0.122937 3.528128 0.222631 -0.112372 3.579664 -0.327666 -0.360420 3.579664 0.223829 -0.339869 3.426255 -0.330744 -0.427654 3.398298 0.234081 -0.397761 3.417392 -0.060000 -0.116640 3.559301 -0.051103 -0.183075 3.499011 -0.131740 -0.268722 3.473621 0.036968 -0.265894 3.498094 -0.143358 -0.742164 3.387549 0.033299 -0.762710 3.531897 -0.151263 -1.097169 3.186378 0.014402 -1.156837 3.636552 -0.146116 -1.138026 3.084841 0.025321 -1.196902 3.543036 
-0.085484 0.478802 3.523918 -0.078223 0.273436 3.529133 -0.259213 0.154067 3.511589 0.116935 0.173115 3.561527 -0.330960 -0.119661 3.503868 0.216957 -0.110007 3.560801 -0.330796 -0.356841 3.560801 0.220225 -0.337856 3.401014 -0.333728 -0.426710 3.369835 0.230818 -0.394598 3.401110 -0.064977 -0.114004 3.537452 -0.055527 -0.180521 3.477252 -0.136096 -0.266699 3.452038 0.033167 -0.263137 3.476201 -0.144178 -0.741645 3.375507 0.033319 -0.759601 3.501354 -0.150189 -1.096382 3.180198 0.015203 -1.153119 3.626200 -0.144604 -1.137255 3.078997 0.026560 -1.195319 3.538963 
-0.093063 0.480973 3.503897 -0.085129 0.276022 3.508172 -0.267013 0.156206 3.489956 0.110203 0.174980 3.541687 -0.336243 -0.116451 3.480644 0.210852 -0.107471 3.542451 -0.334228 -0.353029 3.542451 0.216246 -0.335477 3.376029 -0.338037 -0.424722 3.341031 0.227089 -0.391245 3.384718 -0.070312 -0.111272 3.516258 -0.060248 -0.177840 3.456171 -0.140753 -0.264635 3.431171 0.029150 -0.260234 3.454992 -0.145332 -0.741043 3.363645 0.033511 -0.754164 3.464880 -0.149222 -1.095520 3.174795 0.016149 -1.146094 3.607597 -0.143177 -1.136342 3.073978 0.028669 -1.193500 3.532854 
-0.101104 0.483208 3.484192 -0.092217 0.278642 3.488384 -0.274702 0.158248 3.469439 0.103086 0.176866 3.522267 -0.342911 -0.112601 3.455758 0.204728 -0.105003 3.525167 -0.338037 -0.349112 3.525167 0.211915 -0.332826 3.351489 -0.342477 -0.422735 3.311923 0.223455 -0.388845 3.368936 -0.075873 -0.108702 3.495906 -0.065263 -0.175315 3.435820 -0.145640 -0.262710 3.411139 0.024725 -0.257337 3.434200 -0.146666 -0.740501 3.352272 0.033599 -0.748724 3.429282 -0.148316 -1.094761 3.170111 0.017057 -1.139622 3.588587 -0.141833 -1.135510 3.069680 0.030896 -1.191975 3.526898 
-0.109060 0.485394 3.464942 -0.099430 0.281052 3.469325 -0.282573 0.160273 3.448976 0.096022 0.178669 3.503844 -0.350445 -0.107974 3.430072 0.198597 -0.102745 3.508944 -0.341994 -0.345179 3.508944 0.207473 -0.330264 3.328020 -0.346986 -0.420450 3.284098 0.219950 -0.386699 3.354284 -0.081966 -0.106243 3.475848 -0.070766 -0.172839 3.415754 -0.151138 -0.260764 3.391126 0.019813 -0.254477 3.413787 -0.148205 -0.740040 3.341380 0.033204 -0.742566 3.391929 -0.147483 -1.094075 3.166143 0.018371 -1.132814 3.563386 -0.140512 -1.134712 3.066143 0.033654 -1.189516 3.515585 
-0.116906 0.487523 3.446411 -0.106725 0.283527 3.450865 -0.290445 0.162213 3.428811 0.088685 0.180522 3.485610 -0.357608 -0.103689 3.406449 0.191890 -0.100343 3.493126 -0.347002 -0.340385 3.493126 0.202991 -0.327641 3.303211 -0.351328 -0.418237 3.258516 0.215639 -0.384370 3.339218 -0.088057 -0.103848 3.456604 -0.076262 -0.170456 3.396531 -0.156589 -0.258854 3.371871 0.014900 -0.251724 3.394411 -0.149948 -0.739575 3.330967 0.032780 -0.736787 3.355984 -0.146690 -1.093431 3.162916 0.018591 -1.125908 3.527226 -0.139219 -1.133924 3.063382 0.036468 -1.187094 3.495622 
-0.124419 0.489694 3.428838 -0.113991 0.285980 3.432968 -0.298046 0.164042 3.409805 0.081598 0.182302 3.468484 -0.364372 -0.099974 3.384124 0.185014 -0.098056 3.477748 -0.352002 -0.335999 3.477748 0.198662 -0.325263 3.279251 -0.355615 -0.416053 3.234154 0.211525 -0.382404 3.325220 -0.094067 -0.101430 3.438063 -0.081672 -0.168040 3.378032 -0.161892 -0.256928 3.353456 0.010041 -0.248912 3.375720 -0.151870 -0.739071 3.321040 0.032280 -0.730514 3.319195 -0.145934 -1.092861 3.160309 0.019494 -1.118814 3.482211 -0.137959 -1.133184 3.061267 0.039981 -1.184276 3.462902 
-0.131564 0.491858 3.412414 -0.121223 0.288330 3.415697 -0.305319 0.165873 3.391797 0.074527 0.183912 3.451730 -0.371045 -0.096641 3.362739 0.178338 -0.095964 3.463298 -0.356881 -0.332068 3.463298 0.194552 -0.323095 3.256493 -0.359675 -0.413958 3.211596 0.207594 -0.380705 3.312241 -0.099938 -0.099101 3.420211 -0.086987 -0.165697 3.360193 -0.167054 -0.255013 3.335652 0.005254 -0.246166 3.357742 -0.153837 -0.738591 3.311741 0.031554 -0.724796 3.284089 -0.145216 -1.092410 3.158195 0.021672 -1.111900 3.429242 -0.136768 -1.132534 3.059622 0.044252 -1.181146 3.416638 
-0.138286 0.493988 3.396913 -0.128032 0.290612 3.399377 -0.312175 0.167727 3.374739 0.067719 0.185573 3.435729 -0.377269 -0.093584 3.342985 0.172138 -0.094052 3.450006 -0.361456 -0.328454 3.450006 0.190388 -0.320909 3.235509 -0.363617 -0.411977 3.189038 0.203706 -0.379122 3.299959 -0.105548 -0.096863 3.403264 -0.092092 -0.163442 3.343237 -0.171982 -0.253130 3.318741 0.000582 -0.243508 3.340620 -0.155836 -0.738130 3.303054 0.030234 -0.719380 3.249697 -0.144529 -1.092037 3.156538 0.023751 -1.105983 3.365401 -0.137102 -1.134171 3.063690 0.046818 -1.172217 3.338622 
-0.144834 0.496061 3.381464 -0.134496 0.292920 3.383929 -0.318524 0.169493 3.358643 0.061380 0.187101 3.420653 -0.383013 -0.090772 3.324840 0.165865 -0.092357 3.436749 -0.365778 -0.325017 3.436749 0.186120 -0.318973 3.215925 -0.367257 -0.409799 3.167503 0.198457 -0.377146 3.285598 -0.110915 -0.094725 3.387141 -0.096984 -0.161302 3.327080 -0.176639 -0.251330 3.302856 -0.003997 -0.240951 3.323995 -0.157859 -0.737678 3.294865 0.028591 -0.715211 3.217573 -0.143896 -1.091800 3.155393 0.026734 -1.100736 3.298007 -0.137670 -1.136268 3.068678 0.050505 -1.168575 3.268817 
-0.150823 0.497975 3.367280 -0.140546 0.295042 3.369229 -0.324481 0.171191 3.343331 0.055461 0.188503 3.406230 -0.388299 -0.088230 3.307480 0.159893 -0.090998 3.424088 -0.369829 -0.322012 3.424088 0.181853 -0.317267 3.197573 -0.370583 -0.407981 3.147496 0.193429 -0.375777 3.271849 -0.115974 -0.092723 3.371786 -0.101613 -0.159286 3.311684 -0.181058 -0.249609 3.287614 -0.008325 -0.238571 3.308267 -0.159860 -0.737254 3.287132 0.026863 -0.712078 3.187742 -0.143310 -1.091667 3.154619 0.028910 -1.095241 3.225034 -0.138493 -1.138571 3.074047 0.052577 -1.159216 3.180206 
-0.156416 0.499777 3.352778 -0.146224 0.296951 3.355344 -0.330016 0.172800 3.328261 0.049898 0.189817 3.392173 -0.393402 -0.085785 3.290410 0.154192 -0.089972 3.411283 -0.373708 -0.319159 3.411283 0.177536 -0.316102 3.179770 -0.373629 -0.406021 3.129228 0.188602 -0.375088 3.258624 -0.120761 -0.090934 3.357137 -0.105981 -0.157464 3.296975 -0.185232 -0.248005 3.273016 -0.012402 -0.236429 3.293245 -0.161913 -0.736711 3.279657 0.025058 -0.709249 3.160195 -0.142977 -1.090933 3.154086 0.030855 -1.085928 3.153378 -0.138330 -1.138513 3.075787 0.055571 -1.150242 3.097905 
-0.161490 0.501522 3.338409 -0.151411 0.298619 3.341719 -0.335046 0.174305 3.313127 0.044674 0.191109 3.378724 -0.398073 -0.083565 3.274148 0.148792 -0.089087 3.398866 -0.377293 -0.316625 3.398866 0.173417 -0.315160 3.163093 -0.376352 -0.404595 3.111946 0.184005 -0.374679 3.246193 -0.125330 -0.089324 3.343013 -0.110116 -0.155837 3.282864 -0.189205 -0.246516 3.258914 -0.016293 -0.234497 3.279031 -0.163929 -0.736217 3.272563 0.023118 -0.706720 3.134763 -0.142551 -1.091197 3.154134 0.031713 -1.076080 3.082993 -0.139377 -1.140704 3.080186 0.057606 -1.139699 3.016257 
-0.166032 0.503106 3.323958 -0.156147 0.300117 3.328513 -0.339570 0.175758 3.298268 0.039838 0.192214 3.365376 -0.402284 -0.081827 3.258464 0.143792 -0.088343 3.387049 -0.380603 -0.314606 3.387049 0.169515 -0.314289 3.147130 -0.378796 -0.403084 3.096168 0.179606 -0.374429 3.234285 -0.129612 -0.087930 3.328959 -0.114021 -0.154403 3.268749 -0.192954 -0.245170 3.244710 -0.020037 -0.232760 3.264805 -0.165939 -0.735793 3.265706 0.021081 -0.704295 3.111261 -0.142168 -1.091574 3.154493 0.032267 -1.066853 3.020517 -0.140825 -1.143462 3.085750 0.059163 -1.129639 2.943892 
-0.170005 0.504525 3.310095 -0.160506 0.301436 3.313702 -0.343577 0.177119 3.283746 0.035483 0.193212 3.351967 -0.406050 -0.080350 3.243798 0.139198 -0.087734 3.375530 -0.383590 -0.312762 3.375530 0.165822 -0.313553 3.131717 -0.380933 -0.401728 3.081661 0.175456 -0.374331 3.222590 -0.133617 -0.086634 3.314602 -0.117700 -0.153149 3.254484 -0.196512 -0.243990 3.230424 -0.023558 -0.231233 3.250729 -0.167894 -0.735562 3.258948 0.019045 -0.701963 3.089319 -0.141843 -1.092033 3.155003 0.032145 -1.058002 2.962701 -0.142340 -1.146492 3.091672 0.060019 -1.120499 2.879804 
-0.173433 0.505838 3.296081 -0.164195 0.302569 3.299471 -0.347141 0.178351 3.269635 0.031672 0.194112 3.338699 -0.409337 -0.079298 3.229321 0.134914 -0.087358 3.363560 -0.386237 -0.311443 3.363560 0.162327 -0.313112 3.116990 -0.382800 -0.400526 3.068128 0.171806 -0.374568 3.211229 -0.137106 -0.085482 3.300457 -0.120942 -0.151996 3.240357 -0.199698 -0.242932 3.216151 -0.026677 -0.229859 3.236768 -0.169761 -0.735496 3.252389 0.017033 -0.699746 3.068833 -0.141567 -1.092526 3.155563 0.031748 -1.050163 2.912505 -0.144561 -1.150027 3.099825 0.060270 -1.112516 2.824441 
-0.176130 0.507083 3.282500 -0.167252 0.303720 3.285032 -0.350011 0.179502 3.255017 0.028586 0.194726 3.324760 -0.412214 -0.078363 3.215461 0.131042 -0.087293 3.351212 -0.388548 -0.310242 3.351212 0.159105 -0.312997 3.102827 -0.384303 -0.399918 3.054372 0.168223 -0.374476 3.198805 -0.140162 -0.084389 3.286332 -0.123800 -0.150937 3.226295 -0.202560 -0.241924 3.201871 -0.029432 -0.228657 3.223082 -0.171593 -0.735600 3.245728 0.014955 -0.697584 3.049348 -0.141331 -1.093060 3.156213 0.031325 -1.043385 2.868319 -0.146572 -1.153564 3.107682 0.059739 -1.103951 2.774656 
-0.177724 0.508004 3.266877 -0.169804 0.304703 3.270828 -0.352322 0.180564 3.240516 0.026030 0.195389 3.310772 -0.414549 -0.077407 3.200882 0.127729 -0.087390 3.336994 -0.390447 -0.309187 3.336994 0.156308 -0.313309 3.088910 -0.385569 -0.399515 3.041455 0.164792 -0.374384 3.186153 -0.142764 -0.083371 3.272300 -0.126241 -0.149915 3.212289 -0.204996 -0.240956 3.187537 -0.031801 -0.227491 3.209475 -0.173380 -0.735908 3.238853 0.012911 -0.695510 3.030282 -0.141120 -1.093631 3.156939 0.030938 -1.037536 2.829575 -0.148487 -1.156620 3.113974 0.059243 -1.096585 2.731176 
-0.178685 0.508824 3.251544 -0.171503 0.305471 3.256348 -0.353672 0.181501 3.224685 0.024356 0.196071 3.295475 -0.416384 -0.076669 3.186613 0.124999 -0.087259 3.321222 -0.391916 -0.308307 3.321222 0.153847 -0.313326 3.074985 -0.386449 -0.399214 3.028177 0.161519 -0.374970 3.171280 -0.144777 -0.082564 3.257509 -0.128163 -0.149063 3.197415 -0.206995 -0.240164 3.172174 -0.033716 -0.226488 3.194890 -0.175096 -0.736397 3.231742 0.011002 -0.693614 3.012926 -0.140933 -1.094270 3.157742 0.030699 -1.032446 2.795278 -0.150135 -1.159493 3.119537 0.058934 -1.090223 2.692773 
-0.178852 0.509794 3.236025 -0.172400 0.306252 3.240452 -0.354310 0.182514 3.208505 0.023496 0.196722 3.279106 -0.417606 -0.076061 3.171172 0.122868 -0.087019 3.305046 -0.392968 -0.307730 3.305046 0.151761 -0.313375 3.060995 -0.387154 -0.398485 3.015866 0.158718 -0.375134 3.157058 -0.146252 -0.081656 3.241786 -0.129651 -0.148134 3.181699 -0.208620 -0.239271 3.156322 -0.035239 -0.225443 3.179363 -0.176629 -0.736626 3.223978 0.009219 -0.691728 2.995938 -0.140775 -1.094903 3.158567 0.030595 -1.027949 2.764577 -0.151679 -1.162265 3.124859 0.058729 -1.084648 2.658451 
-0.177928 0.510838 3.219471 -0.172122 0.307026 3.223030 -0.354216 0.183567 3.192169 0.023483 0.197324 3.261300 -0.417891 -0.075583 3.155652 0.121666 -0.086897 3.287739 -0.393676 -0.307375 3.287739 0.150375 -0.313459 3.047402 -0.387632 -0.397654 3.004086 0.156810 -0.375578 3.141585 -0.146864 -0.080638 3.225021 -0.130439 -0.147112 3.165000 -0.209550 -0.238238 3.139322 -0.036201 -0.224334 3.163191 -0.178003 -0.736789 3.215921 0.007726 -0.689688 2.978671 -0.140647 -1.095394 3.159189 0.030497 -1.023873 2.736793 -0.153098 -1.164860 3.130043 0.058371 -1.079488 2.627620 
-0.175633 0.511926 3.200560 -0.171113 0.307968 3.205491 -0.353110 0.184891 3.175163 0.024610 0.198205 3.243050 -0.417504 -0.074987 3.140312 0.121524 -0.086521 3.269010 -0.393751 -0.306752 3.269010 0.149590 -0.313165 3.032727 -0.387696 -0.396471 2.991673 0.155823 -0.376068 3.124344 -0.146804 -0.079411 3.207913 -0.130573 -0.145851 3.147933 -0.209865 -0.236975 3.121934 -0.036512 -0.223070 3.146612 -0.179201 -0.736905 3.207025 0.006454 -0.687456 2.962195 -0.140561 -1.095880 3.159727 0.030304 -1.020207 2.711836 -0.153791 -1.166384 3.133033 0.057836 -1.074713 2.600222 
-0.172489 0.513073 3.181388 -0.169165 0.309016 3.187237 -0.350869 0.186501 3.157273 0.026828 0.199323 3.224184 -0.416395 -0.073743 3.124603 0.122664 -0.085944 3.247005 -0.393485 -0.305753 3.247005 0.149724 -0.312859 3.018651 -0.387445 -0.394994 2.978977 0.155403 -0.375247 3.103187 -0.146021 -0.077951 3.190014 -0.130021 -0.144323 3.130067 -0.209460 -0.235315 3.103258 -0.036247 -0.221697 3.129571 -0.180405 -0.736187 3.195440 0.005341 -0.685264 2.947105 -0.140491 -1.096304 3.160190 0.029970 -1.016956 2.689907 -0.154258 -1.167542 3.135286 0.057031 -1.070228 2.576523 
-0.168415 0.514243 3.161526 -0.166272 0.310216 3.167917 -0.347721 0.188286 3.138591 0.030145 0.200570 3.203318 -0.414715 -0.071904 3.108518 0.124713 -0.084960 3.224553 -0.392601 -0.304318 3.224553 0.150540 -0.312082 3.004517 -0.386548 -0.392878 2.964608 0.155780 -0.374385 3.082078 -0.144385 -0.076390 3.170928 -0.128759 -0.142699 3.110995 -0.208466 -0.233552 3.083809 -0.035257 -0.220220 3.110926 -0.181562 -0.735718 3.183208 0.004395 -0.683126 2.932673 -0.140452 -1.096732 3.160573 0.029549 -1.014172 2.670912 -0.155253 -1.169312 3.138384 0.055942 -1.066136 2.556378 
-0.163456 0.515682 3.140783 -0.162369 0.311807 3.147495 -0.343880 0.190359 3.119449 0.034383 0.201985 3.182142 -0.412348 -0.069972 3.092023 0.128095 -0.083425 3.200605 -0.390899 -0.302550 3.200605 0.152548 -0.310415 2.989004 -0.385345 -0.390573 2.950238 0.157127 -0.372905 3.056962 -0.141859 -0.074404 3.150669 -0.126646 -0.140640 3.090746 -0.206743 -0.231423 3.063324 -0.033350 -0.218384 3.090942 -0.182614 -0.735495 3.169594 0.003617 -0.680909 2.918709 -0.140422 -1.097079 3.160860 0.029036 -1.011882 2.654980 -0.156395 -1.170880 3.141430 0.054639 -1.062454 2.539965 
-0.157900 0.517390 3.119498 -0.157657 0.313622 3.126915 -0.339380 0.192676 3.100055 0.040064 0.203816 3.158579 -0.409328 -0.067788 3.074749 0.132492 -0.081165 3.175422 -0.388673 -0.300658 3.175422 0.155683 -0.307985 2.973082 -0.383779 -0.387966 2.935304 0.159539 -0.371228 3.030040 -0.138507 -0.072190 3.129962 -0.123918 -0.138333 3.070006 -0.204511 -0.229049 3.042508 -0.030790 -0.216313 3.070109 -0.183242 -0.734650 3.153053 0.003167 -0.678563 2.904897 -0.140428 -1.097383 3.161033 0.028433 -1.010061 2.641969 -0.157517 -1.172188 3.143828 0.052948 -1.059188 2.527058 
-0.151831 0.519337 3.098141 -0.152169 0.315553 3.106028 -0.334239 0.195210 3.080633 0.045980 0.205773 3.135675 -0.405426 -0.065601 3.057147 0.138057 -0.078930 3.146311 -0.386011 -0.298773 3.146311 0.159892 -0.305864 2.956792 -0.381803 -0.384899 2.919086 0.163034 -0.368645 3.001382 -0.134502 -0.069850 3.108738 -0.120550 -0.135879 3.048718 -0.201688 -0.226477 3.021295 -0.027616 -0.214078 3.048545 -0.183986 -0.733181 3.132656 0.002886 -0.676317 2.891924 -0.140589 -1.097474 3.160634 0.027751 -1.008725 2.631855 -0.158521 -1.173252 3.145988 0.051113 -1.056374 2.517568 
-0.145358 0.521144 3.076392 -0.146267 0.317457 3.085457 -0.328831 0.197978 3.061685 0.052567 0.207844 3.112396 -0.401193 -0.063272 3.039984 0.144179 -0.076284 3.118209 -0.382692 -0.296368 3.118209 0.164672 -0.302966 2.939545 -0.379514 -0.381526 2.902290 0.167770 -0.365456 2.970376 -0.129920 -0.067392 3.087053 -0.116699 -0.133193 3.026808 -0.198424 -0.223619 2.999346 -0.023902 -0.211679 3.025951 -0.184893 -0.731272 3.109074 0.002862 -0.674195 2.879634 -0.140813 -1.097478 3.159972 0.026990 -1.007794 2.624441 -0.159525 -1.174174 3.147851 0.049019 -1.053932 2.511200 
-0.138525 0.522968 3.054871 -0.139822 0.319446 3.065104 -0.323055 0.200846 3.042744 0.059604 0.209950 3.088741 -0.396440 -0.060569 3.022773 0.150859 -0.072644 3.090095 -0.379082 -0.293641 3.090095 0.170870 -0.298298 2.922043 -0.376774 -0.377991 2.885596 0.174145 -0.361429 2.937120 -0.124785 -0.064922 3.065278 -0.112369 -0.130489 3.004785 -0.194714 -0.220749 2.977423 -0.019732 -0.209260 3.003075 -0.185862 -0.728923 3.082250 0.003133 -0.672048 2.867862 -0.141408 -1.097437 3.158303 0.026172 -1.007168 2.619426 -0.160134 -1.172314 3.141705 0.046760 -1.051796 2.507555 
-0.131743 0.524836 3.034161 -0.132813 0.321673 3.043948 -0.316650 0.203430 3.023089 0.066797 0.212089 3.065202 -0.391285 -0.057792 3.005546 0.157729 -0.068978 3.062967 -0.375161 -0.290641 3.062967 0.177356 -0.293269 2.903840 -0.373698 -0.374363 2.868930 0.180704 -0.357169 2.903946 -0.119243 -0.062408 3.043303 -0.107611 -0.127831 2.982659 -0.190565 -0.217907 2.955603 -0.015189 -0.206877 2.980220 -0.186380 -0.724681 3.049502 0.003661 -0.669964 2.856655 -0.142659 -1.096403 3.153853 0.025333 -1.006859 2.616550 -0.160936 -1.167877 3.129595 0.044517 -1.050040 2.506286 
-0.125053 0.526787 3.014370 -0.125894 0.323898 3.023903 -0.310251 0.205801 3.004038 0.073914 0.214321 3.042109 -0.385874 -0.054933 2.987896 0.165400 -0.065011 3.035196 -0.371047 -0.287670 3.035196 0.184583 -0.287823 2.885828 -0.370209 -0.370627 2.852080 0.187689 -0.352603 2.870601 -0.113566 -0.059981 3.022103 -0.102727 -0.125257 2.961257 -0.186235 -0.215115 2.934432 -0.010508 -0.204561 2.958044 -0.187328 -0.719900 3.015044 0.004293 -0.667934 2.845954 -0.144621 -1.094662 3.147085 0.024497 -1.006718 2.615413 -0.162353 -1.161993 3.113574 0.042228 -1.048492 2.506871 
-0.118059 0.528764 2.994021 -0.118799 0.326089 3.004266 -0.303751 0.208103 2.985399 0.081015 0.216613 3.019504 -0.380551 -0.052170 2.971076 0.172961 -0.060972 3.008765 -0.366977 -0.284602 3.008765 0.191760 -0.282096 2.868013 -0.366555 -0.366902 2.835459 0.194563 -0.348027 2.838842 -0.107803 -0.057570 3.001164 -0.097799 -0.122674 2.940090 -0.181911 -0.212248 2.913615 -0.005782 -0.202250 2.935872 -0.188021 -0.713012 2.975028 0.005176 -0.665898 2.835432 -0.147366 -1.090717 3.135537 0.023694 -1.006767 2.615846 -0.164130 -1.152668 3.090731 0.039970 -1.047193 2.509069 
-0.111268 0.530586 2.974581 -0.111724 0.328163 2.984678 -0.297348 0.210417 2.967541 0.088083 0.218920 2.997426 -0.375110 -0.049461 2.954215 0.180064 -0.056954 2.983053 -0.362868 -0.281612 2.983053 0.198702 -0.276112 2.850286 -0.362674 -0.362955 2.817848 0.201788 -0.342735 2.806098 -0.101962 -0.055168 2.980523 -0.092821 -0.120105 2.919285 -0.177509 -0.209385 2.893318 -0.001007 -0.199981 2.914052 -0.188628 -0.706279 2.935906 0.006181 -0.663967 2.825428 -0.150471 -1.086957 3.118743 0.022905 -1.006984 2.617563 -0.167250 -1.149086 3.076779 0.037698 -1.046145 2.512583 
-0.104724 0.532471 2.955831 -0.105018 0.330172 2.966349 -0.290905 0.212605 2.950104 0.094943 0.221046 2.975730 -0.369671 -0.046760 2.937850 0.186878 -0.052984 2.958841 -0.358864 -0.278730 2.958841 0.205913 -0.269637 2.833420 -0.358887 -0.359161 2.800752 0.208798 -0.337444 2.774597 -0.096283 -0.052925 2.960618 -0.087988 -0.117668 2.899090 -0.173159 -0.206560 2.873316 0.003586 -0.197821 2.892924 -0.189230 -0.698775 2.893581 0.007259 -0.662223 2.815937 -0.153373 -1.081861 3.094579 0.022129 -1.007362 2.620280 -0.172085 -1.144768 3.055955 0.035447 -1.045320 2.517050 
-0.098445 0.534404 2.937701 -0.098322 0.332151 2.948052 -0.284470 0.214803 2.933105 0.101386 0.223107 2.955026 -0.364378 -0.044114 2.922240 0.193439 -0.049082 2.935294 -0.354949 -0.275930 2.935294 0.212668 -0.263882 2.817182 -0.355385 -0.355481 2.784076 0.215454 -0.332841 2.744016 -0.090853 -0.050749 2.941384 -0.083395 -0.115356 2.879684 -0.169037 -0.203851 2.854465 0.007872 -0.195740 2.872496 -0.189445 -0.691346 2.851615 0.008417 -0.660583 2.806931 -0.156270 -1.076269 3.059072 0.021394 -1.007863 2.623761 -0.177649 -1.139767 3.027128 0.033340 -1.044776 2.522223 
-0.092467 0.536273 2.919949 -0.091989 0.334081 2.930713 -0.278215 0.216914 2.916537 0.107506 0.225149 2.935189 -0.359013 -0.041685 2.906960 0.199663 -0.045215 2.912924 -0.351104 -0.273306 2.912924 0.219000 -0.258261 2.801374 -0.352034 -0.351950 2.768333 0.221397 -0.328263 2.716371 -0.085668 -0.048656 2.923044 -0.078992 -0.113127 2.861167 -0.165081 -0.201223 2.836548 0.011990 -0.193734 2.852969 -0.189337 -0.683303 2.809705 0.009586 -0.659108 2.798494 -0.159598 -1.068999 3.010016 0.020653 -1.008452 2.627833 -0.178704 -1.126987 2.962819 0.031314 -1.044406 2.527866 
-0.086587 0.538155 2.900597 -0.085413 0.336175 2.911022 -0.272197 0.219044 2.899068 0.113480 0.227408 2.913895 -0.353243 -0.039620 2.889111 0.205675 -0.041040 2.890606 -0.347021 -0.271312 2.890606 0.224702 -0.252928 2.784338 -0.348908 -0.348817 2.752634 0.226917 -0.324004 2.689298 -0.080264 -0.046392 2.903178 -0.074447 -0.110795 2.841270 -0.161057 -0.198548 2.817774 0.016314 -0.191639 2.831835 -0.188516 -0.671840 2.763041 0.010761 -0.657835 2.790488 -0.163956 -1.050408 2.922780 0.019961 -1.009146 2.632270 -0.179878 -1.101004 2.856764 0.029348 -1.044262 2.533758 
-0.081227 0.539920 2.882484 -0.079420 0.338104 2.892575 -0.266645 0.221047 2.882593 0.118979 0.229490 2.893621 -0.347872 -0.037819 2.872478 0.211227 -0.037054 2.869770 -0.343198 -0.269538 2.869770 0.229802 -0.248106 2.768310 -0.345945 -0.346174 2.737430 0.231825 -0.320185 2.664728 -0.075236 -0.044299 2.884461 -0.070229 -0.108629 2.822505 -0.157280 -0.196034 2.799927 0.020321 -0.189725 2.812030 -0.187499 -0.659963 2.720056 0.011948 -0.656746 2.782871 -0.166744 -1.043209 2.861513 0.019307 -1.009943 2.636984 -0.180873 -1.091030 2.785301 0.027469 -1.044307 2.539783 
-0.076468 0.541596 2.864172 -0.073988 0.339949 2.874903 -0.261486 0.222801 2.866278 0.123982 0.231421 2.873855 -0.342842 -0.036259 2.856699 0.216326 -0.033545 2.849537 -0.339596 -0.267979 2.849537 0.234370 -0.244036 2.753010 -0.343185 -0.343817 2.722818 0.236203 -0.317143 2.641874 -0.070583 -0.042366 2.866288 -0.066320 -0.106623 2.804232 -0.153761 -0.193676 2.782638 0.024051 -0.187965 2.792599 -0.186405 -0.648943 2.680669 0.013164 -0.655831 2.775562 -0.169176 -1.035877 2.794852 0.018685 -1.010844 2.641789 -0.181371 -1.081449 2.709096 0.025711 -1.044528 2.545747 
-0.072269 0.543184 2.843362 -0.068862 0.341643 2.854593 -0.256711 0.224389 2.847544 0.128303 0.233172 2.852076 -0.337794 -0.035252 2.839923 0.221055 -0.030263 2.827788 -0.336111 -0.266960 2.827788 0.238217 -0.240366 2.736822 -0.340488 -0.342022 2.707406 0.239780 -0.314233 2.619892 -0.066222 -0.040587 2.846364 -0.062677 -0.104838 2.784343 -0.150474 -0.191492 2.763881 0.027497 -0.186425 2.771850 -0.184507 -0.638806 2.642663 0.014404 -0.655191 2.767957 -0.172239 -1.026878 2.716044 0.018058 -1.011766 2.646394 -0.182442 -1.070415 2.621034 0.024058 -1.044865 2.551383 
-0.068746 0.544517 2.823158 -0.064360 0.343120 2.835171 -0.252589 0.225885 2.829550 0.132045 0.234772 2.831565 -0.333261 -0.034522 2.822777 0.225152 -0.027266 2.807763 -0.332819 -0.266249 2.807763 0.241530 -0.237108 2.720334 -0.338031 -0.340415 2.692519 0.242900 -0.311657 2.600129 -0.062344 -0.038955 2.827105 -0.059441 -0.103164 2.765064 -0.147528 -0.189454 2.745621 0.030554 -0.185010 2.751645 -0.182701 -0.629754 2.608624 0.015599 -0.654720 2.760237 -0.174633 -1.018475 2.642288 0.017466 -1.012691 2.650937 -0.182939 -1.060240 2.539516 0.022536 -1.045264 2.556823 
-0.065926 0.545673 2.803258 -0.060556 0.344392 2.815945 -0.249184 0.227282 2.811386 0.135101 0.236167 2.811148 -0.329223 -0.034030 2.805598 0.228617 -0.024673 2.788546 -0.329841 -0.265773 2.788546 0.244323 -0.234300 2.703732 -0.335792 -0.339085 2.677727 0.245579 -0.309416 2.581964 -0.059047 -0.037489 2.807906 -0.056736 -0.101640 2.745827 -0.145058 -0.187593 2.727386 0.033083 -0.183751 2.731468 -0.180888 -0.621603 2.577442 0.016759 -0.654428 2.752529 -0.176364 -1.010984 2.574019 0.016917 -1.013622 2.655283 -0.182948 -1.051267 2.464857 0.021136 -1.045724 2.561944 
-0.064539 0.546945 2.780212 -0.058385 0.345652 2.792758 -0.246927 0.228378 2.789387 0.136933 0.237508 2.788543 -0.326099 -0.033822 2.784941 0.230974 -0.022249 2.767921 -0.327571 -0.265669 2.767921 0.246105 -0.231878 2.684213 -0.333806 -0.338497 2.659155 0.247187 -0.307596 2.562755 -0.056647 -0.036126 2.785227 -0.054677 -0.100273 2.723182 -0.142971 -0.185855 2.705604 0.035061 -0.182639 2.708361 -0.178970 -0.613826 2.545530 0.017992 -0.654563 2.743656 -0.177344 -1.005362 2.511985 0.016360 -1.014478 2.659057 -0.182194 -1.044587 2.397830 0.019868 -1.046163 2.566394 
-0.063824 0.548113 2.758063 -0.056980 0.346812 2.770490 -0.245358 0.229410 2.767997 0.137930 0.238682 2.766668 -0.323522 -0.033844 2.764344 0.232649 -0.020194 2.748388 -0.325781 -0.265777 2.748388 0.247411 -0.229798 2.664536 -0.332274 -0.338092 2.640682 0.248359 -0.306082 2.545079 -0.054797 -0.034904 2.763354 -0.053090 -0.099048 2.701322 -0.141285 -0.184257 2.684369 0.036605 -0.181622 2.686169 -0.177010 -0.606721 2.516001 0.019141 -0.654908 2.734236 -0.178122 -1.000466 2.456014 0.015817 -1.015246 2.662372 -0.181489 -1.038854 2.337982 0.018683 -1.046555 2.570300 
-0.064045 0.549302 2.735884 -0.056461 0.347971 2.748201 -0.244895 0.230411 2.746136 0.138073 0.239926 2.744857 -0.322068 -0.033966 2.742461 0.233308 -0.018628 2.728518 -0.324684 -0.266039 2.728518 0.248224 -0.228412 2.643906 -0.331311 -0.337910 2.621089 0.249084 -0.304818 2.528549 -0.053714 -0.033574 2.741230 -0.052193 -0.097668 2.679184 -0.140271 -0.182561 2.662583 0.037524 -0.180469 2.663836 -0.175237 -0.600158 2.488512 0.019946 -0.655380 2.723780 -0.178718 -0.996049 2.404951 0.015303 -1.015915 2.665243 -0.180758 -1.033750 2.283814 0.017597 -1.046882 2.573696 
-0.065374 0.550413 2.712637 -0.057374 0.349288 2.724447 -0.245427 0.231480 2.723622 0.137216 0.241178 2.722783 -0.321210 -0.034081 2.719902 0.233096 -0.017218 2.709171 -0.324166 -0.266316 2.709171 0.248022 -0.227248 2.622569 -0.331032 -0.337322 2.599859 0.249233 -0.303661 2.512730 -0.053559 -0.032040 2.718420 -0.052086 -0.096135 2.656496 -0.139932 -0.180777 2.640402 0.037731 -0.179111 2.641069 -0.173621 -0.594063 2.462677 0.020496 -0.655838 2.712362 -0.179246 -0.992175 2.359120 0.014853 -1.016487 2.667719 -0.180116 -1.029314 2.235521 0.016634 -1.047146 2.576652 
-0.067614 0.551735 2.689583 -0.058930 0.350591 2.701271 -0.246868 0.232715 2.700676 0.135479 0.242478 2.700828 -0.321201 -0.033816 2.696525 0.232074 -0.015995 2.690003 -0.324678 -0.266045 2.690003 0.247166 -0.226453 2.599278 -0.331437 -0.336771 2.577859 0.248730 -0.302706 2.497268 -0.054183 -0.030464 2.695335 -0.052698 -0.094476 2.633401 -0.140282 -0.178839 2.617517 0.037189 -0.177585 2.617817 -0.172234 -0.588462 2.438581 0.020877 -0.656470 2.699973 -0.179667 -0.988785 2.318267 0.014445 -1.016987 2.669891 -0.179495 -1.025405 2.192599 0.015763 -1.047362 2.579266 
-0.070800 0.553166 2.666249 -0.061199 0.352050 2.678421 -0.249484 0.234404 2.676928 0.132471 0.244018 2.678107 -0.322254 -0.033331 2.672548 0.230045 -0.014706 2.670389 -0.325786 -0.265644 2.670389 0.245437 -0.225745 2.575862 -0.332761 -0.335610 2.553500 0.247477 -0.301890 2.482016 -0.055519 -0.028739 2.672074 -0.053976 -0.092633 2.610067 -0.141272 -0.176731 2.594085 0.035998 -0.175823 2.594452 -0.171167 -0.583309 2.416093 0.021029 -0.657149 2.685763 -0.180029 -0.985762 2.281648 0.014027 -1.017402 2.671765 -0.178943 -1.021897 2.154190 0.014923 -1.047531 2.581517 
-0.074774 0.554831 2.642561 -0.064791 0.353906 2.654764 -0.253020 0.236443 2.653063 0.128828 0.245760 2.655995 -0.324190 -0.032460 2.647934 0.227192 -0.013274 2.650903 -0.327993 -0.264549 2.650903 0.242853 -0.225002 2.550359 -0.334767 -0.334356 2.528283 0.245497 -0.300943 2.466950 -0.057753 -0.026674 2.648599 -0.055984 -0.090504 2.586644 -0.142853 -0.174448 2.570821 0.034112 -0.173732 2.570963 -0.170430 -0.578539 2.395228 0.020859 -0.657181 2.668650 -0.180302 -0.983021 2.249043 0.013572 -1.017722 2.673275 -0.178409 -1.018687 2.119874 0.014115 -1.047643 2.583329 
-0.079533 0.556589 2.618804 -0.069030 0.355895 2.631181 -0.257516 0.238657 2.629029 0.124242 0.247791 2.633710 -0.327246 -0.031621 2.622525 0.223279 -0.011625 2.631103 -0.330995 -0.263450 2.631103 0.239461 -0.224194 2.523919 -0.337352 -0.332756 2.501567 0.242921 -0.299984 2.452263 -0.060814 -0.024387 2.624736 -0.058816 -0.088102 2.562771 -0.145421 -0.171926 2.546478 0.031519 -0.171363 2.547421 -0.169885 -0.574274 2.376301 0.020437 -0.657156 2.649516 -0.180559 -0.980540 2.219694 0.012940 -1.017712 2.673860 -0.177932 -1.015783 2.088881 0.013203 -1.047472 2.584087 
-0.085068 0.558525 2.594990 -0.074147 0.357980 2.607708 -0.262950 0.241291 2.604121 0.118920 0.249866 2.611781 -0.331262 -0.030086 2.596346 0.218735 -0.009874 2.611609 -0.334772 -0.261626 2.611609 0.235066 -0.223164 2.496725 -0.340606 -0.330813 2.473952 0.238767 -0.298879 2.436236 -0.064750 -0.022042 2.601003 -0.062347 -0.085656 2.539099 -0.148565 -0.169382 2.522504 0.028181 -0.168878 2.524015 -0.169602 -0.570406 2.358821 0.019866 -0.656386 2.626195 -0.180781 -0.978283 2.193242 0.012123 -1.017413 2.673430 -0.177337 -1.013281 2.060970 0.012260 -1.047060 2.583735 
-0.090961 0.560553 2.571856 -0.080181 0.360234 2.584085 -0.268879 0.243988 2.579928 0.112798 0.252116 2.589969 -0.336082 -0.028265 2.570270 0.213147 -0.008283 2.591506 -0.339323 -0.259412 2.591506 0.229959 -0.222385 2.469290 -0.344496 -0.328644 2.445492 0.234164 -0.297723 2.420551 -0.069392 -0.019601 2.577284 -0.066556 -0.083139 2.515455 -0.152330 -0.166822 2.498577 0.024187 -0.166259 2.500683 -0.169597 -0.566921 2.342650 0.018897 -0.654936 2.600220 -0.180961 -0.976283 2.169322 0.010831 -1.015658 2.669868 -0.176703 -1.011219 2.036034 0.010966 -1.045263 2.580059 
-0.097360 0.562654 2.548883 -0.086403 0.362533 2.561491 -0.275563 0.246804 2.555123 0.106423 0.254427 2.568878 -0.342222 -0.025474 2.542877 0.207146 -0.006669 2.571957 -0.344480 -0.256904 2.571957 0.224268 -0.221415 2.441276 -0.349023 -0.326224 2.416225 0.228734 -0.296302 2.404439 -0.074489 -0.017102 2.554150 -0.071105 -0.080532 2.492373 -0.156497 -0.164220 2.474965 0.019871 -0.163518 2.477945 -0.169750 -0.563885 2.327873 0.017721 -0.652225 2.568859 -0.181090 -0.974602 2.147796 0.009335 -1.013290 2.664607 -0.176028 -1.009580 2.013976 0.009701 -1.042891 2.574598 
-0.104856 0.565268 2.523749 -0.094447 0.365162 2.536261 -0.283526 0.249972 2.527279 0.098704 0.257261 2.546096 -0.350189 -0.021735 2.511228 0.199308 -0.004574 2.550637 -0.352399 -0.252430 2.550637 0.217052 -0.219648 2.407108 -0.355071 -0.322891 2.380719 0.221358 -0.294021 2.385045 -0.080927 -0.014246 2.528807 -0.076718 -0.077589 2.467237 -0.161636 -0.161323 2.448834 0.014657 -0.160382 2.453794 -0.170222 -0.561275 2.313869 0.016157 -0.645584 2.526932 -0.181080 -0.973321 2.128798 0.006607 -1.006342 2.648865 -0.175164 -1.008415 1.995072 0.007736 -1.036072 2.558424 
-0.112137 0.567745 2.500038 -0.102389 0.367715 2.512705 -0.291272 0.252950 2.501123 0.091089 0.259977 2.524537 -0.357916 -0.017652 2.481527 0.191542 -0.002469 2.530292 -0.360310 -0.247639 2.530292 0.209885 -0.217896 2.374133 -0.361355 -0.319469 2.346565 0.214046 -0.291797 2.366571 -0.087300 -0.011527 2.505034 -0.082283 -0.074783 2.443626 -0.166656 -0.158622 2.424456 0.009397 -0.157318 2.430882 -0.170975 -0.559030 2.300838 0.014569 -0.638585 2.485402 -0.180913 -0.972380 2.112220 0.002743 -0.991988 2.619349 -0.174132 -1.007648 1.979123 0.004990 -1.021946 2.528279 
-0.119252 0.570139 2.477499 -0.110214 0.370335 2.489957 -0.298889 0.255832 2.475810 0.083568 0.262620 2.503839 -0.365632 -0.013547 2.453028 0.183667 -0.000252 2.510788 -0.368319 -0.242667 2.510788 0.202961 -0.216113 2.341800 -0.368008 -0.315808 2.312028 0.206795 -0.289442 2.348651 -0.093660 -0.008777 2.482134 -0.087817 -0.071967 2.420903 -0.171709 -0.155963 2.400714 0.004212 -0.154243 2.409129 -0.171928 -0.557130 2.288747 0.012853 -0.630374 2.441462 -0.180569 -0.971772 2.098013 -0.001288 -0.975340 2.581161 -0.172913 -1.007197 1.966037 0.002273 -1.005533 2.489364 
-0.126297 0.572492 2.455677 -0.117962 0.372885 2.467897 -0.306360 0.258555 2.451467 0.076131 0.265180 2.483975 -0.373518 -0.009414 2.424663 0.175649 0.002125 2.491927 -0.376170 -0.237590 2.491927 0.196086 -0.214155 2.310093 -0.374549 -0.312056 2.278652 0.199724 -0.287144 2.331510 -0.099999 -0.006084 2.460102 -0.093324 -0.069223 2.399071 -0.176664 -0.153459 2.378225 -0.001039 -0.151147 2.388006 -0.173041 -0.555505 2.277470 0.011158 -0.621050 2.397390 -0.180111 -0.971431 2.086062 -0.005427 -0.957739 2.537817 -0.171581 -1.007053 1.955652 -0.000460 -0.988220 2.445316 
-0.133722 0.574916 2.432130 -0.126087 0.375499 2.445182 -0.314323 0.261329 2.425639 0.068214 0.267948 2.463351 -0.381861 -0.004719 2.394300 0.167279 0.004317 2.472276 -0.384360 -0.231612 2.472276 0.188784 -0.212452 2.275635 -0.381298 -0.307771 2.242489 0.192657 -0.285002 2.314193 -0.106783 -0.003185 2.437104 -0.099185 -0.066211 2.376235 -0.182045 -0.150684 2.353743 -0.006523 -0.147815 2.366575 -0.174366 -0.554155 2.266562 0.008813 -0.609885 2.348080 -0.179565 -0.971289 2.076428 -0.008496 -0.950334 2.502485 -0.170150 -1.007025 1.948002 -0.002421 -0.981025 2.409449 
-0.140605 0.577223 2.410192 -0.133805 0.377967 2.423616 -0.321732 0.263843 2.401374 0.060718 0.270554 2.443926 -0.389595 -0.000359 2.366208 0.159312 0.006159 2.453530 -0.391816 -0.226114 2.453530 0.181731 -0.211090 2.243936 -0.387386 -0.303764 2.209409 0.185928 -0.283217 2.297675 -0.113208 -0.000510 2.415456 -0.104714 -0.063454 2.354763 -0.187038 -0.148170 2.331182 -0.011784 -0.144714 2.346080 -0.175775 -0.553092 2.256378 0.006617 -0.599571 2.303076 -0.178895 -0.971355 2.068901 -0.011588 -0.944944 2.460781 -0.168603 -1.007202 1.942778 -0.004337 -0.975880 2.367224 
-0.147029 0.579514 2.389070 -0.141071 0.380179 2.402802 -0.328637 0.266003 2.378006 0.053423 0.273022 2.424838 -0.396844 0.003740 2.339685 0.151780 0.007725 2.435801 -0.398544 -0.220896 2.435801 0.175071 -0.209998 2.214401 -0.392889 -0.299939 2.178154 0.179610 -0.281746 2.282168 -0.119303 0.001912 2.394754 -0.109978 -0.060972 2.334237 -0.191763 -0.145922 2.309699 -0.016823 -0.141876 2.326618 -0.177213 -0.552270 2.246911 0.004394 -0.590957 2.259782 -0.178131 -0.971645 2.063157 -0.013815 -0.940825 2.415657 -0.167007 -1.007608 1.939526 -0.005428 -0.972022 2.321604 
-0.152949 0.581670 2.368761 -0.147785 0.382215 2.383138 -0.334964 0.267946 2.355660 0.046614 0.275241 2.406662 -0.403521 0.007553 2.314225 0.144658 0.009101 2.419004 -0.404536 -0.216257 2.419004 0.168832 -0.209157 2.186419 -0.397656 -0.296417 2.149229 0.173801 -0.280576 2.267672 -0.124995 0.004111 2.375007 -0.114866 -0.058708 2.314618 -0.196128 -0.143876 2.289136 -0.021530 -0.139258 2.307980 -0.178648 -0.551675 2.238100 0.002379 -0.582139 2.219343 -0.177259 -0.972099 2.059161 -0.015352 -0.937780 2.367913 -0.165309 -1.008160 1.938179 -0.005801 -0.969226 2.273421 
-0.158374 0.583673 2.349251 -0.154169 0.384193 2.364065 -0.340809 0.269726 2.334334 0.040257 0.277361 2.389186 -0.409491 0.011049 2.290571 0.137973 0.010348 2.403112 -0.409744 -0.212056 2.403112 0.163042 -0.208399 2.160513 -0.401768 -0.293137 2.122382 0.168304 -0.279480 2.253733 -0.130355 0.006209 2.356131 -0.119450 -0.056575 2.295892 -0.200199 -0.141981 2.269630 -0.025949 -0.136776 2.290179 -0.180054 -0.551319 2.229866 0.000495 -0.573589 2.182116 -0.176355 -0.972659 2.056718 -0.016387 -0.935128 2.314355 -0.163622 -1.008803 1.938469 -0.005680 -0.967195 2.219364 
-0.163288 0.585482 2.330394 -0.159949 0.385996 2.345664 -0.346104 0.271380 2.313791 0.034334 0.279251 2.372114 -0.414839 0.014335 2.268358 0.131756 0.011414 2.387768 -0.414204 -0.208301 2.387768 0.157629 -0.207811 2.136465 -0.405253 -0.290204 2.097669 0.163084 -0.278578 2.240332 -0.135336 0.008106 2.338020 -0.123723 -0.054664 2.277918 -0.204010 -0.140314 2.250816 -0.030098 -0.134521 2.273223 -0.181446 -0.551233 2.222073 -0.001420 -0.565424 2.147578 -0.175393 -0.973330 2.055740 -0.016310 -0.932616 2.260091 -0.161921 -1.009543 1.940257 -0.004472 -0.965692 2.164480 
-0.167636 0.587050 2.312062 -0.165226 0.387657 2.328150 -0.350766 0.272786 2.294091 0.028912 0.280957 2.355734 -0.419613 0.017286 2.247092 0.125974 0.012240 2.372854 -0.417998 -0.204973 2.372854 0.152636 -0.207486 2.114364 -0.408204 -0.287579 2.075066 0.158219 -0.277952 2.227414 -0.139919 0.009779 2.320619 -0.127627 -0.052984 2.260608 -0.207454 -0.138874 2.232584 -0.033921 -0.132484 2.256979 -0.182822 -0.551483 2.214646 -0.003298 -0.558134 2.115976 -0.174400 -0.974077 2.056062 -0.015260 -0.930489 2.205134 -0.160215 -1.010332 1.943323 -0.002298 -0.964502 2.108937 
-0.171390 0.588441 2.294250 -0.169916 0.389163 2.310879 -0.354860 0.274119 2.275301 0.024026 0.282547 2.339843 -0.423734 0.019954 2.227202 0.120695 0.012948 2.358708 -0.421187 -0.201981 2.358708 0.148045 -0.207385 2.094074 -0.410648 -0.285223 2.054283 0.153750 -0.277577 2.214876 -0.144062 0.011310 2.303738 -0.131149 -0.051469 2.243834 -0.210543 -0.137609 2.215205 -0.037420 -0.130597 2.241039 -0.184133 -0.551893 2.207587 -0.005108 -0.551432 2.087198 -0.173245 -0.974831 2.057338 -0.013577 -0.928280 2.150986 -0.158388 -1.011111 1.947251 0.000461 -0.963493 2.054061 
-0.174561 0.589671 2.276969 -0.173997 0.390515 2.294186 -0.358364 0.275274 2.257141 0.019681 0.283897 2.324171 -0.427227 0.022287 2.208313 0.115876 0.013428 2.344904 -0.423760 -0.199348 2.344904 0.143832 -0.207365 2.075246 -0.412608 -0.283107 2.035155 0.149817 -0.277321 2.202895 -0.147743 0.012676 2.287419 -0.134272 -0.050125 2.227593 -0.213261 -0.136502 2.198151 -0.040562 -0.128914 2.225810 -0.185429 -0.552517 2.200840 -0.006800 -0.545292 2.061025 -0.172039 -0.975536 2.059523 -0.011484 -0.925917 2.098310 -0.156565 -1.011814 1.951974 0.003566 -0.962465 2.000546 
-0.177055 0.590787 2.260214 -0.177452 0.391717 2.277951 -0.361279 0.276326 2.239595 0.015945 0.284914 2.308418 -0.430127 0.024348 2.190351 0.111520 0.013623 2.330801 -0.425754 -0.197057 2.330801 0.139980 -0.207666 2.057740 -0.414109 -0.281196 2.017529 0.146318 -0.277410 2.190960 -0.150908 0.013862 2.271472 -0.136950 -0.048966 2.211678 -0.215571 -0.135574 2.181542 -0.043297 -0.127438 2.210786 -0.186677 -0.553353 2.194305 -0.008396 -0.539755 2.036946 -0.170836 -0.976188 2.062553 -0.009013 -0.923731 2.047870 -0.154827 -1.012436 1.957393 0.006929 -0.961565 1.949297 
-0.178804 0.591728 2.243352 -0.180240 0.392767 2.261349 -0.363514 0.277255 2.222370 0.012833 0.285747 2.293021 -0.432496 0.026152 2.173339 0.107751 0.013632 2.316960 -0.427208 -0.195083 2.316960 0.136602 -0.208147 2.041508 -0.415121 -0.279526 2.001129 0.143258 -0.277715 2.179298 -0.153618 0.014931 2.255673 -0.139201 -0.047958 2.195978 -0.217493 -0.134794 2.165340 -0.045648 -0.126123 2.195972 -0.187904 -0.554398 2.187827 -0.009875 -0.534837 2.014710 -0.169557 -0.976745 2.066048 -0.006184 -0.921833 1.999879 -0.153025 -1.012956 1.963128 0.010588 -0.960711 1.900764 
-0.178974 0.592294 2.223477 -0.181653 0.393761 2.242017 -0.364387 0.278110 2.202847 0.011135 0.286463 2.274399 -0.433572 0.027441 2.154654 0.105117 0.013255 2.299649 -0.427542 -0.193793 2.299649 0.134066 -0.209081 2.024961 -0.415310 -0.278144 1.984811 0.140866 -0.278365 2.164489 -0.155260 0.015922 2.237147 -0.140491 -0.047043 2.177511 -0.218549 -0.134100 2.146474 -0.047101 -0.124945 2.178316 -0.189109 -0.555706 2.180597 -0.011121 -0.530195 1.992477 -0.168072 -0.976953 2.069691 -0.004166 -0.920738 1.956301 -0.151094 -1.013094 1.968795 0.013272 -0.960778 1.856665 
-0.178507 0.592789 2.204264 -0.182294 0.394660 2.223337 -0.364617 0.278878 2.184165 0.010254 0.286983 2.255872 -0.434169 0.028608 2.137239 0.103178 0.012874 2.282471 -0.427383 -0.192647 2.282471 0.132138 -0.210014 2.009477 -0.415151 -0.276914 1.969705 0.138960 -0.279131 2.149753 -0.156323 0.016803 2.219225 -0.141306 -0.046242 2.159621 -0.219194 -0.133497 2.128212 -0.048116 -0.123928 2.161146 -0.190231 -0.557162 2.173115 -0.012242 -0.526100 1.972275 -0.166733 -0.977085 2.073358 -0.002092 -0.919885 1.916508 -0.149392 -1.013151 1.974285 0.015894 -0.960956 1.816441 
-0.175800 0.593610 2.181347 -0.180387 0.395978 2.200737 -0.362881 0.280162 2.162583 0.011806 0.287429 2.232580 -0.433156 0.030085 2.117713 0.103400 0.012620 2.260099 -0.425850 -0.191451 2.260099 0.131826 -0.210833 1.992874 -0.413913 -0.275542 1.953814 0.138564 -0.280131 2.130289 -0.155628 0.017940 2.197210 -0.140646 -0.045216 2.137577 -0.218616 -0.132604 2.105855 -0.047798 -0.122890 2.139659 -0.191136 -0.558702 2.162603 -0.012654 -0.522913 1.951262 -0.165448 -0.976789 2.076662 -0.000703 -0.919969 1.879483 -0.147832 -1.012765 1.979194 0.017637 -0.961531 1.779350 
-0.172417 0.594484 2.159124 -0.177671 0.397387 2.178701 -0.360270 0.281520 2.141432 0.014214 0.287819 2.209460 -0.431578 0.031433 2.098962 0.104390 0.012617 2.237332 -0.423855 -0.190426 2.237332 0.132267 -0.211414 1.977041 -0.412234 -0.274127 1.938583 0.138952 -0.280844 2.109333 -0.154252 0.019094 2.175604 -0.139378 -0.044178 2.115923 -0.217455 -0.131638 2.083927 -0.046923 -0.121874 2.118463 -0.191790 -0.560065 2.151200 -0.012904 -0.520084 1.932039 -0.164168 -0.976411 2.079651 0.000745 -0.920086 1.845318 -0.146319 -1.012302 1.983608 0.019368 -0.962101 1.745147 
-0.167838 0.595653 2.136278 -0.173766 0.399048 2.156075 -0.356603 0.283058 2.120111 0.017981 0.288597 2.185576 -0.429279 0.033024 2.080360 0.106610 0.012961 2.212850 -0.421127 -0.189243 2.212850 0.133883 -0.211512 1.961371 -0.410038 -0.272548 1.923602 0.139961 -0.281344 2.086147 -0.151889 0.020529 2.153315 -0.137254 -0.042847 2.093581 -0.215512 -0.130338 2.061466 -0.045243 -0.120650 2.096372 -0.192091 -0.560966 2.137655 -0.012782 -0.517433 1.913688 -0.163012 -0.975872 2.082282 0.001896 -0.920171 1.815363 -0.144981 -1.011683 1.987504 0.020753 -0.962648 1.715129 
-0.162253 0.596997 2.113380 -0.168816 0.400950 2.133216 -0.351843 0.284897 2.098499 0.022836 0.289661 2.161462 -0.426237 0.034898 2.061747 0.110008 0.013791 2.187240 -0.417699 -0.187757 2.187240 0.136509 -0.211000 1.945336 -0.407172 -0.270657 1.908440 0.142222 -0.281278 2.060380 -0.148649 0.022215 2.130569 -0.134321 -0.041246 2.070754 -0.212829 -0.128706 2.038648 -0.042775 -0.119226 2.073544 -0.192023 -0.561158 2.121442 -0.012393 -0.515089 1.896496 -0.161928 -0.975234 2.084482 0.003238 -0.920302 1.788224 -0.143737 -1.010974 1.990835 0.022287 -0.963165 1.687974 
-0.155769 0.598627 2.090171 -0.163049 0.403090 2.110570 -0.346303 0.286924 2.077090 0.028808 0.290977 2.136605 -0.422474 0.036930 2.043572 0.114545 0.015127 2.160650 -0.413677 -0.186040 2.160650 0.140137 -0.209703 1.929289 -0.403666 -0.268340 1.893007 0.145298 -0.280532 2.032825 -0.144442 0.024107 2.107458 -0.130534 -0.039403 2.047474 -0.209314 -0.126741 2.015310 -0.039437 -0.117625 2.050069 -0.191925 -0.560546 2.102417 -0.011668 -0.513069 1.880258 -0.161020 -0.974636 2.086160 0.004194 -0.920411 1.764137 -0.142704 -1.010299 1.993528 0.023412 -0.963591 1.663859 
-0.147196 0.601334 2.064254 -0.154574 0.406316 2.084252 -0.338296 0.289916 2.052603 0.037152 0.293247 2.107765 -0.416550 0.040107 2.022488 0.121634 0.018123 2.128921 -0.408047 -0.183210 2.128921 0.146222 -0.206378 1.910272 -0.398733 -0.264685 1.874789 0.150625 -0.277475 1.997823 -0.138124 0.026865 2.080455 -0.124896 -0.036723 2.020285 -0.204120 -0.123730 1.988485 -0.034395 -0.115308 2.022215 -0.191492 -0.557702 2.073359 -0.010410 -0.511301 1.864389 -0.159977 -0.973308 2.086701 0.005186 -0.920506 1.742430 -0.141637 -1.008856 1.994934 0.024537 -0.963935 1.642145 
-0.138628 0.604010 2.039752 -0.146005 0.409455 2.059404 -0.330326 0.292834 2.029664 0.045563 0.295476 2.080346 -0.410473 0.043273 2.002520 0.129104 0.021132 2.098357 -0.402290 -0.180306 2.098357 0.152727 -0.202671 1.891966 -0.393665 -0.260815 1.856827 0.156462 -0.273897 1.962907 -0.131734 0.029549 2.054979 -0.119252 -0.034117 1.994649 -0.198986 -0.120788 1.963391 -0.029293 -0.113068 1.995711 -0.191067 -0.553037 2.040146 -0.008916 -0.509805 1.849568 -0.159068 -0.971302 2.085698 0.005982 -0.920569 1.722862 -0.140806 -1.006938 1.994815 0.025471 -0.964228 1.622535 
-0.129896 0.606783 2.016040 -0.137212 0.412627 2.035387 -0.322070 0.295699 2.007393 0.054291 0.297794 2.053052 -0.404133 0.046451 1.983105 0.137261 0.024539 2.067551 -0.395918 -0.177087 2.067551 0.159593 -0.198524 1.873011 -0.388278 -0.256583 1.838485 0.162800 -0.269618 1.927401 -0.125017 0.032185 2.030099 -0.113375 -0.031559 1.969592 -0.193680 -0.117856 1.939094 -0.023925 -0.110852 1.969536 -0.190815 -0.548872 2.005399 -0.007177 -0.508441 1.835620 -0.157898 -0.969006 2.083061 0.006605 -0.920663 1.705230 -0.139853 -1.004503 1.992722 0.026134 -0.964572 1.604894 
-0.120294 0.609821 1.990954 -0.127150 0.416043 2.009588 -0.313095 0.298770 1.984486 0.064329 0.300574 2.023622 -0.396819 0.049920 1.962566 0.147290 0.028753 2.032964 -0.388295 -0.173432 2.032964 0.168248 -0.192958 1.850895 -0.382144 -0.251854 1.817380 0.171002 -0.263639 1.885440 -0.117399 0.035304 2.003549 -0.106870 -0.028472 1.942909 -0.188007 -0.114453 1.914028 -0.017842 -0.108097 1.940620 -0.190986 -0.542156 1.961028 -0.005165 -0.507064 1.822177 -0.155636 -0.964932 2.075098 0.007116 -0.920729 1.689199 -0.138128 -1.000238 1.985061 0.026580 -0.964885 1.588890 
-0.111141 0.612726 1.967460 -0.117428 0.419306 1.985296 -0.304267 0.301773 1.962721 0.073944 0.303270 1.996135 -0.389591 0.053315 1.943093 0.156862 0.032958 2.001011 -0.380987 -0.169940 2.001011 0.176382 -0.187327 1.830120 -0.376137 -0.247273 1.797350 0.178786 -0.257823 1.846301 -0.110078 0.038322 1.978573 -0.100623 -0.025478 1.917816 -0.182553 -0.111104 1.890449 -0.012054 -0.105476 1.913565 -0.191137 -0.535101 1.917527 -0.003023 -0.505754 1.809535 -0.152940 -0.960182 2.063866 0.007490 -0.920830 1.674865 -0.136066 -0.995336 1.973992 0.026813 -0.965210 1.574655 
-0.102261 0.615530 1.944781 -0.107951 0.422400 1.962178 -0.295665 0.304659 1.941985 0.083273 0.305854 1.969665 -0.382416 0.056512 1.924339 0.166202 0.037256 1.970374 -0.373762 -0.166687 1.970374 0.184232 -0.181644 1.810003 -0.370204 -0.242986 1.777999 0.186441 -0.251972 1.808771 -0.102892 0.041217 1.954701 -0.094537 -0.022587 1.893827 -0.177266 -0.107851 1.868078 -0.006407 -0.102947 1.887511 -0.191254 -0.527771 1.873675 -0.000765 -0.504519 1.797639 -0.149500 -0.954726 2.047516 0.007823 -0.920929 1.661883 -0.133443 -0.989692 1.957648 0.026962 -0.965527 1.561792 
-0.093839 0.618209 1.923350 -0.098892 0.425500 1.940273 -0.287150 0.307768 1.922166 0.092032 0.308640 1.944199 -0.375189 0.059729 1.906383 0.175178 0.041740 1.941341 -0.366797 -0.163707 1.941341 0.191520 -0.176083 1.790588 -0.364274 -0.238973 1.759135 0.193528 -0.246388 1.773713 -0.095865 0.044397 1.931797 -0.088608 -0.019321 1.870759 -0.172062 -0.104112 1.846382 -0.000899 -0.099896 1.862503 -0.191617 -0.519375 1.830066 0.001783 -0.502830 1.785717 -0.144545 -0.947969 2.020002 0.007762 -0.920710 1.651596 -0.129367 -0.982837 1.930322 0.026374 -0.965455 1.551962 
-0.085614 0.620869 1.901269 -0.089808 0.428688 1.917770 -0.278489 0.310999 1.902017 0.100632 0.311614 1.918179 -0.367715 0.062962 1.888681 0.184320 0.046631 1.911380 -0.360000 -0.161119 1.911380 0.198627 -0.170958 1.771572 -0.358323 -0.235340 1.740444 0.200504 -0.240863 1.739282 -0.088738 0.047906 1.908545 -0.082635 -0.015712 1.847405 -0.166857 -0.100047 1.824661 0.004681 -0.096453 1.837184 -0.191955 -0.509784 1.783790 0.004380 -0.500963 1.774255 -0.135030 -0.938461 1.980345 0.007633 -0.920455 1.641930 -0.120798 -0.972812 1.890845 0.025698 -0.965351 1.542670 
-0.078052 0.623277 1.880657 -0.081377 0.431668 1.896520 -0.270358 0.314060 1.883157 0.108522 0.314419 1.893861 -0.360446 0.065990 1.871955 0.192730 0.051198 1.883854 -0.353665 -0.158810 1.883854 0.205037 -0.166324 1.753833 -0.352745 -0.232078 1.723036 0.206831 -0.235853 1.707882 -0.082068 0.051243 1.886744 -0.077066 -0.012283 1.825532 -0.161971 -0.096161 1.804321 0.009859 -0.093177 1.813551 -0.192100 -0.501072 1.742042 0.006990 -0.499111 1.763303 -0.124348 -0.928595 1.935599 0.007294 -0.920109 1.633559 -0.111004 -0.962500 1.846105 0.024688 -0.965127 1.534742 
-0.071099 0.625344 1.860675 -0.073581 0.434428 1.876590 -0.262719 0.316970 1.865302 0.115777 0.317094 1.870864 -0.353423 0.068831 1.856055 0.200487 0.055476 1.858199 -0.347765 -0.156813 1.858199 0.210847 -0.162090 1.737239 -0.347521 -0.229228 1.706833 0.212535 -0.231269 1.679292 -0.075813 0.054403 1.866129 -0.071857 -0.009005 1.804817 -0.157385 -0.092442 1.785087 0.014709 -0.090004 1.791075 -0.191862 -0.493031 1.703542 0.009570 -0.497260 1.752836 -0.113231 -0.918887 1.890043 0.006784 -0.919685 1.626265 -0.100772 -0.952358 1.800531 0.023425 -0.964800 1.527914 
-0.064806 0.627090 1.841714 -0.066412 0.436981 1.857412 -0.255617 0.319717 1.848387 0.122388 0.319582 1.849097 -0.346729 0.071435 1.840994 0.207600 0.059469 1.834148 -0.342239 -0.155158 1.834148 0.216096 -0.158277 1.721602 -0.342659 -0.226836 1.691776 0.217650 -0.227126 1.653232 -0.070016 0.057385 1.846539 -0.067056 -0.005922 1.785167 -0.153129 -0.088926 1.766833 0.019153 -0.087023 1.769899 -0.191373 -0.485759 1.668326 0.012064 -0.495461 1.742880 -0.100124 -0.908700 1.843030 0.006113 -0.919168 1.620178 -0.088483 -0.941539 1.753463 0.021925 -0.964367 1.522336 
-0.059105 0.628405 1.823607 -0.059859 0.439298 1.839173 -0.249024 0.322272 1.832261 0.128365 0.321916 1.828509 -0.340387 0.073821 1.826659 0.214090 0.063173 1.811735 -0.337126 -0.153783 1.811735 0.220874 -0.154885 1.706991 -0.338142 -0.224790 1.677740 0.222235 -0.223487 1.629486 -0.064649 0.060158 1.827924 -0.062622 -0.003040 1.766492 -0.149179 -0.085621 1.749481 0.023258 -0.084224 1.749812 -0.190699 -0.479285 1.636450 0.014436 -0.493713 1.733393 -0.085050 -0.897746 1.791982 0.005324 -0.918548 1.615283 -0.074004 -0.929740 1.702103 0.020271 -0.963828 1.517962 
-0.054022 0.629349 1.806164 -0.053936 0.441390 1.821874 -0.242953 0.324683 1.816866 0.133716 0.324074 1.809079 -0.334400 0.075960 1.812991 0.219931 0.066595 1.790884 -0.332430 -0.152696 1.790884 0.225148 -0.151831 1.693272 -0.333958 -0.223089 1.664561 0.226305 -0.220257 1.607773 -0.059739 0.062743 1.810262 -0.058572 -0.000334 1.748756 -0.145531 -0.082485 1.732890 0.026988 -0.081598 1.730860 -0.189912 -0.473512 1.607673 0.016704 -0.492065 1.724415 -0.069341 -0.886662 1.740529 0.004294 -0.917882 1.611180 -0.058746 -0.917679 1.650149 0.018330 -0.963185 1.514376 
-0.049718 0.629676 1.788032 -0.048645 0.443227 1.803774 -0.237330 0.326978 1.800511 0.138341 0.326091 1.788960 -0.328664 0.077876 1.798740 0.225103 0.069742 1.770033 -0.328096 -0.152030 1.770033 0.228961 -0.148768 1.679548 -0.330122 -0.221867 1.651502 0.229877 -0.217389 1.587026 -0.055236 0.065173 1.791649 -0.054886 0.002260 1.730017 -0.142145 -0.079426 1.715273 0.030346 -0.079036 1.710903 -0.188865 -0.468434 1.580796 0.018855 -0.490592 1.715473 -0.046799 -0.869568 1.677746 0.003066 -0.917296 1.607322 -0.036875 -0.897983 1.586586 0.016175 -0.962477 1.510992 
-0.046442 0.629396 1.768678 -0.044171 0.444622 1.784440 -0.232493 0.328882 1.783171 0.142220 0.327953 1.768779 -0.323516 0.079460 1.783352 0.229451 0.072591 1.749286 -0.324243 -0.151982 1.749286 0.232019 -0.146232 1.664700 -0.326646 -0.221309 1.637358 0.232838 -0.214866 1.566813 -0.051295 0.067406 1.772381 -0.051659 0.004665 1.710687 -0.139149 -0.076633 1.697001 0.033303 -0.076642 1.690528 -0.187662 -0.463886 1.554845 0.020716 -0.489164 1.705626 -0.016957 -0.839576 1.619519 0.001344 -0.916362 1.605191 -0.008583 -0.867797 1.527962 0.013482 -0.961328 1.509375 
-0.043874 0.628759 1.749607 -0.040352 0.445775 1.765885 -0.228322 0.330599 1.766252 0.145361 0.329585 1.749191 -0.318889 0.080778 1.768294 0.233116 0.075151 1.729728 -0.320893 -0.152205 1.729728 0.234581 -0.143842 1.650219 -0.323653 -0.221085 1.623638 0.235323 -0.212645 1.548130 -0.047874 0.069388 1.753773 -0.048904 0.006832 1.692001 -0.136572 -0.074090 1.679170 0.035809 -0.074480 1.671035 -0.186486 -0.459846 1.530916 0.022377 -0.488399 1.695997 0.009201 -0.815164 1.569905 0.000830 -0.915944 1.601949 0.016105 -0.843264 1.478017 0.012313 -0.960815 1.506420 
-0.042022 0.627956 1.731035 -0.037358 0.446650 1.747425 -0.224930 0.332010 1.749140 0.147725 0.330986 1.729982 -0.314891 0.081739 1.752808 0.236055 0.077440 1.710910 -0.318147 -0.152677 1.710910 0.236498 -0.141932 1.635536 -0.321254 -0.221155 1.609530 0.237282 -0.210718 1.530568 -0.045057 0.071121 1.735348 -0.046666 0.008754 1.673505 -0.134445 -0.071817 1.661457 0.037847 -0.072549 1.651831 -0.185346 -0.456292 1.508590 0.023837 -0.487897 1.686626 0.011564 -0.806209 1.520657 0.000429 -0.915535 1.599185 0.016604 -0.835202 1.427293 0.011278 -0.960285 1.503911 
-0.040994 0.626865 1.712260 -0.035250 0.447262 1.728891 -0.222365 0.333220 1.731975 0.149240 0.332159 1.711049 -0.311576 0.082357 1.737034 0.238242 0.079538 1.692730 -0.316025 -0.153287 1.692730 0.237932 -0.140281 1.620671 -0.319403 -0.221425 1.595258 0.238749 -0.209063 1.514127 -0.042861 0.072635 1.717068 -0.044967 0.010453 1.655189 -0.132803 -0.069783 1.643600 0.039416 -0.070835 1.633192 -0.184258 -0.453200 1.487815 0.025095 -0.487609 1.677066 0.011246 -0.799366 1.474596 0.000083 -0.915158 1.596643 0.014443 -0.829437 1.379821 0.010343 -0.959793 1.501593 
-0.041441 0.625200 1.690284 -0.035285 0.447430 1.707225 -0.221714 0.334057 1.711170 0.148910 0.333191 1.689586 -0.309701 0.082517 1.717187 0.238893 0.081544 1.672854 -0.315302 -0.154022 1.672854 0.238259 -0.138796 1.601929 -0.318847 -0.222061 1.576898 0.238915 -0.207723 1.496502 -0.042187 0.073916 1.695812 -0.044611 0.011968 1.633919 -0.132371 -0.067969 1.622517 0.039796 -0.069278 1.611915 -0.183382 -0.450659 1.466961 0.025880 -0.487417 1.665571 0.008062 -0.794741 1.430399 -0.000254 -0.914795 1.594210 0.009586 -0.826036 1.334319 0.009490 -0.959328 1.499376 
-0.043308 0.623647 1.666145 -0.037162 0.447742 1.683425 -0.222840 0.334884 1.687813 0.146892 0.334275 1.666628 -0.309521 0.082720 1.693922 0.237827 0.083634 1.651520 -0.316063 -0.154611 1.651520 0.237358 -0.137342 1.579823 -0.319936 -0.222372 1.554741 0.238214 -0.206437 1.478724 -0.042879 0.075143 1.672789 -0.045441 0.013365 1.610952 -0.133029 -0.066326 1.599609 0.039123 -0.067784 1.589280 -0.183084 -0.450222 1.447026 0.025808 -0.486710 1.650577 0.000651 -0.792790 1.386098 -0.000568 -0.914444 1.591709 0.000978 -0.824520 1.289232 0.008679 -0.958835 1.497038 
-0.046245 0.621883 1.641324 -0.040291 0.447929 1.659555 -0.224963 0.335492 1.664120 0.143499 0.335358 1.643385 -0.310249 0.083076 1.670483 0.235940 0.085647 1.630791 -0.317600 -0.155087 1.630791 0.235807 -0.136030 1.557439 -0.321695 -0.222689 1.532515 0.236784 -0.205232 1.461380 -0.044457 0.076212 1.649837 -0.047060 0.014586 1.588096 -0.134357 -0.064828 1.576737 0.037702 -0.066410 1.566926 -0.182945 -0.450310 1.428114 0.025330 -0.485846 1.635093 -0.008206 -0.792151 1.344849 -0.000826 -0.914083 1.589321 -0.008952 -0.824280 1.247320 0.007944 -0.958311 1.494783 
-0.050217 0.620121 1.616188 -0.044750 0.447950 1.634992 -0.228345 0.336008 1.639779 0.138765 0.336334 1.619835 -0.312155 0.083622 1.645991 0.232990 0.087790 1.609953 -0.320031 -0.155428 1.609953 0.233392 -0.134680 1.533622 -0.324462 -0.222923 1.508526 0.234542 -0.204050 1.444079 -0.047137 0.077074 1.626338 -0.049674 0.015578 1.564741 -0.136564 -0.063594 1.553447 0.035297 -0.065176 1.544093 -0.183136 -0.450971 1.410044 0.024353 -0.484737 1.618325 -0.018740 -0.792851 1.306537 -0.000995 -0.913662 1.586838 -0.020378 -0.825333 1.208473 0.007305 -0.957716 1.492409 
-0.053661 0.618781 1.593504 -0.051823 0.448226 1.606564 -0.234081 0.336670 1.610704 0.131230 0.337095 1.592773 -0.316739 0.084428 1.616119 0.227404 0.090383 1.586009 -0.324599 -0.155270 1.586009 0.228646 -0.132527 1.504164 -0.329419 -0.222623 1.478885 0.230070 -0.202251 1.423527 -0.052174 0.077842 1.598774 -0.054409 0.016419 1.537345 -0.140725 -0.062419 1.525735 0.030805 -0.063953 1.517656 -0.183735 -0.452354 1.391808 0.022057 -0.482490 1.594749 -0.030240 -0.794753 1.270702 -0.000947 -0.912789 1.582040 -0.032460 -0.827502 1.172250 0.006854 -0.956850 1.487784 
-0.057329 0.617527 1.571775 -0.059239 0.448516 1.579540 -0.240254 0.337177 1.582696 0.123303 0.337748 1.567029 -0.321852 0.085275 1.587265 0.221385 0.092861 1.563230 -0.329628 -0.154995 1.563230 0.223517 -0.130485 1.475330 -0.334763 -0.222202 1.449723 0.225109 -0.200562 1.403747 -0.057618 0.078424 1.572353 -0.059486 0.017046 1.511062 -0.145175 -0.061483 1.499120 0.025936 -0.062906 1.492280 -0.184513 -0.454078 1.374684 0.019419 -0.480228 1.570365 -0.042182 -0.797405 1.238281 -0.000791 -0.911812 1.576099 -0.044799 -0.830359 1.139528 0.006528 -0.955910 1.481992 
-0.061362 0.616371 1.550442 -0.067645 0.448803 1.552571 -0.247292 0.337438 1.554421 0.114419 0.338299 1.541415 -0.328062 0.086545 1.557805 0.214262 0.095440 1.540414 -0.335611 -0.154342 1.540414 0.217475 -0.128390 1.445717 -0.340791 -0.221424 1.419773 0.219503 -0.198859 1.384054 -0.063823 0.078848 1.545985 -0.065193 0.017483 1.484860 -0.150187 -0.060741 1.472367 0.020484 -0.061987 1.467197 -0.185500 -0.456126 1.358574 0.016290 -0.477926 1.542226 -0.054364 -0.800733 1.209390 -0.000314 -0.910680 1.566240 -0.057205 -0.833832 1.110399 0.006535 -0.954871 1.472204 
-0.065603 0.615261 1.529491 -0.076623 0.449100 1.526192 -0.255038 0.337315 1.526412 0.105032 0.338736 1.516534 -0.335214 0.087922 1.528388 0.206400 0.098004 1.517966 -0.342277 -0.153339 1.517966 0.210659 -0.126281 1.415927 -0.347271 -0.220304 1.389640 0.212889 -0.197052 1.363843 -0.070594 0.079150 1.520002 -0.071371 0.017786 1.459035 -0.155658 -0.060195 1.445863 0.014586 -0.061169 1.442524 -0.186696 -0.458442 1.343389 0.014128 -0.478920 1.519551 -0.066715 -0.804606 1.183650 0.000400 -0.910009 1.551662 -0.069614 -0.837793 1.084467 0.006777 -0.953714 1.457514 
-0.071035 0.614234 1.506651 -0.087880 0.449618 1.496994 -0.264499 0.337678 1.495407 0.093884 0.339063 1.489838 -0.344612 0.089944 1.495409 0.196193 0.100885 1.493338 -0.351301 -0.150772 1.493338 0.201836 -0.123846 1.382198 -0.355391 -0.217994 1.355295 0.204301 -0.194704 1.340952 -0.079123 0.079755 1.491987 -0.078992 0.018341 1.431405 -0.162569 -0.059343 1.417156 0.007491 -0.060107 1.416714 -0.188245 -0.460859 1.328786 0.011718 -0.480473 1.491226 -0.079135 -0.808668 1.160905 0.002255 -0.908660 1.523371 -0.081842 -0.841890 1.061569 0.008307 -0.951633 1.428996 
-0.076513 0.613300 1.484901 -0.098661 0.450109 1.470080 -0.273558 0.337997 1.466657 0.083060 0.339388 1.464963 -0.353978 0.091955 1.464429 0.186151 0.103515 1.470307 -0.360287 -0.148154 1.470307 0.193188 -0.121471 1.350281 -0.363277 -0.215624 1.323094 0.195894 -0.192415 1.319513 -0.087486 0.080313 1.465765 -0.086497 0.018879 1.405455 -0.169368 -0.058526 1.390112 0.000405 -0.059057 1.392367 -0.189849 -0.463321 1.315111 0.009387 -0.482185 1.461594 -0.091166 -0.812855 1.140762 0.004764 -0.906804 1.489056 -0.093618 -0.846083 1.041286 0.010532 -0.948931 1.394392 
-0.082712 0.612685 1.462623 -0.110276 0.450998 1.442804 -0.283415 0.338767 1.436520 0.070820 0.340229 1.438708 -0.365465 0.094355 1.430076 0.174868 0.105959 1.446183 -0.371642 -0.144842 1.446183 0.182936 -0.119460 1.314159 -0.373024 -0.212514 1.286897 0.186411 -0.190305 1.297088 -0.096728 0.081091 1.438605 -0.094808 0.019641 1.378478 -0.176907 -0.057454 1.361605 -0.007523 -0.057661 1.367212 -0.191560 -0.465756 1.302086 0.006457 -0.483570 1.425510 -0.102675 -0.816980 1.123282 0.007360 -0.902798 1.438426 -0.104808 -0.850189 1.023664 0.012928 -0.943870 1.343365 
-0.088951 0.612205 1.441231 -0.121347 0.451905 1.417471 -0.292768 0.339595 1.408638 0.058962 0.341055 1.414172 -0.376327 0.096760 1.398470 0.163879 0.108208 1.423604 -0.382338 -0.141616 1.423604 0.172895 -0.117782 1.280974 -0.382209 -0.209489 1.253531 0.177342 -0.188516 1.276118 -0.105626 0.081896 1.413286 -0.102829 0.020434 1.353305 -0.184112 -0.056393 1.335148 -0.015308 -0.056186 1.343567 -0.193350 -0.468191 1.289702 0.003507 -0.484734 1.389683 -0.113745 -0.821075 1.107691 0.009883 -0.898255 1.386457 -0.115527 -0.854254 1.007954 0.015288 -0.938284 1.291018 
-0.096146 0.611765 1.418648 -0.133486 0.452737 1.390971 -0.302804 0.340841 1.379948 0.045992 0.342308 1.388734 -0.388040 0.099746 1.365571 0.152162 0.110305 1.400398 -0.394113 -0.137921 1.400398 0.162601 -0.116264 1.244998 -0.392114 -0.205798 1.217725 0.167924 -0.186812 1.255174 -0.115328 0.083100 1.387129 -0.111569 0.021697 1.327328 -0.191980 -0.054914 1.307800 -0.023798 -0.054069 1.319233 -0.195412 -0.470508 1.277686 -0.000080 -0.484591 1.348152 -0.124628 -0.824979 1.094125 0.011978 -0.890296 1.320898 -0.125997 -0.858128 0.994282 0.017321 -0.929211 1.225074 
-0.103322 0.611334 1.397003 -0.144937 0.453408 1.366492 -0.312258 0.342012 1.353399 0.033706 0.343543 1.365042 -0.398928 0.102601 1.335447 0.141007 0.112213 1.378696 -0.404878 -0.134422 1.378696 0.152620 -0.114948 1.212430 -0.401225 -0.202277 1.185154 0.158820 -0.185316 1.235445 -0.124539 0.084258 1.362884 -0.119879 0.022944 1.303236 -0.199457 -0.053463 1.282450 -0.031893 -0.052013 1.296624 -0.197558 -0.472753 1.266301 -0.003563 -0.484263 1.308245 -0.135123 -0.828786 1.082285 0.013864 -0.882429 1.258248 -0.136067 -0.861904 0.982354 0.019170 -0.920311 1.162101 
